#GraphGenerator.py
# GMT Mon Mar 27 07:49:52 2023
# 
0 1 2 3 4 5 6 7 8 9 10 11 12 13 14 15 16 17 18 19 21 22 25 26 27 28 29 30 31 32 35 37 38 40 47 55 56 57 59 60 61 67 68 72 73 77 82 86 87 90 91 95 96
1 11 16 19 20 23 36 38 47 51 52 69 92 97
2 11 12 13 14 19 24 28 29 30 35 37 54 55 62 73 75 81 96 99
3 11 12 13 14 15 18 21 23 25 27 28 35 44 47 53 61 85
4 11 12 14 15 18 32 39 43
5 11 12 13 14 15 16 17 19 22 23 24 26 28 29 30 31 34 38 39 41 44 46 48 52 63 67 69 73 74 81 91
6 11 12 13 15 16 19 22 23 25 30 31 32 37 40 48 54 63 64 65 70 75
7 11 12 15 17 20 25 26 27 29 36 43 46 47 67 74 86 92
8 11 12 13 14 17 20 24 26 33 60 68 71 73 84 85
9 11 13 14 16 18 20 25 26 37 43 45 52 53 56 61 67 69 70 71 72 79 82 98
10 12 13 15 16 21 23 24 27 30 33 34 35 41 45 58 60 62 69 72 76 85 95
11 12 13 14 16 17 18 19 20 22 24 32 33 35 37 38 40 41 42 43 44 46 47 49 50 54 59 61 62 63 66 68 70 71 79 80 81 82 84 91 93 94 97 98
12 13 14 15 16 17 18 19 20 21 22 24 25 27 28 29 31 35 38 39 44 45 46 47 50 52 53 57 65 71 76 80 81 82 84 86 87 88 89
13 14 15 16 17 18 19 20 21 22 23 24 25 28 29 30 32 34 35 36 38 40 41 43 46 47 49 50 51 53 55 56 58 59 60 62 66 70 73 74 78 79 83 86 87 92 94 95 98 99
14 15 16 17 18 19 20 22 24 25 27 33 36 37 39 42 45 49 57 61 63 64 65 83 85 93 96
15 17 18 20 21 27 31 32 33 34 36 39 40 50 57 58 62 64 70 71 73 78 83 91
16 17 21 22 25 33 36 40 44 47 52 54 55 58 61 63 67 70 72 74 76 78 83 88 90 94 95 97
17 18 21 23 31 34 48 50 53 58 64 65 69 77 84 88 89 91
18 19 21 22 26 28 29 30 35 40 41 47 49 50 53 55 60 64 80 86 97 98
19 20 23 26 27 29 32 33 42 44 48 50 51 52 58 60 62 63 64 66 70 71 73 74 80 81 83 87 88 89 97
20 21 23 27 28 33 34 44 46 49 50 51 56 61 67 68 78 79 83 93
21 22 24 26 28 38 54 58 59 65 68 94
22 23 24 26 29 31 33 34 36 40 41 48 51 57 58 64 68 75 76 88 94 96 97
23 30 31 33 34 35 43 48 53 54 55 62 67 69 75 79 81 82 84 94
24 25 28 30 36 39 40 41 43 45 46 60 89 98
25 26 27 32 36 38 42 44 48 59 72 78 81 99
26 29 38 40 41 44 45 47 49 68 72 74 84 85 86 87 90 99
27 30 32 39 46 51 55 59 61 69 77 80 94 96
28 31 34 37 41 42 51 52 54 58 59 66 87 99
29 42 48 53 76
30 31 32 36 57 63 82 99
31 34 37 48 49 72 91
32 41 45 46 54 55 77 79 90 92 95
33 35 37 39 46 56 60 63 70 90
34 37 39 42 43 45 49 53 55 56 62 77 78 80 83 86
35 44 45 50 54 60 61 65 69 75 77 81 84 86 89
36 39 42 93
37 38 43 52 57 60 66 79 85 92 95 96
38 66 68 78 81 83 87 91 92 97
39 45 49 51 52 56 65 71 80
40 42 59 67 75 88 96
41 42 55 56 77 93 94 98 99
42 43 61 72 80 85 87 94
43 79 83
44 51 58 74 98
45 48 50 62 64 84 85 88 96
46 65 73 76 89
47 51 52 54 65 72 85 86 99
48 49 67 75 76 79 85
49 68 88
50 57 64 66 68 89 99
51 65 80
52 53 57 80 82 88
53 56 57 63 69 71 83 87 96
54 59 70 76
55 56 62 71 75
56 59 75 92
57 74
58 64 70 73 77 89 92 93
59 67 72 74 78 82 90 92
60 63 69 76 91 98
61 78 91
62 66 71 77 81
63 66 75
64 66
65 88
66 84
67 95
68 73 76 93
69 82 90 93
70
71
72 74 97
73 78 79 89 90 93
74 77 84 89 94
75
76 92
77 96
78 86 90
79 95
80
81 82
82 87 91 98
83
84 95
85 98 99
86
87 90
88
89 97
90
91 97
92 93
93
94 95
95
96
97
98
99
