#GraphGenerator.py
# GMT Tue Mar 28 14:10:32 2023
# 
0 5 6 11 15 17 18 23 43 65 66 69 74 86 89
1 3 13 15 23 42 57 86 93
2 5 6 18 25 38 42 58 60 82
3 6 10 13 21 25 30 37 70 91
4 15 21 25 28 29 48 49 58 65 73 76 94
5 11 19 24 28 40 45 50 62 76 84 97
6 31 33 35 50 51 63 64 66 69 73 82 87 99
7 8 12 15 16 17 26 29 51 63 66 77 97
8 11 18
9 15 18 35 37 42 43 56 59 63 70 89
10 30 46 47 55 57 62 72 75 85 90
11 15 16 18 19 22 27 29 30 37 57 61 69
12 13 23 38 40 43 55 78 83 89 94
13 22 28 46 47 65 77 81 88 98
14 17 24 47 64 66 70 74 77 97
15 47 57 84 87
16 22 27 37 40 51 53 56 82 94
17 27 33 35 45 66 73 75 82 84 90 99
18 25 34 40 45 75 87 98 99
19 20 29 30 34 37 62
20 21 58 66 67 70 73 77 93
21 37 44 54 56 63 73
22 27 29 49 61 64 66 73 76 80
23 25 31 42 44 53 90 96
24 25 37 38 46 50 62 67 69
25 63 68 71 82
26 33 38 69 77 82
27 30 44 56 64
28 40 45 63 78 81 82 92
29 44 77 78 81 86
30 36 41 56 57 67 81 99
31 33 35 39 49 51 56 57 61 70 92
32 34 35 40 42 68
33 43 66 68 73 80 92
34 35 47 54 57 64 70 82
35 44 56 63 71 80 81 83
36 43 44 55 61 63 72 89
37 79 84 87
38 46 75 89
39 46 52 56 61 68 72 90 94
40 41 42 48 65 66 86
41 42 56 67 68 73 76 78 88
42 51 52 53 61 73 74 79 92 96
43 47 75 90
44 48 52 91
45 56 75 81 97 99
46 56 69 76 79 91
47 50 55 57 60 67 73 93 96
48 70 75 99
49 50 53 56 61 69 73 79 82 89 94 97
50 65 70 97
51 59 67 70 82 85 99
52 80 85 90
53 61 62 64 65 97
54 57 64 72 73 80 91
55 63 70 79 95
56 59 62 77 95 96
57 64 87 90 99
58 59 67
59 84 91
60 64 68 73 83 92 98
61 64
62 63 85 89 91 99
63 66 82 85
64 79 84 89
65 72
66 75
67 70 75 83 97
68 76 78 83
69
70 86 89 96
71 72 91
72 80
73
74 83 88
75 89
76 94 95
77 90
78 91 92
79
80 83 85 94 95 99
81 88 95
82 88
83 84 86 87 90 91
84
85
86
87 94
88 98
89 98
90
91
92
93 99
94
95 98
96
97
98
99

!72