#GraphGenerator.py
# GMT Mon Mar 27 07:49:52 2023
# 
7 26 96 95 94 80 43 56 88 69 13
26 13 34 47 0 28 17 73 41 50
29 32 50 30 99 15 58 18 75 13 92
32 78 41 16 19 0 20 85 33 42
36 89 5 24 98 8 93 69 1 31 4
89 1 64 53 75 99 81 5 52 92
40 50 21 24 16 53 66 51 20 23 37
50 95 62 80 38 3 69 78
11 23 83 92 60 64 63 72 66 43 47
23 90 99 25 1 9 64 68 27
10 27 39 6 90 38 51 19 79 65 82
27 92 82 16 77 54 67 66 28
81 96 64 75 90 46 77 3 55 28
96 43 62 46 19 49 15 94 34
73 92 78 57 25 66 84 61 53 79
92 60 66 61 83 37
39 90 94 57 93 86 63 67 38 3
90 80 88 57 95 41 71
51 64 45 9 74 55 35 30 88
64 76 98 70 53 72
22 37 74 87 30 17 85 94 4 15 65
37 28 0 52 61 46 59 45
2 68 17 91 77 63 38 47 28 14 65
68 35 78 38 60 6 99 1 76
13 65 78 31 62 34 4 98
65 47 14 33 53 17 99
78 30 19 84 66 88
24 74 49 9 44 20 30 12 5
74 16 41 71 87 77 61 56
16 70 69 82 25 43 52
70 77 47 8 3 85 62 54 49
43 77 31 12 95 52 61
18 21 76 66 1 33 28 17 12 54
21 72 19 6 28 98 1 20 84
77 34 57 52 72
5 87 49 44 12 84 61 42
87 30 49 25 47 12 83 9
80 9 15 48 97 83 14 44
9 85 20 4 46 41
85 15 56 75 59 54 79
42 82 91 44 84 69 4 49 0
82 54 3 28 31 95 75
95 86 57 52 33 47
91 34 98 54 19 49 97 25 67
25 38 79 97 56 48
38 79 55 54 67
54 83 86 56
83 46 57 49 52 48
94 31 99 45 3 71 93
62 48 72 66 93 55 79
3 19 41 17 47
19 35 61 8
84 93 8 14 75 52
93 0 63 58 34 35
12 86 44 56 79 35
86 56 75 57 0 97 6
20 99 46 55 59 45
99 59 76 46
88 14 71 55 28 72 53
47 97 58
69 76 98 79 30 97
76 31 46 79 52 71
8 45 31 44 6 48 75
31 98 45 44
41 60 44 72 53
1 53 33 4 6
53 0 63
17 61 59 45 4
61 34 97
6 33 58 67 71
33 60 63 58 52
98 14 48 60
0 75 56 48
75 71
57 60 59 67
34 67 63 44
35 14 71 56 4 79
46 28 48
79
30 4 63 14
49 97 59
97 66 58
44 58
56 45
60 14 67 59
14 55
15 72 48 66 4 58
72 45 67
45 48
28
4
67 55
59 55 58
55 71
71 63
63 58
52
48
66
58
