#GraphGenerator.py
# GMT Wed Mar 29 16:57:00 2023
# 
0 1 99 2 98 3 97 96 5 95 55
1 2 3 99 4 98 5 97 6 96
2 3 4 5 99 6 98 7 97
3 4 5 6 7 99 98 22 96 44
4 5 6 7 8 99 15 17 89
5 6 7 8 9 10
6 7 8 9 10 11 24
7 8 9 10 11 12
8 9 11 12 13 97
9 10 11 12 13 14 75
10 11 12 13 14 15 22 61
11 12 13 14 15 16
12 13 14 16 17 64
13 14 15 16 17 25
14 15 16 17 18 19
15 17 18 20 72
16 18 19 20 21 89 38 62 51
17 18 19 20 22
18 19 20 21 22 23
19 20 21 22 24 75
20 21 22 23 24 25 74
21 22 23 24 25 66
22 24 26 27
23 24 25 26 27 28
24 25 26 28 29
25 26 27 28 29 30
26 27 28 29 31 75 69
27 28 29 30 32 67
28 29 30 31 32 33
29 30 31 32 33 34 82
30 31 32 33 34 35
31 32 33 34 36 85
32 33 35 36 37 48
33 34 35 36 37 38
34 35 36 37 38 39
35 36 37 38 39 40
36 37 38 39 40 41 83
37 38 39 40 41 42
38 40 41 42 43
39 40 41 42 43 70 93
40 41 42 43 44 45
41 42 43 44 45 74
42 43 44 45 46 47
43 44 45 47 48 49
44 45 46 47 48 49
45 46 47 48 49 50
46 47 48 49 51 85
47 48 49 51 52 67 80
48 49 50 51 52 64
49 50 51 52 53 54
50 51 52 53 54 55
51 52 53 54 56
52 53 54 55 59 97
53 54 55 56 57 58
54 55 56 57 58 59 64
55 56 57 58 59 60
56 57 58 59 60 61 90 83
57 58 60 61 62 99
58 59 60 61 62 63
59 61 62 63 64 67 91
60 61 62 63 64 65
61 62 63 64 65
62 63 65 66 67
63 64 65 66 67 68
64 65 66 67 69
65 66 67 68 69 70
66 67 68 69 70 71
67 68 69 70 71 72
68 69 70 71 72 73 91
69 70 71 72 73 74
70 71 73 74 75
71 72 73 74 75 76
72 73 74 75 76 77
73 74 75 76 77 78 81
74 75 76 77 79
75 76 77 79
76 77 78 79 80 81
77 78 79 80 81 82
78 79 80 81 82 83
79 80 81 82 83 84
80 81 82 83 85
81 82 83 84 86
82 83 84 85 87
83 84 85 87
84 85 86 87 88 89
85 86 87 88 89 90
86 87 88 89 90 91
87 88 89 90 92 93
88 89 90 91 92 93
89 90 91 92 93 94
90 91 93 94 95
91 92 93 95
92 93 94 95 96 97
93 94 95 96 97 98
94 95 96 97 98 99
95 96 97 98 99
96 98 99
97 98 99
98 99
99

!81