#RandomGeneratorDifficultGraph.py
# GMT Tue Jul 18 16:25:37 2023
# 
0 4 7 9 11 12 22 34 35 57 71 79 83 89
1 9 18 27 28 32 33 37 49 55 60 82 83
2 6 33 59 62
3 4 6 29 32 36 42 54 55 58 62 64 76 85 87
4 13 15 19 37 43 45 47 48 63 80 90 96 99
5 18 24 25 39 60 61 69 84
6 9 15 39 41 52 67 68 73 90
7 9 15 27 35 63 64 75 81 92 99
8 12 13 14 27 32 52 56 57 64 65
9 11 35 43 48 65 73 77 94
10 26 29 42 54 57 59 63 80 94
11 35 43 44 53 54 68 74 84 88 90
12 15 19 28 44 69 72 77 78 83 89 96
13 17 18 23 33 42 45 49 65 74 76
14 45 72 90
15 29 32 70 82 89 90
16 38 45 54 57 66 95 99
17 19 38 53 55 61 72 73 77 80 85 90 98 99
18 21 27 44 62 68 79 94
19 33 43 44 57 60 61 67 83 89 94
20 32 35 43 54 71 83 86 90 94
21 29 30 40 44 50 61 73 80 87 88 91 99
22 54 63 66 75
23 28 46 57 60 85
24 38 47 48 65
25 28 33 57 58 65 71 78
26 35 43 48 85 95
27 36 52 53 58 69 73 76 83 89 98
28 34 43 75 85 86 89 98
29 37 58 70 75 76 80
30 31 41 52 56 71 81 83
31 33 36 59 61 73 87 93
32 37 42 49 52 55 66 87 97
33 38 47 55 60 74 91 93
34 35 39 43 47 69 77 78 80 91
35 40 44 87 90 94 97
36 40 44 49 74 75 80 98
37 48 55 96
38 47 63 66 73 81 99
39 46 61 68 71 74 78 88 98
40 46 57 73 76 78 94
41 45 47 62 67 84 89 96
42 45 53 55 60 62 77 96
43 50 55 61 65 73 77
44 45 88 95 97
45 55 63 82 97
46 58 67 75
47 53 91 98
48 75
49 52 58 64 67 71 75 89 91 94
50 59 86 88 98
51 72 83 87 91 94
52 66 68 80 89 90 93 94
53 58 71 79 80 84 86 98
54 65 66 81 94
55 62 88 92
56 61 72 73 74 90 94
57 59 68 74 75
58 59 63 68 75 80 94 99
59 69 72 91 93
60 63 83 87
61 64 77 80 99
62 72 78
63 66 70 79
64 65 69 70 73 78 89 90 92
65 69 77 84 97
66 86 88 89
67 72 91 98
68 71 73 75 80
69 95
70
71 82 95 98 99
72
73 77 82
74 93
75 87 88
76 84 87 88
77 83 98
78 89
79 96
80
81 85 87 91 99
82 89 94 95 97
83
84 89 92
85 95 99
86
87
88 92
89 92
90 94
91
92
93 96
94
95 96 98
96 98
97
98
99

!75