#RandomGeneratorGraph.py
# GMT Thu Jul 13 14:13:24 2023
# 
0 1 4 5 6 9 10 12 14 15 17 20 21 22 24 25 26 27 28 29 30 31 32 33 34 35 36 38 40 43 44 48 51 52 55 56 57 58 60 61 62 65 66 67 69 70 71 72 73 76 77 78 79 82 84 85 87 88 89 90 92 98 99 100 101 103 104 105 106 107 108 109 112 113 114 115 116 121 124 125 126 128 129 131 132 133 134 135 136 138 139 140 141 142 143 144 145 147 148
1 3 4 5 7 10 11 14 15 17 18 19 21 22 25 27 30 31 32 34 37 38 42 43 44 45 47 48 49 51 52 53 56 57 58 61 62 66 69 71 73 74 76 80 81 82 87 88 89 90 91 95 98 99 100 101 102 104 106 107 110 112 113 115 116 118 119 120 121 123 125 128 129 130 131 133 134 136 137 138 139 140 144 145 148
2 4 5 6 7 8 9 11 15 16 17 18 21 22 23 24 25 26 27 28 29 30 31 32 34 36 38 39 41 43 47 48 49 51 53 55 56 63 64 65 68 69 72 73 75 76 77 78 79 81 82 83 84 85 86 87 89 90 92 93 94 95 97 100 101 102 103 104 105 108 110 111 112 114 117 120 123 127 128 129 130 131 133 136 137 138 140 144 147
3 6 9 11 12 13 14 17 19 20 21 22 24 25 26 27 31 32 33 34 35 36 41 42 45 46 47 48 50 52 56 57 58 59 60 61 62 63 64 65 66 67 70 72 73 74 75 76 79 81 83 86 87 89 90 91 92 93 94 96 100 105 114 115 118 119 121 122 123 124 126 127 129 130 133 136 137 139 140 142 143 144 146
4 5 7 8 9 12 13 17 20 21 24 26 28 32 33 34 35 37 39 42 43 44 45 46 47 48 49 51 52 57 59 61 62 63 64 65 66 68 69 70 72 73 76 79 80 81 83 86 88 89 91 92 93 94 97 98 100 101 102 103 104 110 114 115 117 118 120 121 122 123 124 125 127 133 135 139 140 142 143 145 146 147 148 149
5 8 9 10 12 13 14 16 17 21 22 23 24 25 26 29 30 32 37 40 41 42 43 44 45 46 47 50 51 52 53 55 56 57 59 60 61 63 71 72 73 78 81 82 84 85 86 88 90 91 93 94 95 96 97 98 100 101 102 105 107 108 111 113 116 118 124 125 128 129 130 133 134 136 137 138 140 141 142 146 147 148 149
6 7 10 12 13 14 15 16 18 22 23 24 31 32 34 36 37 38 39 40 41 42 43 44 46 47 49 50 53 55 57 60 61 63 64 65 66 68 71 74 75 76 79 80 81 83 84 85 86 91 92 94 95 97 99 100 102 103 104 107 108 110 111 113 114 115 120 121 122 125 126 128 129 130 131 132 134 136 137 138 140 141 142 143 144 146 149
7 8 9 14 15 16 17 18 19 20 21 23 25 26 27 29 30 31 32 34 35 38 40 41 42 43 44 47 48 50 51 52 53 54 55 56 59 61 62 63 65 71 74 75 76 77 80 81 82 83 84 85 86 87 88 89 90 91 92 93 95 96 100 101 103 105 107 110 112 114 115 116 118 122 126 127 129 131 132 134 136 137 138 140 141 142 143 144 145 146
8 11 13 14 15 16 19 21 25 26 27 28 30 33 34 37 39 40 43 45 47 49 50 54 55 56 59 60 61 62 65 66 67 68 69 70 74 75 79 80 84 85 86 91 92 96 97 98 99 106 107 109 111 112 114 116 117 119 120 121 122 125 126 127 128 129 130 131 132 133 135 136 137 142 143 144 145 146 147 148 149
9 10 11 13 14 15 17 18 19 20 22 24 26 28 29 30 31 32 33 34 37 39 41 42 43 45 46 47 49 52 53 55 59 62 63 64 65 69 71 73 74 75 76 78 79 81 85 89 90 91 93 94 95 96 97 99 102 104 105 106 108 109 110 111 112 113 117 119 121 122 124 125 126 129 134 136 138 140 141 142 143 144 145 147
10 12 15 16 17 18 20 21 22 24 25 28 29 31 32 33 34 36 37 38 39 44 45 48 50 51 53 54 56 57 58 60 61 62 63 65 69 70 73 74 75 77 78 81 82 85 87 88 89 90 91 92 93 94 96 99 101 103 104 105 106 108 110 111 112 113 114 115 116 118 119 121 123 124 125 126 127 131 133 134 135 140 141 142 143 145 147 148
11 13 14 17 18 20 21 23 24 29 30 32 34 37 38 39 40 43 44 45 48 52 55 57 58 59 60 61 62 63 65 66 71 72 73 74 78 80 81 83 84 85 87 88 90 91 92 93 94 95 96 97 98 103 104 105 106 107 108 109 112 113 114 117 118 119 120 121 122 123 124 125 126 127 128 129 131 132 133 134 135 136 137 140 141 143 146 148 149
12 13 14 15 16 19 20 22 25 26 27 28 29 30 31 32 33 34 39 40 41 46 47 50 54 55 56 57 58 59 60 61 62 65 66 68 69 71 73 75 76 77 82 83 84 87 88 90 96 97 99 100 103 104 106 107 108 109 112 113 114 115 117 118 119 120 122 124 125 127 128 129 130 131 132 133 135 136 137 138 139 140 144 146 147 148
13 16 17 18 19 20 21 22 23 24 25 27 31 32 33 34 35 38 39 40 41 43 44 45 47 49 50 52 53 55 56 59 60 61 62 63 65 66 69 71 73 74 75 79 80 81 82 83 85 86 87 90 93 94 96 97 98 101 103 104 105 106 108 110 113 114 116 117 120 121 122 123 124 125 128 130 131 132 134 135 139 141 143 145 146 147 148 149
14 16 17 19 20 23 24 25 27 29 31 33 35 36 37 39 40 41 42 43 46 47 48 51 53 54 56 57 58 59 60 61 62 63 64 65 67 68 69 71 72 73 74 75 76 77 80 83 84 85 86 87 88 89 90 91 92 93 97 99 100 101 103 106 107 108 111 112 118 119 121 123 124 126 127 128 129 133 134 135 140 141 143 145 146 147 148 149
15 18 19 20 21 22 23 24 26 27 28 29 30 31 33 34 35 36 39 41 43 45 49 50 51 54 57 58 59 61 62 63 64 65 66 67 69 71 72 75 76 78 84 85 86 88 89 90 92 94 95 96 97 98 99 100 101 104 105 107 108 112 113 115 116 118 119 120 122 123 124 126 128 129 131 132 134 135 136 137 138 139 141 142 144 146 147 148 149
16 18 19 20 21 25 27 28 30 31 32 36 39 40 41 45 48 49 51 54 55 56 57 60 61 67 69 70 72 73 74 75 76 77 79 80 82 83 85 86 87 88 89 91 93 95 96 97 99 101 104 106 107 111 113 115 116 117 120 121 125 126 133 134 136 138 143 144 145 146 147 148 149
17 19 21 22 23 27 28 29 32 33 34 35 37 39 44 48 50 52 54 55 56 59 61 62 64 65 68 70 71 72 73 74 75 76 80 83 88 91 92 93 94 97 98 99 100 101 102 103 107 109 110 111 114 115 117 119 120 121 122 123 125 126 128 129 130 131 132 135 136 137 138 139 142 143 144 145 146 148 149
18 23 25 26 27 30 31 32 33 35 36 37 38 39 40 41 43 44 45 46 47 48 50 51 52 53 54 55 58 61 63 64 65 66 67 68 72 73 74 75 76 77 78 79 80 83 86 87 88 89 91 97 98 99 100 101 103 105 107 109 110 112 114 116 117 118 119 125 126 129 130 133 134 138 139 141 142 143 144 147 149
19 20 23 25 28 29 31 32 33 34 35 38 40 42 45 46 47 49 50 51 52 53 55 57 61 65 66 67 68 70 73 74 76 77 78 79 82 83 86 87 88 89 92 93 95 97 100 101 103 104 105 106 107 108 111 112 113 115 116 117 121 122 124 125 126 129 130 131 132 135 136 138 140 143 144 146
20 22 24 25 26 28 29 30 31 33 34 35 39 43 44 45 46 47 48 50 51 52 55 56 57 58 59 61 63 66 71 72 74 79 81 84 88 91 93 94 95 98 101 102 104 106 109 111 112 113 114 119 123 124 128 130 131 132 133 134 137 139 141 142 144 145 147 148
21 22 28 29 32 34 35 38 42 43 44 45 46 48 49 50 54 55 57 60 63 65 66 68 69 71 73 74 76 78 79 81 83 84 85 86 87 88 90 91 95 97 99 100 101 102 107 108 110 112 113 114 117 118 119 123 125 128 130 133 134 136 137 141 142 143 146 147 148 149
22 23 24 26 29 31 33 34 35 37 39 40 45 46 47 48 49 51 53 54 55 56 57 58 60 61 62 63 65 66 67 71 72 74 75 77 78 79 80 81 84 85 86 87 88 90 91 92 93 94 99 101 102 103 104 108 109 112 113 114 115 116 117 119 122 125 126 129 131 132 133 137 138 139 140 141 142 143 144 145 146 147 148 149
23 24 26 30 32 33 34 35 36 40 42 43 44 45 46 47 50 51 53 54 55 57 59 61 62 64 65 66 67 68 69 72 73 75 80 82 85 86 88 89 90 91 92 93 95 97 98 99 105 106 108 109 110 111 113 117 119 121 123 124 126 128 129 130 131 134 136 137 138 141 143 144 145 147 148
24 25 27 28 30 31 34 35 37 38 39 40 42 43 46 50 51 52 53 54 55 56 57 58 59 61 62 65 66 67 68 71 75 77 78 79 80 81 82 83 85 87 88 89 90 92 93 94 96 97 98 99 101 102 103 104 108 109 110 111 112 114 115 117 118 122 124 126 128 129 130 131 133 134 137 138 139 142 143 145
25 28 30 31 36 37 38 39 40 41 42 45 48 50 51 53 54 55 56 57 60 63 64 67 68 69 71 72 73 74 76 78 82 84 86 87 89 90 91 92 93 94 95 96 97 98 102 105 109 111 112 113 116 117 120 121 122 123 124 125 127 128 131 132 133 134 135 136 137 139 140 142 144 146 148
26 30 33 34 35 37 38 39 41 42 44 47 48 50 51 57 58 60 61 62 63 64 65 66 68 70 71 72 73 74 77 80 81 82 84 85 88 89 90 91 92 93 95 98 99 101 102 103 106 107 109 110 111 112 114 115 116 117 118 122 123 124 125 126 128 130 131 132 133 135 137 138 141 142 143 144 148 149
27 29 33 34 36 37 39 40 41 42 46 47 52 55 57 58 59 61 62 65 67 68 73 74 75 76 77 78 79 80 81 83 85 86 88 90 91 92 93 95 96 101 103 105 108 111 113 114 117 118 119 120 121 122 124 126 128 129 130 132 135 138 140 142 143 145 147 148 149
28 29 30 32 35 38 40 41 43 44 46 48 49 52 55 56 57 58 59 60 61 62 64 65 66 67 68 69 71 72 73 75 77 82 83 84 85 88 89 91 92 94 95 96 97 99 100 102 103 104 107 108 110 112 113 114 115 117 118 121 124 125 126 128 130 132 133 134 137 138 139 140 143 144 148
29 30 32 33 34 35 36 38 39 41 44 47 48 49 51 52 53 55 57 58 59 61 63 64 69 70 71 74 75 76 77 80 81 83 86 88 89 90 91 93 94 96 97 98 99 101 103 107 108 110 112 114 116 117 118 119 120 122 124 127 131 132 135 136 137 139 142 145 146 148
30 31 36 40 43 44 47 52 53 57 62 66 67 68 69 70 71 72 74 76 79 82 85 87 89 91 92 93 95 96 99 100 101 102 103 104 105 106 107 109 110 112 113 115 116 117 118 119 121 124 125 127 128 130 132 133 134 135 137 138 139 141 143 145 146 148 149
31 35 36 37 39 40 46 47 49 51 52 53 58 59 60 61 62 65 66 67 70 71 73 75 76 77 79 82 85 87 88 89 90 93 94 95 97 98 99 100 101 102 103 104 106 107 108 109 111 112 113 114 116 118 119 120 121 122 123 124 125 126 131 132 134 136 138 139 141 143 144 145 146 147 148 149
32 33 37 38 39 40 41 42 45 50 51 52 53 55 56 57 58 60 61 63 64 66 67 68 69 72 73 76 77 79 80 82 83 84 87 89 90 92 93 94 97 99 100 103 104 106 108 110 112 114 115 116 117 119 120 121 123 124 125 127 128 129 130 131 132 133 134 135 136 138 139 141 144 145 146 147 148 149
33 39 40 44 45 46 47 49 55 56 57 58 60 61 62 63 64 65 66 67 68 69 70 71 72 74 79 80 82 84 86 87 88 89 90 92 96 98 103 104 105 108 113 114 115 116 117 119 123 124 126 127 128 129 130 131 132 133 134 135 136 138 142 143 144 145 146
34 35 37 38 39 40 41 42 43 44 45 47 50 51 52 53 56 57 58 59 62 63 64 65 66 67 69 70 71 75 76 77 78 79 80 81 82 83 84 85 88 89 90 91 93 95 96 97 98 99 101 102 104 105 106 107 109 110 111 113 114 118 119 120 121 122 123 124 125 126 127 129 130 131 132 134 137 139 141 142 144 145 147 148
35 37 40 41 42 43 45 46 47 49 59 60 63 65 66 67 68 72 74 75 77 80 82 84 85 87 88 90 91 92 94 98 99 100 101 102 103 104 105 109 110 111 112 114 116 118 119 123 124 125 126 127 130 131 133 134 135 138 143 145 146 147
36 37 38 39 41 43 44 45 47 48 50 51 53 54 57 60 63 64 66 67 69 72 73 76 79 84 86 87 89 90 92 94 95 96 98 99 100 101 102 103 104 106 107 108 109 112 114 119 120 121 123 124 126 127 128 130 132 133 134 135 137 139 141 143 144 146 147 148 149
37 39 42 44 45 46 47 50 51 52 53 54 57 61 64 66 67 68 71 72 75 78 81 83 85 86 87 88 89 90 91 92 93 94 97 99 100 101 102 103 104 111 114 116 119 121 122 124 127 128 129 130 131 132 133 134 135 136 137 140 143 144 146 147 148 149
38 40 45 46 47 48 49 50 52 54 55 56 57 58 59 62 64 65 72 73 74 79 81 83 84 85 86 87 88 90 92 93 94 96 97 98 100 101 102 103 107 108 109 110 112 113 114 115 116 117 118 120 122 123 125 127 128 129 131 132 134 135 136 139 140 141 142 143 144 145
39 40 41 42 43 44 48 49 50 54 55 57 58 59 60 61 62 63 64 65 66 71 73 74 75 76 78 79 80 83 84 86 87 88 89 91 92 93 96 98 99 100 102 103 109 110 113 115 116 117 118 119 120 123 125 126 127 128 129 130 131 133 134 137 138 139 141 147 149
40 41 42 43 44 45 47 59 60 63 65 66 67 69 70 74 75 76 78 80 81 83 84 85 86 88 90 91 94 95 97 100 101 102 104 106 107 109 110 111 112 114 115 116 117 118 119 120 121 124 125 127 128 131 132 137 138 139 141 142 143 145 146 147
41 45 47 50 53 54 60 62 64 66 69 70 72 74 75 76 78 81 82 83 85 88 89 90 92 93 94 95 96 97 98 99 102 103 106 107 109 110 112 113 116 117 118 119 120 122 124 125 126 127 131 134 141 142 143 144 145 147
42 43 45 46 48 49 50 51 53 54 55 59 62 64 65 66 68 74 75 76 79 80 84 86 87 88 89 90 91 92 94 96 97 98 99 100 103 104 105 106 109 110 111 112 113 114 117 118 119 120 121 122 124 125 126 132 133 135 136 138 139 140 141 145 146 147 148 149
43 45 46 48 49 50 51 54 55 56 58 60 61 62 63 64 69 71 74 75 77 78 79 82 83 84 85 87 88 89 90 91 92 94 95 97 99 100 101 106 107 108 109 111 113 115 119 120 122 125 127 129 130 133 134 135 138 139 142 144 145 147
44 46 47 49 51 53 57 58 60 61 62 63 64 65 66 67 68 69 70 72 73 74 75 79 81 82 83 86 88 90 92 93 94 95 96 98 101 102 104 105 106 108 109 111 112 113 115 116 117 118 119 120 121 124 125 126 127 130 131 132 136 137 138 139 140 141 143 144 145 148 149
45 46 47 48 49 52 53 55 57 63 66 68 69 70 72 73 74 75 76 77 78 80 81 82 84 85 87 90 92 94 97 98 100 101 103 104 105 107 108 109 112 114 116 117 118 120 121 122 124 125 128 129 130 132 133 136 137 138 139 141 142 144 149
46 48 51 52 54 55 59 60 61 62 63 66 67 68 69 70 71 72 77 78 83 86 87 88 91 96 101 103 105 106 108 109 110 113 119 121 122 124 125 126 127 129 130 131 133 134 135 137 138 140 141 142 143 144 147 148 149
47 49 50 51 53 54 56 58 63 64 65 66 67 68 73 74 75 76 77 78 80 83 84 87 88 89 90 91 95 96 100 102 103 104 105 106 108 110 111 112 114 115 116 117 118 120 121 122 123 124 126 127 128 131 135 136 138 139 140 141 142 143 145 147 148
48 49 51 52 53 54 55 57 58 60 65 67 68 70 71 72 76 79 80 83 86 87 88 89 90 91 92 93 94 95 96 97 99 101 102 105 107 108 109 111 112 113 114 115 116 117 118 120 121 123 128 130 132 134 135 136 138 140 141 146 149
49 51 56 58 59 61 63 65 70 71 72 73 74 75 76 77 78 79 81 82 84 86 87 88 90 91 92 93 94 95 97 98 99 100 101 102 104 105 106 107 109 115 116 117 118 120 121 123 124 125 127 132 134 135 136 137 138 140 141 143 144 145 149
50 52 53 54 56 59 60 63 64 67 70 71 72 74 75 76 77 78 79 81 83 86 87 88 89 90 93 96 98 99 102 106 108 109 112 113 114 115 116 118 121 124 125 127 131 132 133 138 140 142 144 145 147
51 53 58 59 60 63 64 66 67 68 69 72 73 74 75 76 78 79 80 81 83 86 87 88 89 90 91 93 94 97 100 104 105 106 109 110 111 114 115 116 117 118 119 120 121 123 124 125 126 129 130 131 132 133 135 136 137 139 140 141 142 145 148 149
52 53 55 56 57 58 59 60 61 62 63 65 67 69 72 74 76 78 80 82 84 85 87 89 90 93 94 96 98 99 100 103 104 105 106 107 110 111 113 116 119 121 123 124 125 127 128 131 132 135 138 140 141 142 143 146 147 148
53 55 56 57 59 60 61 63 68 69 71 72 75 76 77 78 80 83 84 85 86 87 88 89 90 91 92 93 95 96 97 98 99 100 103 107 109 111 112 113 115 116 118 121 122 129 130 132 133 135 136 138 142 143 144 146 148
54 56 57 58 59 60 61 62 64 66 69 73 77 80 83 85 86 87 89 90 91 95 96 100 101 103 105 106 107 108 109 112 115 116 117 118 119 121 122 127 130 131 133 135 137 138 140 142 143 144 145 147 149
55 56 60 61 62 63 65 66 69 75 76 77 78 79 81 83 84 85 86 87 88 89 90 91 93 94 95 96 97 98 101 102 104 106 108 109 110 116 118 119 120 122 123 124 125 129 130 131 134 136 137 138 139 141 142 144 146 148 149
56 57 58 59 60 61 62 63 64 65 66 67 68 70 71 73 74 77 78 80 82 84 85 87 90 91 92 93 95 98 100 101 103 105 108 109 111 113 115 116 117 119 120 121 122 123 125 126 127 128 129 131 133 139 140 141 142 143 145 146
57 58 59 67 69 70 72 73 75 76 78 79 86 87 88 90 91 93 94 95 96 97 98 99 101 103 107 109 112 114 116 117 118 121 123 124 126 127 129 130 134 136 138 139 140 141 143
58 60 62 64 65 66 70 71 72 74 76 77 78 79 80 81 85 88 89 93 95 96 97 100 101 102 103 104 106 107 108 111 112 113 115 116 118 119 120 122 123 124 125 127 128 129 133 134 135 137 138 139 140 141 142 143 144 146 148 149
59 62 63 64 66 67 70 71 72 73 74 75 76 77 78 83 84 86 88 91 92 94 95 96 97 98 101 102 103 107 108 109 110 114 115 116 117 118 120 121 122 123 124 125 127 129 130 132 133 135 137 138 139 140 141 142 143 144 146 147
60 62 63 65 66 67 68 69 71 72 73 74 75 76 78 80 81 82 84 86 87 88 89 92 94 96 97 99 100 102 103 105 106 107 108 111 112 114 115 116 118 119 120 121 122 123 124 125 126 127 129 130 132 133 135 137 139 142 143 144 145 146 147 148
61 62 63 64 66 67 68 70 72 73 74 76 79 80 83 85 86 87 88 89 90 92 95 98 100 104 105 107 110 111 112 113 114 115 116 117 118 119 120 121 124 125 126 129 130 131 132 133 135 136 137 138 140 143 144 145 146 149
62 64 65 67 68 70 72 73 74 75 76 78 81 82 83 84 85 86 87 89 92 97 99 101 102 103 105 108 109 110 111 112 113 117 118 120 121 124 125 126 127 129 130 131 141 142 145 146 147
63 64 65 66 67 68 72 76 81 82 83 84 86 89 90 93 94 95 97 101 103 104 108 111 112 114 119 120 121 123 125 126 128 129 132 133 134 135 136 137 138 140 141 142 143 144 145 146 149
64 65 66 68 71 72 74 76 77 79 80 82 84 86 88 89 90 91 93 94 97 98 100 101 102 106 107 110 112 113 116 118 119 120 122 123 125 128 129 133 134 135 136 138 139 140 141 144 145 147 148
65 66 69 70 73 74 75 79 80 82 86 87 89 90 93 95 97 100 102 103 104 105 106 107 109 110 111 116 118 120 121 122 124 125 126 127 129 130 133 135 137 138 139 140 141 142 143 144 145 146 147 148
66 67 68 70 72 73 74 78 80 81 83 84 86 88 90 91 92 93 94 95 96 97 99 100 102 105 106 108 110 111 114 116 119 120 122 124 125 126 128 130 131 132 133 134 136 137 138 139 140 143 144 145 146 148
67 69 70 74 77 79 84 86 88 90 91 94 95 96 98 99 102 103 104 105 106 107 108 109 110 111 112 114 116 119 122 126 127 128 129 130 131 132 135 137 139 141 142 143 144 145 148 149
68 69 70 71 72 74 75 76 77 78 79 80 81 85 86 87 88 89 91 93 95 96 99 100 101 102 106 107 108 110 111 112 114 115 116 117 118 119 120 121 122 123 125 126 127 128 130 131 133 135 136 137 139 140 141 142 144 145 146 147 149
69 70 74 76 77 78 79 81 82 83 85 86 87 88 90 91 93 94 95 96 97 98 99 100 101 104 105 107 108 109 110 112 113 114 115 116 119 121 122 123 124 125 126 127 128 129 130 133 137 139 141 144 146 147
70 73 74 75 77 78 79 81 82 83 84 85 86 87 90 91 95 96 97 98 99 100 101 103 107 109 111 113 114 115 116 118 119 122 123 124 125 126 127 128 129 133 134 136 137 139 140 142 145 146 148 149
71 73 75 78 80 81 82 84 86 87 88 89 90 95 96 97 98 100 101 102 105 106 107 108 109 110 113 114 115 116 118 122 128 129 130 131 132 134 135 136 139 141 143 144 146 148 149
72 73 74 75 76 77 78 79 80 83 84 87 89 90 91 93 94 95 96 99 101 103 105 111 115 116 119 120 122 123 124 126 127 130 131 132 135 136 137 138 139 140 142 143 144 148
73 74 76 77 80 82 83 84 85 86 87 89 92 94 97 99 102 103 104 105 106 108 111 112 114 115 116 117 118 119 120 122 127 128 129 130 131 132 141 142 143 144 145 146 148 149
74 75 76 77 81 85 86 87 88 90 91 92 95 96 97 99 101 102 103 104 105 108 109 110 113 114 115 116 117 119 122 124 125 126 130 133 135 137 139 140 142 145 146 147 148 149
75 76 78 79 83 84 85 86 89 90 91 92 93 94 95 96 97 98 100 103 107 110 111 114 115 116 117 118 119 120 121 124 126 127 130 131 132 133 134 135 136 137 138 139 141 145 146 149
76 77 79 80 81 82 83 84 86 87 89 90 91 92 93 94 96 97 99 101 102 104 105 108 109 111 112 113 115 116 117 125 127 129 130 131 135 136 138 142 143 146 147 148
77 83 84 85 86 88 89 92 93 98 99 101 103 104 105 106 107 109 110 113 114 115 120 122 123 124 125 126 127 128 129 130 131 132 134 135 136 138 139 144 145 147 148 149
78 80 83 84 85 86 88 90 91 92 93 95 96 97 100 103 104 109 110 112 113 115 116 117 118 119 121 122 123 125 126 128 129 132 134 136 138 139 140 142 143 147 148
79 80 81 82 83 84 88 89 90 91 92 93 95 97 100 103 105 107 108 109 110 111 112 114 115 116 117 119 120 121 127 128 130 131 132 133 134 136 139 140 141 142 145 148
80 81 82 83 84 86 89 95 97 99 100 102 105 108 110 113 114 115 117 120 121 122 123 127 128 131 133 134 136 140 144 146 147 148 149
81 82 83 86 88 89 91 92 94 95 97 99 102 103 104 107 108 110 114 116 117 118 119 122 124 125 128 130 133 134 137 138 139 140 141 145 148 149
82 84 88 89 90 92 93 94 95 96 99 100 102 104 105 107 108 110 111 113 114 115 116 117 118 119 120 121 122 123 125 126 128 129 130 132 133 135 137 138 139 140 141 143 144 146 149
83 84 85 89 91 95 96 97 98 99 100 102 106 107 108 109 110 112 113 114 115 119 121 122 124 127 129 130 131 132 133 135 136 138 139 140 143 144 145 146 147 148 149
84 85 86 87 90 92 95 98 101 102 103 104 106 107 108 109 110 111 114 116 118 119 121 123 124 127 128 130 131 132 133 137 138 139 140 142 143 146 147 149
85 89 90 92 93 95 97 98 99 100 101 103 107 109 110 111 114 116 117 119 120 121 122 124 125 127 129 130 131 132 133 135 137 138 139 140 143 144 145 146 147
86 88 89 91 92 93 94 95 99 102 103 104 107 108 110 111 112 116 117 120 121 123 125 126 127 128 131 132 133 134 136 138 141 142 144 145 146 147 148
87 88 91 93 94 98 99 100 101 102 103 107 109 110 114 116 117 118 119 120 123 124 125 126 128 129 130 131 133 135 136 137 138 139 141 142 143 144 145 147 149
88 89 90 91 93 94 96 99 100 101 102 104 106 107 110 112 113 114 116 117 118 124 125 129 130 131 133 135 138 139 142 144 145 148 149
89 90 91 93 94 95 97 99 100 103 105 106 108 110 111 112 116 117 118 119 122 123 124 126 129 131 133 135 136 137 140 141 142 143 145 148
90 92 93 94 95 98 99 102 105 108 110 111 112 114 116 118 119 121 123 124 125 126 128 129 131 132 134 136 137 140 141 142 143 144 145 146 149
91 92 96 97 98 99 100 101 103 106 108 109 111 114 116 117 122 123 125 126 130 131 132 135 136 140 141 142 143 145 148 149
92 93 94 97 98 99 100 102 104 105 106 107 108 109 113 114 119 120 121 122 123 124 127 128 129 130 131 133 135 140 141 142 144 145 147 148
93 95 96 98 99 100 101 103 104 105 107 109 110 111 114 115 116 117 119 120 122 123 124 125 128 129 130 132 136 137 138 139 140 143 144 145 146 147 148 149
94 95 97 98 102 103 106 108 109 110 111 112 113 115 116 117 122 123 124 125 126 128 129 130 131 133 134 135 136 138 139 140 141 142 143 145 146 147 148
95 96 97 99 103 104 110 112 113 115 118 122 123 124 125 126 129 133 134 136 137 138 140 142 143 147 148 149
96 99 100 102 104 105 107 108 109 111 113 114 115 116 118 122 124 125 126 127 128 130 133 135 141
97 99 100 102 103 104 106 107 109 111 112 113 114 118 122 123 124 126 129 130 131 133 134 135 136 138 142 144 145 146 147 148 149
98 99 100 101 102 103 104 105 106 107 109 110 113 116 117 118 119 120 121 124 125 127 129 131 132 135 136 137 138 143 148 149
99 100 101 102 104 106 107 108 109 110 111 113 114 116 118 119 121 124 126 128 130 131 132 133 134 135 136 137 139 144 145 146 147 148 149
100 101 102 103 104 105 106 107 108 111 112 113 114 115 117 118 119 121 123 125 129 130 132 137 138 139 140 141 142 143 144 146 148
101 103 104 105 106 107 108 111 112 113 115 117 118 120 121 124 125 127 128 129 130 135 137 142 144 145 146 147 148 149
102 103 104 106 107 108 110 111 113 114 115 116 119 120 123 124 125 129 130 131 132 135 136 138 139 141 142 143 144 145 146 147 149
103 106 107 108 110 111 112 117 119 120 121 122 126 127 128 131 132 134 135 136 139 141 142 144 146 147 148 149
104 105 108 109 113 116 117 118 119 120 122 123 126 129 134 135 140 141 143 145 147 149
105 110 111 113 114 117 118 124 125 127 130 131 132 133 134 135 136 137 138 139 140 141 142 145 146 148 149
106 109 112 113 114 116 117 118 119 121 122 124 126 127 128 129 131 132 134 136 137 138 139 140 141 142 143 146 147 149
107 109 110 112 113 115 118 122 123 124 125 128 132 133 134 135 136 137 138 139 140 141 142 143 148
108 109 112 113 114 115 118 119 120 121 122 124 126 128 129 132 133 134 138 139 140 141 142 143 144 145 146 147 148 149
109 110 113 115 116 117 119 120 122 123 125 127 128 130 132 133 136 137 138 139 140 141 142 144 146 148 149
110 111 112 113 114 115 117 118 119 120 123 125 126 127 131 136 137 139 140 141 144 145 147
111 113 117 118 120 124 125 127 128 131 133 135 136 138 139 142 143 144 145 147 148
112 113 115 116 117 118 119 120 122 124 126 127 128 129 130 131 141 144 146 147 148 149
113 114 116 119 120 123 124 127 128 131 133 134 137 138 141 142 144 145 146 147
114 115 117 118 121 122 124 125 126 127 128 129 130 131 133 134 135 138 140 141 142 143 144 147 148
115 116 118 120 121 124 125 128 130 131 133 134 135 137 138 139 140 142 145 146
116 117 122 124 126 127 129 130 135 136 138 140 141 142 144 145 146 147 148
117 118 119 120 122 124 125 126 128 129 130 131 132 133 134 135 136 137 138 142 147 149
118 119 122 123 124 125 128 130 131 133 134 135 136 137 139 141 143 144 145 147 149
119 121 124 125 126 127 130 131 133 136 137 140 141 142 143 145 147
120 123 124 125 126 127 129 130 131 132 134 135 136 137 138 140 141 143 144 146 147 148 149
121 123 124 126 127 128 132 133 134 135 136 141 143 146 147 149
122 123 125 126 128 129 130 132 133 135 137 138 139 140 141 142 144 146 148 149
123 124 125 126 127 128 129 130 132 133 134 135 138 139 140 141 142 143 144 145 147 149
124 125 126 129 131 137 139 140 141 142 143 145 148 149
125 127 133 134 135 139 140 142 143 144 147 148
126 127 128 129 130 131 132 133 134 137 138 140 141 143 144 145 146 147 149
127 129 132 133 142 143 149
128 130 134 136 139 140 141 145 147 149
129 131 133 134 135 136 140 145 146 148 149
130 131 133 136 137 138 139 140 142 143 145 146 149
131 133 135 137 139 140 142 144 148 149
132 133 135 137 139 140 143 148 149
133 134 135 136 138 140 141 142 143 144 145 148 149
134 140 143 144 146 148 149
135 136 137 139 141 142 143 144 145 146 147
136 140 142 143 145 146 148 149
137 138 139 140 141 142 143 144 146 147 149
138 141 144 145 148 149
139 140 141 145 148
140 143 145 146 147 148 149
141 142 143 144 145 147
142 143 144 145 146 147
143 144 146 148 149
144 146 147 148
145 146 147 149
146 147 149
147 149
148 149
149

!142