#RandomGeneratorDifficultGraph.py
# GMT Tue Jul 18 16:24:01 2023
# 
0 2 4 7 9 11 12 15 22 25 26 29 34 35 52 55 57 71 79 81 82 83 85 89
1 2 3 9 18 25 27 28 30 32 33 34 35 37 40 44 49 50 54 55 58 60 67 82 83 95
2 6 12 21 22 23 26 32 33 48 59 61 62 64 72 97 98
3 4 6 10 13 22 26 29 32 36 40 42 45 50 54 55 58 62 64 71 74 75 76 83 85 87 90 93
4 13 14 15 18 19 27 37 43 45 47 48 60 63 69 80 81 83 90 96 99
5 18 19 24 25 34 36 39 49 52 60 61 65 69 72 84 85 92
6 9 15 17 28 29 37 38 39 41 52 55 67 68 73 80 81 90 96
7 8 9 15 27 35 39 53 58 62 63 64 72 75 80 81 85 92 96 99
8 12 13 14 27 32 42 52 53 56 57 64 65 76 82 85 96
9 11 13 14 24 29 35 38 43 44 48 49 62 65 72 73 77 81 85 89 90 94
10 11 17 22 26 29 31 42 49 51 52 54 57 59 63 67 72 77 80 83 87 94 95 96
11 12 14 22 33 35 43 44 45 50 53 54 56 64 67 68 74 84 88 90 93 94 99
12 15 19 26 28 44 69 71 72 73 76 77 78 83 89 93 95 96
13 17 18 23 33 42 44 45 49 53 63 65 74 76 91 95 99
14 18 22 23 27 29 32 34 40 42 45 52 72 84 90 92 96
15 26 29 32 46 61 69 70 82 86 89 90 94 95 99
16 19 27 36 38 40 45 54 57 66 95 99
17 19 20 36 37 38 53 55 56 61 68 71 72 73 75 77 79 80 84 85 90 98 99
18 21 24 27 32 44 62 68 79 94
19 24 25 26 32 33 36 39 43 44 57 59 60 61 67 70 79 83 89 94 95
20 23 26 28 30 32 34 35 41 43 52 54 57 61 65 69 71 83 86 90 93 94 97
21 24 25 28 29 30 40 44 50 55 58 61 65 73 80 83 84 87 88 90 91 96 99
22 23 27 29 32 35 54 63 66 67 75 90 97 98 99
23 28 46 56 57 60 64 68 83 85
24 33 35 38 47 48 65 79 84 91 95 96
25 28 33 38 47 48 50 51 52 57 58 63 65 71 78 98
26 27 31 35 36 40 43 46 48 51 55 65 75 85 86 90 95 98
27 34 36 47 48 52 53 54 55 58 61 69 73 76 78 83 89 98
28 32 34 43 48 59 65 71 75 77 80 84 85 86 89 93 96 98
29 36 37 41 45 50 58 67 70 72 75 76 78 80 94 99
30 31 41 52 53 56 64 65 68 71 78 81 83 89 92 95 99
31 33 36 48 54 59 61 64 68 72 73 74 76 81 87 89 93 94 99
32 37 42 43 49 52 55 56 66 87 96 97
33 37 38 47 48 55 60 61 70 74 78 79 91 93
34 35 39 43 44 45 47 68 69 77 78 79 80 83 86 87 90 91
35 38 40 44 62 72 83 87 88 90 92 94 95 97
36 40 44 48 49 53 55 57 59 62 72 74 75 80 96 98
37 43 44 48 55 82 89 96
38 39 40 42 47 55 63 66 67 73 81 93 99
39 46 61 66 68 70 71 74 78 85 88 98
40 46 57 73 76 78 80 90 93 94
41 44 45 47 54 58 62 67 72 74 84 89 90 96
42 45 50 53 55 60 62 64 69 70 76 77 79 82 84 88 91 96
43 48 50 55 61 65 73 77 81 83 84 96
44 45 48 52 68 74 88 95 97 98
45 55 61 63 65 78 80 82 83 89 97
46 58 67 69 72 75 93 98
47 49 51 53 58 61 64 77 91 98
48 53 67 73 75 87 97
49 52 58 64 67 69 71 75 77 89 91 94
50 59 61 67 70 74 76 86 88 94 98 99
51 56 57 58 66 67 72 82 83 87 91 94
52 57 59 60 66 68 77 80 89 90 93 94
53 57 58 60 63 65 67 71 79 80 84 86 90 94 98
54 57 61 65 66 67 81 86 94
55 62 72 79 88 92 96
56 61 72 73 74 76 77 83 84 90 94
57 59 60 62 66 67 68 74 75 77 81 86 93
58 59 63 65 68 69 71 74 75 80 87 91 94 99
59 65 68 69 72 80 87 91 93 95 96
60 63 83 85 87 93 95 97 98
61 64 66 77 79 80 91 98 99
62 65 72 78 83 98
63 66 67 70 77 79 81 90 99
64 65 69 70 71 73 78 79 82 89 90 91 92
65 66 69 70 77 79 84 87 88 90 97
66 76 86 88 89 91 95 96
67 71 72 87 91 94 98
68 71 73 75 78 79 80 81 84 85 89 92
69 74 75 77 84 87 90 95
70 79 97
71 77 82 93 95 98 99
72 74 88
73 75 77 82
74 76 80 85 93
75 77 87 88 95
76 84 87 88 91 98 99
77 81 83 84 87 94 96 97 98
78 86 89
79 82 92 93 96
80
81 83 85 86 87 89 91 99
82 85 89 94 95 96 97
83 84 85 86 99
84 85 86 89 92
85 91 92 95 99
86
87 98
88 92 95
89 92 94 96
90 94
91
92 98
93 94 96
94 95
95 96 98
96 98
97
98
99

!84