#RandomGeneratorDifficultGraph.py
# GMT Tue Jul 18 16:25:42 2023
# 
0 9 21 34 43 46 55 71 73 84 90 94 95
1 20 24 33 41 54 56 80 96 97 98
2 16 18 26 33 34 49 63 72 80 90 92
3 16 17 18 19 20 26 27 47 59 60 68 69 82
4 12 18 19 26 28 40 56 66 68 72 99
5 14 19 74 86 92 94 95
6 40 63 75 76 79 82 84 92 95 99
7 8 11 54 89 96
8 46 56 61 66 67 76 78
9 21 33 40 47 48 49 59 60 72 76 81 83 84 86 91 99
10 16 19 32 40 43 48 50 76 88 93
11 18 20 25 27 32 38 60 81 86 90
12 17 21 27 46 47 52 57 83 98 99
13 19 46 51 52 60 61 67 71 72 75
14 17 24 28 31 32 36 72 80 97
15 22 36 46 58 65 77 89 94 97
16 31 39 40 48 53 90 95 99
17 21 40 53 67 77 83 88 89
18 19 21 22 28 32 38 52 58 80 88 98
19 33 67 90 94
20 23 45 52 84 90 97
21 43 46 47 78 88 92
22 34 49 61 74 78 81 83 85 91 96
23 42 43 51 60 66
24 36 48 57 75 77 79 80 82 83 92
25 74 86
26 33 40 47 53 61 76 86 87 98
27 30 40 50 51 66 73 96 97
28 38 39 43 51 53 54 56 62 72 78 80 97
29 40 44 52 62 66 67 70 88 89
30 42 45 76 77 83 90 96
31 35 71 88 92
32 47
33 44 75 78 92
34 48 53 56 61 76
35 45 57 77 87
36 82 84 97
37 41 43 58 64 67 71 90 93 99
38 40 58 69 89 95
39 52 55 68 74 79 80 93
40 43 44 48 81
41 42 54 69 70 99
42 66 73 78 90 93
43 47 66 82
44 52 54 87
45 56 78
46 50 62 75 77 80 87 92
47 49 53 54 60 64 90 91
48 56 70 76 87
49 60 67
50 56 66 83 88
51 52 74
52 53 54
53 55 56 59 61 87
54 56 62 83 86 99
55 93
56 83 88
57 62 73 84
58 69 89
59 67 85 86 92 94
60 91
61 66 98
62 66 78 81 84 85 89
63 67 69 71 81 94
64 65 80 87 88 90 92 95 96
65 68 73 78
66 78 86 99
67 84 98
68 90 95
69 73 77 78 83 95 97
70 71 81 83
71 72 74 82 89
72 75 77
73 74 84
74 87 88 91
75
76 85 86 89 91
77 95
78 97
79 86 91
80 84
81 87 95 96
82 98
83
84
85 94
86 90 97
87
88 99
89
90 96
91 95
92 98
93 99
94
95 98
96
97
98
99

!73