#RandomGeneratorDifficultGraph.py
# GMT Tue Jul 18 16:24:11 2023
# 
0 7 12 17 22 24 26 27 44 45 46 49 58 60 63 67 68 69 71 79 83 85 94 95 96 99
1 2 11 13 16 21 23 36 43 63 83 90 99
2 3 9 12 13 15 16 17 24 28 31 33 43 51 52 55 76 82 89 97
3 12 18 29 32 39 44 47 52 57 63 66 69 71 72 74 75 79 86 88 99
4 8 11 13 14 21 23 24 28 32 40 51 52 54 58 64 65 66 70 73 77 85 90 92 94
5 9 16 17 20 25 26 30 32 34 38 39 41 45 47 53 65 67 71 72 74 78 80 81 84
6 9 10 11 15 18 19 20 29 33 35 40 51 54 56 75 78 79 80 83 91 94 97
7 23 24 33 49 51 57 68 72 85 86 87 90 91 96
8 17 18 19 20 21 23 33 34 35 41 45 52 56 71 75 77 83 86 89 94 99
9 14 22 23 33 44 45 47 51 52 56 60 61 67 71 72 84 87 93 95 98
10 21 23 32 38 39 41 57 58 59 62 63 67 69 75 76 78 79 84 87 91 96
11 13 15 19 20 26 37 45 48 52 60 61 65 67 72 75 78 83 85 87
12 17 18 31 35 37 38 39 43 45 49 51 62 66 70 84 86 90 93
13 18 31 34 35 36 38 44 53 57 59 61 63 68 76 92 97
14 16 19 21 22 24 25 31 32 33 34 43 50 55 63 65 69 73 76 80 84 87 92 98
15 29 36 39 40 43 44 48 50 58 62 71 76 86 98
16 17 21 27 28 29 33 34 41 43 44 47 58 61 62 77 78 81 91 99
17 18 21 36 39 40 42 45 47 50 54 62 70 86
18 20 26 33 50 54 55 68 69 70 79 82 84 91 94
19 20 25 29 40 49 50 51 53 62 63 68 72 78 80 86 98
20 24 27 37 39 40 47 49 50 58 61 81 83 84 88 89 98
21 27 41 42 55 62 63 66 71 77 99
22 23 35 39 49 51 53 54 62 74 77 78 82 93 94 97
23 27 38 39 51 55 62 64 67 72 73 75 95
24 25 46 47 52 54 55 57 58 60 74 88 90 98
25 27 47 53 55 56 59 69 72 73 77 86 87 91 92
26 35 41 52 77 79 89 92 93
27 37 40 45 46 47 55 58 64 67 76 81 83 90
28 33 47 56 57 62 68 71 72 83 92 98
29 33 36 38 39 41 44 47 49 53 57 64 74 80 96 99
30 31 38 39 40 42 44 50 59 61 75 86 87 89 96
31 33 45 56 60 61 62 67 71 77 78 86 92 97
32 36 39 44 51 54 55 58 59 61 65 68 70 75 77 87 93 97 99
33 37 48 57 60 75 76 89 95
34 38 49 51 52 53 55 56 61 62 63 67 70 75 77 89 96
35 36 40 44 48 55 68 70 89 90 96
36 38 40 54 55 57 59 64 67 69 70 71 74 79 84 89 97
37 44 49 60 62 65 68 79 86 93 94 97
38 40 46 52 54 56 66 67 80 81 93 94
39 41 44 50 56 59 61 65 70 73 74 75 76 77 89 98
40 42 45 55 56 58 61 85 92 99
41 55 56 57 68 71 73 76 82 86 92 95
42 43 50 51 52 53 54 55 64 65 66 68 80 81 82 86
43 47 48 57 59 60 65 68 69 70 78 79 81 84 85 91 93
44 45 48 49 61 74 76 82 83 84 85 91 93 96 99
45 50 56 58 68 72 73 82 84 87 94 97
46 48 58 63 76 79 82 88 89 92
47 57 62 64 68 70 71 73 83 86 90 91
48 50 51 53 58 59 63 64 67 70 86 89 95
49 69 72 74 75 79 80 88 90 96
50 57 61 66 71 77 80 89 95
51 54 71 74 77 95 97 98
52 61 67 69 70 72 75 83 88 92
53 58 63 81 83
54 55 57 59 62 65 72 79 88 99
55 56 58 59 62 65 73 74 83 94
56 62 63 65 72 73 78 88 90 95
57 60 62 67 83 84 87 88 92 99
58 59 60 71 79 87 88 94 98
59 62 67 70 71 72 75 76 80 83 87 89 90 91
60 64 68 69 70 73 76 82 84 88 89 92 97
61 70 71 74 81
62 69 72 84 86 88 98
63 66 67 80 96
64 65 70 75 79 80 87 88 91 93 94
65 73 78 81 99
66 71 72 74 78 84 85
67 69 71 78 80
68 69 78 82 96
69 77 80 81 85
70 75 79 94 97
71 80 84 87 97
72 75 76 80 89 94 96
73 83 88 89 97
74 75 82 85 90 91
75 83 84 85 96
76 77 78 92 93 99
77 79 84 87 92 97
78 80 88 91 97 98
79 81 91 98 99
80 81 85 88 93 99
81 83 91
82 84
83 85 86 90 92 99
84 90 91 94
85 87 93 98
86 93 94 99
87 89 96
88 90 95
89 97
90 92 94 97 99
91 93 95 96
92 93
93 98
94 97
95 96 97
96
97 98
98
99

!84