#RandomGeneratorDifficultGraph.py
# GMT Tue Jul 18 16:24:10 2023
# 
0 3 4 12 21 22 30 32 36 46 66 82 86 88 93
1 3 5 7 9 11 14 15 18 20 21 25 27 39 42 46 51 53 54 55 56 57 73 74 76 79 80 94 97 98
2 10 12 16 22 26 28 34 35 36 41 65 68 70 71 75 82 86 97 99
3 6 26 32 38 41 44 46 54 55 65 66 68 75 76 80 93
4 6 19 24 26 35 37 64 69 71 72 85 88 89
5 7 8 12 34 35 37 41 44 45 47 48 50 53 58 60 61 67 69 70 71 73 82 83
6 10 13 20 25 26 27 30 47 66 68 72 84 86 95 97 98
7 9 16 28 30 42 45 49 57 59 60 66 68 71 80 89 92 97
8 12 13 20 26 28 30 31 36 41 53 55 57 72 96
9 19 36 38 43 46 51 52 53 56 66 78 88 92 93 99
10 13 14 16 17 20 25 27 32 33 35 40 44 47 48 51 58 60 61 62 72 74 75 80 86 89 94 99
11 17 18 27 30 39 42 52 62 66 67 68 71 75 76 80 93
12 13 14 18 23 33 34 36 42 58 62 64 70 71 77 83 87 93
13 17 18 24 25 27 31 41 48 50 58 61 63 66 74 76 86 91 95 96
14 18 22 24 25 32 33 34 41 45 55 57 58 59 69 74 75
15 18 22 30 40 42 48 51 55 57 68 74 77 78 80 82 83 93 98
16 19 20 38 51 52 56 61 80 84 91 98
17 19 33 34 35 42 43 45 53 55 77 78 79 84 86
18 20 23 28 33 50 57 71 73 74 78 79 81 90 98
19 23 31 33 40 41 45 51 71 75 79 82 84 87 88 91 92 94 99
20 32 39 48 60 61 64 65 73 75 76 79 82 83 85 88 96 99
21 26 34 38 42 46 55 60 70 71 72 75 88 95 96
22 33 49 60 66 71 77 98
23 27 36 38 45 46 50 51 68 71 77 82 86 95
24 25 39 49 51 63 72 85 90 94 97
25 27 28 31 33 41 47 52 57 59 60 64 66 68 71 73 74 79 81 82 85 92 97 99
26 30 35 42 46 69 73
27 29 32 36 42 52 54 63 66 92 94 99
28 30 33 40 42 50 58 73 74 78 79 80 82 84
29 33 35 37 39 44 52 76 79 84 95 99
30 31 37 39 46 50 52 60 65 70 74 88 92 98 99
31 36 41 43 49 54 55 56 69 72 76 78 82 94 95
32 33 39 41 51 53 56 57 58 63 76 83 85 87
33 35 43 45 47 67 68 71 73 74 76 87 94 96 99
34 40 41 42 44 50 52 54 55 58 59 64 71 78 79 81 93
35 39 50 59 60 62 67 71 75 77 78 84 85 98
36 40 43 44 45 46 62 67 72 77 83 97
37 55 58 59 80 83 88 90 95
38 42 48 56 60 74 79 89 91 92 93
39 45 46 61 65 69 73 75 78 79
40 42 47 50 52 55 61 63 65 71 75 76 78 87 92 94 98
41 43 47 51 52 53 54 59 65 68 72 75 79 82 83 91 92 98
42 43 57 66 67 69 70 72 74 75 80 82 85 86 92 93 95
43 44 48 52 57 63 82 84 86 90 91 92
44 45 52 54 57 58 69 70 79 82 85 90 94
45 46 48 58 60 61 69 72 83 89 98
46 53 61 72 80 85 89 91 94
47 72 79 85 91 92 93 95 97
48 52 60 64 68 82 85 87 90 94 97
49 54 55 58 60 63 70 78 83 89 93 98
50 57 64 70 72 75 77 78 82 86 93
51 66 70 72 73 74 76 80 86 87 88 90 97
52 55 56 57 60 66 67 72 76 84 93
53 55 56 62 67 70 81 85 93 99
54 58 60 63 64 79 91 93 98
55 59 62 72 77 79 84 91 98
56 64 66 69 70 74 78 80 84 88 93 96
57 58 59 70 75 77 85 87 94 96 98
58 64 74 79 88 89 94 97
59 68 73 81 83 88 93 97
60 66 84 86 96
61 62 63 76 80 82 84 91 92 94
62 63 65 66 70 76 81 93 94 98
63 67 68 74 76 77 83 87 90 91 93 95
64 68 70 75 76 85 95 97
65 67 69 73 80 81 83 87
66 76 77 80 81 87 92 97
67 74 80 82 87 88 90
68 71 72 73 79 80 87 89 98
69 70 71 75 78 83 87 90 93
70 74 78 84 89 92 95
71 72 85 87 94
72 76 77 79 83 85 89 92 93 96 97 98
73 75 77 79 84 92 96
74 75 80 86 95 99
75 79 82 89 91 93
76 82
77 79 86 88 93 94 99
78
79 82 89 90
80 91 95
81 82 85 92 97 99
82 83
83 88 91 92 95 96 99
84 86 97 99
85 86 89 95
86 90 92
87 89 90 97
88 96 97
89
90 96 98
91 95
92 96
93 98
94
95 97
96
97
98
99

!81