#RandomGeneratorDifficultGraph.py
# GMT Tue Jul 18 12:48:12 2023
# 
0 1 3 4 9 10 12 17 18 21 25 26 27 29 36 37 40 43 44 49 53 57 58 59 60 63 71 76 78 79 81 82 84 85 88 90 91 98
1 10 11 15 16 24 25 29 30 32 33 37 42 45 46 47 48 49 50 53 56 60 65 67 68 77 80 82 83 87 88 89 91 92 95 99
2 3 5 6 7 12 14 16 20 21 24 28 30 31 34 36 37 38 39 41 46 47 49 52 53 55 60 61 63 65 66 67 68 70 72 76 79 81 85 86 88 91 93 98 99
3 4 5 6 7 12 16 19 21 23 28 35 41 44 52 53 55 56 57 59 61 63 68 70 73 75 77 79 80 84 87 88 89 96
4 5 6 7 9 12 13 15 16 20 23 25 26 27 32 33 34 35 39 41 43 48 52 53 55 56 57 59 60 65 68 70 71 73 74 75 77 79 83 87 89 91 93 97 98 99
5 9 10 11 19 21 25 26 28 29 30 31 39 40 43 59 64 65 66 69 70 71 77 78 84 85 86 93 94 97
6 8 10 13 17 18 19 22 25 27 38 39 41 44 52 54 58 59 61 62 63 64 65 70 72 74 76 77 80 81 86 87 92 94 95 96 97 98
7 9 10 18 23 25 27 30 33 34 36 37 38 39 42 45 46 47 48 53 56 57 59 62 64 66 67 72 77 79 81 86 87 92 93 95
8 14 15 17 19 25 26 30 31 34 35 36 37 46 50 61 67 68 69 71 72 77 79 81 82 86 88 96 98 99
9 14 16 17 20 21 22 23 24 26 27 35 37 39 45 46 48 51 56 59 60 63 65 66 68 69 72 75 76 77 79 80 84 86 89 90 91 93 94 96 97 98 99
10 12 14 15 16 17 23 27 29 31 32 37 38 40 47 53 54 55 58 61 62 63 66 70 72 73 74 75 78 84 86 87 88 89 90 93 96 99
11 12 15 16 26 29 30 35 39 40 43 51 52 58 60 61 64 65 69 71 76 78 79 82 83 88 90 94 95 96 97 98
12 13 16 17 18 21 23 25 29 34 35 44 48 52 54 55 56 59 60 61 62 63 66 67 68 69 70 73 75 78 80 85 87 88 90 92
13 18 21 24 25 29 32 34 36 42 45 47 52 53 55 56 57 60 61 62 63 64 68 70 71 72 73 74 75 76 77 80 83 85 86 87
14 15 16 20 22 24 29 32 36 39 40 46 51 52 53 57 59 61 66 67 72 73 76 78 79 82 83 89 90 95 96
15 16 17 22 25 26 27 30 32 33 34 36 39 44 45 49 53 60 62 65 66 71 75 77 78 79 81 82 83 84 86 87 88 90 92 99
16 19 20 22 28 29 32 34 44 46 49 50 52 55 57 59 61 62 65 68 69 70 72 73 75 77 79 80 82 84 86 87 90 93 94 95 97
17 18 19 24 25 26 29 30 35 40 45 46 47 54 56 58 59 69 72 73 74 80 89 95 97 98
18 19 22 23 24 25 26 30 31 44 45 46 47 49 50 58 60 61 63 65 66 67 69 72 74 85 94 95
19 20 21 22 24 26 28 29 30 31 33 35 36 37 39 40 41 46 51 52 54 57 58 63 65 68 69 74 75 77 78 79 80 82 83 86 88 90 93 97
20 21 23 26 27 29 30 32 38 39 48 52 53 61 64 73 75 83 85 88 90 91 92 98 99
21 23 24 25 26 27 28 30 34 35 36 39 40 43 46 49 51 53 56 59 60 61 62 63 65 67 68 69 70 73 74 75 79 80 84 85 86 89 93 96 98 99
22 25 26 27 28 32 33 34 36 38 39 42 43 47 49 54 56 59 60 61 68 69 70 75 76 82 84 85 86 88 89 91 93 95 98 99
23 25 31 33 34 36 39 44 47 48 49 52 53 56 57 58 59 61 65 67 69 71 72 73 75 76 77 79 82 83 84 85 86 87 90 91 92 93 94 95 96 98
24 30 32 37 39 40 42 44 47 53 54 55 56 60 61 63 64 65 71 72 74 75 80 84 85 89 92 95 97 99
25 28 30 33 35 38 39 40 41 44 45 46 52 53 56 57 59 60 62 63 69 73 76 79 80 81 82 83 84 86 87 91 94 96 98 99
26 27 30 33 36 39 44 45 46 50 51 58 63 65 72 74 76 80 81 83 85 86 88 90 92 94 96 98
27 29 30 31 36 37 38 39 40 41 42 45 46 47 51 52 59 60 61 67 68 69 71 75 76 79 82 83 85 87 89 91 93 97 98
28 32 33 34 40 42 43 48 52 53 54 58 61 65 67 70 75 76 78 79 80 82 89 90 91 93 94 98 99
29 32 35 36 37 39 40 42 44 45 46 48 49 50 51 52 54 58 59 60 61 62 63 65 66 69 74 75 79 80 82 83 87 88 90 92 93 94 97 99
30 31 34 38 42 43 44 49 50 53 56 57 61 62 64 66 67 68 69 70 71 73 76 77 79 82 88 91 92 93 99
31 34 37 41 42 43 44 45 47 51 54 58 62 66 71 72 73 75 77 78 81 82 84 85 86 88 89 90 91 92 94 98
32 33 34 35 36 39 43 45 47 50 51 60 61 62 63 64 65 69 70 74 75 77 79 80 81 82 84 86 87 90 91 94 99
33 34 36 37 38 47 54 55 56 58 59 62 65 71 75 76 79 84 85 92 95
34 40 41 44 46 48 49 53 54 61 72 79 80 83 85 88 89 90 93 95
35 36 39 42 44 48 49 51 60 61 65 66 68 69 70 72 75 76 77 80 82 90 97 99
36 37 38 41 42 43 45 46 47 51 54 59 60 61 62 65 68 71 74 75 79 80 81 82 85 86 92 93 96
37 40 41 45 46 54 57 60 62 65 73 79 80 82 85 87 91 94 95 96 97
38 44 46 51 55 57 59 64 66 68 69 72 79 82 83 87 94 95 96 99
39 40 46 51 53 57 62 63 66 68 71 73 75 77 78 81 82 85 86 91 98 99
40 43 44 45 48 49 50 51 52 54 57 59 60 63 64 65 67 70 75 76 78 81 82 89 91 93 97 99
41 42 46 47 49 51 52 53 54 61 64 65 68 74 78 81 83 85 89 91 93 96
42 44 45 50 51 54 56 60 61 65 66 69 81 82 83 86 87 89 90 91 95 97 98
43 47 48 52 55 57 58 60 63 64 67 68 69 79 80 81 83 84 85 89 90 92 93 94 96
44 45 47 48 50 56 60 62 64 65 67 68 69 75 76 78 81 85 89 90 91 94 99
45 48 49 50 54 57 58 59 60 62 65 68 71 72 76 79 83 84 89 90 92 94
46 47 49 50 53 58 67 69 71 72 75 76 77 81 84 88 89 91 92 94 97 98 99
47 48 49 51 53 54 55 56 62 63 64 69 71 77 78 79 80 87 88 89 90 94 99
48 49 50 53 54 58 61 63 64 67 69 70 71 73 75 76 80 85 88 89 90 94 96
49 54 56 58 62 65 67 68 72 76 79 80 81 84 89 92 97
50 52 54 57 60 66 73 74 75 77 79 80 82 84 85 86 88 90 92 93 95 97
51 52 53 54 57 59 65 69 71 73 75 80 85 88 89 91 98
52 54 59 61 64 65 66 70 71 79 81 82 85 87 89 93 95 98 99
53 55 59 62 64 72 73 78 80 81 84 87 89 90 92 95 96
54 56 58 59 60 62 63 64 68 70 71 73 74 75 82 84 85 90 93 96
55 62 63 67 69 72 73 74 75 78 94 97
56 58 61 62 63 64 68 69 70 72 73 75 76 79 80 81 85 86 87 91 95 96 97 98
57 59 60 62 64 65 66 69 71 73 75 79 85 87 90 92 94
58 59 65 66 68 69 70 72 73 74 75 82 83 89 92 93 94 95 98
59 65 68 69 71 72 73 80 82 85 86 89 92 97 98 99
60 61 62 67 72 76 81 82 83 86 87 88 90 92 97
61 62 67 68 76 77 78 79 82 84 86 88 89 91 92
62 65 68 69 72 76 77 79 80 82 83 87 90 92 94 98 99
63 65 66 69 73 74 86 87 91 96 97
64 65 71 72 73 74 75 79 81 87 88 89 96 97
65 67 69 71 74 78 79 80 81 84 86 87 88 89 90 91 95 98
66 70 74 80 84 85 86 87 88 90 91 92 95 99
67 68 72 73 81 82 87 93 95 96 98 99
68 70 73 74 78 79 80 82 83 85 86 88 89 90 91 94 95 98
69 70 71 72 73 76 82 83 86 90 91
70 74 75 80 82 86 88 90 95 96 98 99
71 72 74 76 81 85 92 93 94 95 96 97
72 73 79 80 81 82 83 87 93 96 98
73 74 78 79 80 83 86 87 89 91 93 95 96 97 98
74 78 79 81 83 84 85 86 89 92 95 98
75 77 78 85 91 94 97 99
76 77 80 82 83 84 85 86 87 90 93 94
77 78 82 84 85 90 92 93 95 96
78 80 82 84 85 87 88 91
79 83 85 87 88 91 92 94 96 98 99
80 84 87 88 93 96 97 98
81 83 86 87 88 90 91 99
82 83 89 90 96 97 98 99
83 84 85 88 89 90 92 94 95 96
84 86 87 88 90 92 96 99
85 87 88 93 97 98
86 87 91 92 94 96 97 98
87 91 93 94 95 96 97 99
88 93 94 97 99
89 90 91 92 94 95
90 91 93 94 95 97
91
92 93 94 95 97 98
93 97 98 99
94 97 99
95 96 98 99
96 97 99
97 98
98
99

!88