#RandomGeneratorDifficultGraph.py
# GMT Tue Jul 18 16:23:14 2023
# 
0 3 5 8 11 16 17 18 25 26 30 31 32 33 35 38 41 44 46 49 50 51 53 54 60 62 65 68 69 72 75 77 82 90 94 97 99
1 3 8 11 18 20 21 23 27 28 29 34 36 37 40 46 51 52 54 56 58 59 60 64 69 76 82 87 91 96
2 4 5 7 8 12 16 22 24 26 27 28 29 38 39 41 44 45 47 48 51 52 53 63 65 71 72 77 80 82 85 93 96
3 7 9 11 12 14 15 16 17 24 27 30 34 36 42 43 46 53 54 57 58 59 62 63 71 80 85 91 92 95 97 98 99
4 5 10 11 12 14 21 25 27 30 33 37 38 39 43 44 46 48 49 57 59 60 61 67 71 81 85 89 93 94 96
5 6 11 18 19 20 21 22 24 27 29 33 36 49 53 57 63 64 66 70 71 79 89 93 98 99
6 10 13 15 16 18 19 21 24 26 34 35 37 40 41 43 50 55 56 60 65 67 68 70 71 73 74 75 78 79 81 87 89 91 97
7 12 13 15 16 17 18 20 24 26 32 34 35 36 37 39 41 45 47 48 56 61 62 63 71 75 83 85 86 88 89 93 98 99
8 9 10 13 21 24 25 26 27 28 31 32 33 36 39 41 42 53 54 55 70 71 81 82 86 87 96 97 98 99
9 19 20 25 27 29 33 34 35 36 38 44 46 52 56 58 59 60 62 64 66 72 73 74 77 78 81 82 83 84 88 91 95 98
10 12 15 18 26 30 37 39 40 42 47 48 53 58 61 77 81 85 89 90 92 94 95 97
11 12 13 17 20 26 29 30 32 35 39 53 60 61 66 67 77 87 99
12 16 18 19 26 28 33 34 45 46 48 49 52 67 70 77 78 84 97 98 99
13 14 18 20 25 27 28 29 32 33 35 41 43 52 55 59 61 63 64 66 68 69 76 81 85 86 91 94 95 96 97
14 18 24 33 35 41 44 49 58 63 66 68 69 70 72 73 79 84 89 90 94
15 19 25 27 30 34 36 41 42 44 45 47 52 59 60 63 66 70 72 73 80 83 86 89 93
16 18 24 27 31 32 37 38 40 44 48 51 57 58 59 64 80 82 83 84 88 94 97
17 19 24 38 39 43 52 62 63 64 66 70 71 73 75 78 79 81 84 90 91 95 97
18 21 22 30 31 32 37 55 58 59 61 63 64 71 74 78 82 87 93 95 98 99
19 21 24 30 33 39 47 48 57 59 63 69 79 86 89 94 97 98 99
20 21 23 26 30 32 36 40 41 43 46 47 54 56 63 64 65 67 70 72 75 76 77 81 85 89 90 91 92
21 30 35 54 63 66 68 69 70 71 73 75 79 80 83 86 89 90 94 97
22 29 30 32 34 40 42 43 49 52 55 56 57 59 60 65 68 69 74 78 86 90 93 95 96 97 98 99
23 25 27 28 33 35 40 42 44 48 53 54 56 59 62 65 68 79 80 81 83 94 95 98 99
24 25 33 37 40 42 43 47 50 59 60 64 66 67 75 77 84 92 99
25 28 30 33 42 47 49 50 54 68 73 76 82 83 84 85 86 87 88 91 94 95 99
26 31 32 34 35 36 38 46 47 49 54 55 56 61 65 69 75 79 83 86 89 90 92 93 95 99
27 31 33 38 43 44 48 51 56 59 65 69 75 77 78 82 84 89 92 93
28 30 42 44 46 47 52 53 60 65 78 79 86 87 90 95 96 98
29 32 34 39 41 43 44 54 55 62 63 64 65 69 71 75 79 80 82 83 89 97
30 33 35 44 47 54 56 57 59 60 61 63 66 67 71 72 75 76 79 80 84 88 90 96 97
31 36 39 42 46 49 51 57 65 67 70 73 75 77 80 84 86 90 91 92 95
32 36 38 40 47 48 49 52 54 55 59 60 62 64 66 67 68 75 77 78 81 82 83 86 92 99
33 35 37 41 45 46 49 50 51 53 59 60 63 67 77 83 90 91 94 96 99
34 38 39 42 44 45 49 59 63 64 68 70 76 77 82 83 86 87 89 92 96
35 40 51 55 57 60 65 66 68 72 76 79 82 83 84 86 89 98
36 38 40 42 45 48 51 52 54 57 59 60 61 63 64 65 66 68 69 70 72 73 74 75 76 78 79 83 85 90 96 99
37 46 48 54 63 65 67 69 81 82 84 89 92 96 99
38 40 43 45 52 54 57 64 68 73 82 84 85 90 94 96
39 40 41 42 43 47 50 52 53 54 56 60 62 63 64 65 69 70 72 73 76 79 81 86 87 88 90 95
40 42 44 47 49 50 53 61 62 63 64 71 74 75 83 84 85 95 96 98 99
41 43 46 52 60 65 68 69 71 77 81 86 87 90 97
42 45 47 54 55 57 63 67 69 70 74 76 84 87 88 89 94
43 47 49 51 55 69 70 83 87 89 90 98
44 46 54 56 59 60 61 62 64 65 67 75 80 84 88 92 93 94 95 98
45 49 52 53 58 59 62 63 70 78 79 82 83 86 87 89 92
46 47 49 53 56 57 62 63 64 66 67 68 69 72 73 77 78 84 88 89 95 96 97 98 99
47 50 54 57 63 67 68 69 71 72 78 81 86 91 92 93 96
48 53 60 69 73 80 81 82 84 93 95
49 51 53 56 60 71 74 75 77 81 83 84 85 87 88 90 91 97 99
50 55 59 60 63 64 65 71 76 77 80 86 89 94 96 97
51 58 59 65 66 70 71 74 75 77 87 92 94 99
52 54 57 59 61 62 63 64 66 70 78 82 86 87 88 91 93 94 95 99
53 55 56 61 62 63 67 69 71 77 84 86 88 91 97 98
54 61 63 69 72 73 76 78 81 83 86 89 91 92 93 96 97 98
55 57 58 59 64 67 68 69 71 79 80 84 92
56 57 63 64 65 72 74 77 83 90 91 98
57 59 69 71 72 78 80 83 84 88 93 95 97
58 59 65 67 76 92 93 96 97 99
59 67 69 70 76 77 80 81 90 91 96 97
60 63 64 65 66 69 75 78 80 85 86 87 94 95 98
61 62 71 73 75 79 82 84 89 91 92
62 63 64 70 73 79 82 84 89 93
63 64 66 68 72 76 82 86 88 89 92 94 99
64 69 71 74 80 83 84 85 92
65 66 67 74 78 79 82 85 86 87 89 95 98
66 69 73 76 78 81 86 88 89 90 91 92 94 98 99
67 72 75 77 82 84 88 90 92 93 95 96 98
68 74 75 82 83 85 87 94 96
69 72 79 80 86 89 94 95 97 99
70 71 73 74 75 79 80 83 99
71 73 76 77 82 85 89 91 96
72 75 76 79 83 94 97
73 77 78 82 86 95 96
74 75 79 81 84 93 96
75 77 81 82 84 96 97
76 78 85 88 89 90 91 93 97 99
77 78 79 84 90 92 93 94 95
78 84 93 97 99
79 83 84 85 86 89 92 94 97 99
80 86 96 99
81 86 91 92 93 99
82 85 91 92 98
83 86 87 88 89 94
84 87 90 91 97
85 97
86 92 98
87 92 94 96
88 93
89 94 96 99
90 92
91 95 96 99
92 93 94 95
93 96 98
94 96 99
95
96
97
98
99

!88