#RandomGeneratorDifficultGraph.py
# GMT Thu Jul 20 14:28:24 2023
# 
0 1 2 3 4 5 10 12 13 14 15 20 21 26 30 32 36 45 46 48 49 51 54 56 58 60 61 63 66 67 68 71 72 73 75 81 82 89 90 92 93 95 96 97 98
1 2 3 4 7 8 9 10 12 13 15 17 23 25 27 31 32 33 34 35 37 38 48 49 53 61 64 68 70 73 74 79 80 82 84 90 92 97 98
2 6 7 10 13 15 17 18 21 22 29 31 32 36 38 39 41 45 46 51 52 54 60 64 69 71 73 74 75 77 79 81 83 86 88 89 90 91 97
3 8 14 20 21 22 29 31 32 36 39 40 45 46 47 48 52 53 54 56 61 63 64 65 66 67 68 70 83 86 87 89 90 93 94 96 98
4 5 6 9 13 19 23 26 30 32 35 38 48 49 54 55 56 60 64 68 70 72 73 77 78 80 85 90 91 94 99
5 7 9 10 11 13 15 17 18 19 24 25 28 29 31 33 37 39 41 43 44 45 46 47 50 52 53 58 63 64 65 69 73 74 75 76 78 80 81 84 85 87 88 89 94 95 97 98 99
6 8 10 11 15 16 22 27 30 31 32 33 35 37 38 43 44 47 49 51 55 58 61 66 67 70 72 76 78 82 84 87 91 95 96 97
7 8 15 17 18 20 21 22 24 26 28 32 33 37 39 45 51 52 53 54 55 56 58 59 61 64 66 67 69 70 72 75 76 78 79 82 83 85 86 87 93 94 96 97
8 13 14 15 16 17 18 19 24 27 29 41 42 43 47 48 51 55 57 62 63 64 65 75 82 84 86 87 90 91 94 98 99
9 10 14 16 18 19 20 22 23 25 30 32 33 34 36 39 40 41 43 44 55 56 57 62 64 66 67 68 71 74 79 83 86 87 88 90 92 95 98
10 11 12 14 17 19 22 24 25 26 30 31 32 36 42 43 51 52 56 58 59 60 61 63 64 67 68 71 73 75 77 79 82 83 86 87 88 90 91 98
11 12 14 18 21 23 26 31 32 41 45 46 47 48 49 50 53 54 56 58 60 61 66 69 70 71 78 82 85 86 88 90 91
12 20 22 23 25 26 28 29 30 32 35 36 37 38 45 49 51 57 61 62 63 65 67 74 76 80 81 82 85 86 87 89 92 94 97
13 18 19 24 27 32 42 43 45 47 49 51 54 55 58 59 63 65 67 68 70 72 73 75 76 82 83 85 87 89 95 96 97 98
14 16 22 24 25 30 32 35 39 41 42 45 50 53 55 58 59 61 62 64 65 66 68 69 70 71 76 77 79 81 87 95 98 99
15 17 18 20 21 22 23 25 26 27 30 32 33 34 36 38 39 40 42 50 51 56 57 59 62 63 64 66 70 79 80 85 86 87 90 91 92 95 96
16 33 38 40 43 48 51 61 63 65 70 74 75 76 77 79 82 83 84 85 88 92 93 97 99
17 24 25 29 32 34 38 39 40 51 52 58 62 64 65 69 71 73 74 77 78 87 88 89 90 94 95 98 99
18 20 23 24 26 34 35 36 37 41 47 48 49 53 55 57 60 63 64 66 67 68 71 72 73 76 79 82 84 87 88 91 93 99
19 23 29 33 34 36 45 47 48 49 50 52 57 58 59 60 64 65 66 67 69 70 72 73 75 77 80 81 85 86 87 88 92 93 97
20 21 23 24 25 27 28 31 33 34 35 42 44 45 46 47 48 49 54 55 58 59 61 63 66 67 68 72 75 77 82 83 87 88 92 96 97
21 23 28 31 33 34 36 39 42 44 45 50 52 56 59 64 70 73 75 78 82 85 86 87 92 95 97
22 24 26 29 30 33 36 40 42 43 45 47 50 54 57 58 60 63 65 69 72 76 77 80 81 82 85 86 89 92 94 95 97 98
23 27 31 32 34 35 39 41 44 45 49 51 52 59 60 62 65 66 69 73 75 77 78 79 81 84 87 89 90 98
24 27 29 30 31 32 34 35 37 39 40 43 51 55 57 59 60 61 63 64 67 68 69 75 77 79 82 88 89 91 94 97 98
25 30 33 36 37 38 39 40 42 43 44 45 46 47 48 49 54 56 62 63 65 66 71 72 80 82 86 88 93 96 98 99
26 27 29 37 40 41 44 48 49 50 53 56 59 60 61 62 69 70 74 76 77 78 83 85 88 89 92 93 95 98 99
27 38 39 42 45 48 50 55 58 62 63 64 65 67 68 70 71 73 79 81 83 84 85 88 90 91 92 93 94 95 98
28 31 32 33 40 41 42 48 57 59 62 63 67 70 72 74 80 81 86 87 88 89 92 99
29 32 34 38 40 42 45 46 48 50 54 57 58 59 61 65 69 70 71 73 77 81 83 87 88 91 95 98 99
30 31 33 35 38 39 41 43 45 55 56 57 61 62 63 64 65 67 68 69 71 76 77 80 81 82 84 87 90 91 94 96 97
31 32 33 34 38 41 42 47 48 49 50 52 53 55 56 61 66 67 69 78 79 81 82 83 89 90 92 94 97 98 99
32 35 37 39 40 47 49 52 56 57 60 62 63 64 66 68 70 77 83 87 88 95 96
33 35 36 37 38 40 41 43 46 47 51 52 53 54 55 59 61 62 64 65 66 72 75 76 80 81 82 92 94 98 99
34 35 36 37 39 40 41 46 50 51 54 58 59 64 66 70 72 76 78 79 80 82 84 90 92 93 96
35 38 40 41 42 44 46 47 49 50 53 60 62 72 74 76 77 78 79 81 85 86 88 92 95
36 38 45 47 60 62 63 64 66 68 70 71 72 76 77 84 85 87 89 91 94 97 99
37 41 42 43 46 48 49 50 51 52 55 59 61 65 66 76 77 79 80 83 85 86 91 92 96
38 40 41 44 48 49 51 53 56 57 58 61 63 64 66 68 70 72 74 75 79 80 81 84 87 90 94 95 97
39 41 42 43 44 47 53 57 58 63 64 67 70 76 78 79 81 84 85 89 91 93 94
40 41 43 44 45 46 55 57 62 63 70 71 72 76 81 84 85 86 88 89 90 94 95 96 98 99
41 44 49 50 51 56 58 59 61 63 68 70 71 72 73 75 82 83 84 86 87 90 93 97 98
42 43 45 46 47 48 52 54 61 62 63 65 66 69 70 72 73 74 75 77 81 83 85 92 93 95 96 97 98
43 45 46 48 50 52 54 55 56 58 59 60 61 62 67 71 74 81 82 85 86 89 91 92 95 96 99
44 47 50 51 52 55 58 59 60 62 64 66 69 73 76 77 78 79 81 82 83 87 93 98
45 47 48 50 54 56 58 59 60 63 65 66 68 69 70 72 73 74 75 77 78 80 86 90 93 94 95 96 97 98
46 48 51 54 56 60 64 66 67 72 74 76 82 85 86 87 89 91 98 99
47 48 51 52 57 58 59 62 66 67 75 76 78 79 81 82 83 84 85 91 96 97
48 49 50 51 52 53 54 55 56 68 69 77 78 79 80 81 82 83 86 87 91 94 97
49 51 55 57 63 66 67 74 75 77 78 79 80 81 83 84 87 88 93 94 96
50 53 59 61 64 66 70 71 76 77 87 91 95 98
51 54 55 59 61 64 69 73 74 79 83 87 98 99
52 54 56 57 59 62 64 69 70 71 72 75 77 80 90 91 92 93 95 97 99
53 56 57 59 61 62 65 66 68 69 74 75 77 78 80 83 84 85 86 88 92 95 96 99
54 56 57 58 63 66 67 69 76 78 80 81 83 86 88 89 90 91 92 93 96 97
55 56 58 59 62 63 65 66 67 69 73 76 77 78 79 84 87 88 89 90 98
56 58 59 60 62 67 72 74 75 76 79 80 81 86 87 89 90 98 99
57 61 66 69 70 72 73 74 75 79 82 85 87 89 92 93 97 99
58 60 63 64 67 68 71 73 76 77 79 81 82 84 86 88 90 91 92 97 98
59 61 62 63 68 70 76 77 82 89 90 92 95
60 66 68 70 75 76 82 84 86 87 88 93 97
61 64 67 70 73 74 75 77 78 79 81 89 92 93 98
62 64 68 70 71 74 76 77 78 80 82 83 89 92 93 95 96 99
63 64 67 74 77 78 80 87 88 90 91 93 95 96 97
64 65 67 68 69 73 74 75 76 78 81 82 86 89 90 96 98
65 66 67 69 73 74 75 76 77 79 80 82 84 85 90 91 98 99
66 70 71 75 76 77 78 86 88 89 91 96
67 71 72 75 76 78 80 83 86 89 92 95 97 99
68 69 70 71 73 74 75 78 85 89 99
69 70 71 72 73 74 76 77 78 82 84 89 95 99
70 71 72 74 75 78 79 80 82 86 88 90 92 94 98
71 72 73 74 76 77 79 83 85 88 89 93 94 96 97 99
72 78 81 83 84 88 89 91 92 93 99
73 75 76 86 87 88 91 95 97
74 75 80 84 85 86 87 88 89 92 97
75 76 78 81 82 84 85 87 94 96 97 99
76 81 85 88 90 92 97
77 79 82 83 87 90 94 95 97
78 79 84 85 94 97 99
79 86 98 99
80 81 82 86 87 92 93 94 96 98
81 82 83 91 93 96 97 99
82 86 93 94 96 98
83 85 87 93 96
84 85 87 88 90 91 96 97
85 87 88 91 93 98 99
86 87 93 95 96 97 98
87 88 91 95 96 99
88 91 95 97 99
89 92 93 96 98
90 91 94 95 99
91 95 96 98
92 93 95
93 96 98
94 97
95 96 97 99
96
97 99
98
99

!89