#RandomGeneratorDifficultGraph.py
# GMT Tue Jul 18 16:25:40 2023
# 
0 17 59 65 95 99
1 4 5 11 15 23 37 39 42 57 63 71 98 99
2 3 23 24 44 59 64 72 77 95
3 18 28 39 42 46 48 58 74 93 95
4 7 12 29 53 62 68 77 84 93
5 8 20 24 25 41 63 74
6 7 17 23 29 31 41 50 52 59 64 72 82 99
7 49 57 58 63 67 69 79
8 17 28 37 45 48 59 72 81 83 91 96
9 12 51 65 74
10 14 16 21 27 53 54 60 65 66 68 89 92
11 22 27 55 65 66 78 83
12 49 51 58 65 82 88
13 15 20 21 27 39 48 54 68 77 78
14 22 44 49 61 65 70 79 91 99
15 16 20 28 30 38
16 23 50 53 67 82
17 32 81
18 28 39 40 64 77 99
19 31 37 49 53 68 84
20 23 35 54 55 56 58 89 92 94
21 50 84 92 94 95 97
22 34 43 44 45 52 58 63 67 75 82 86 97
23 38 39 51 82 93
24 25 34 64 92 96
25 37 41 53 54 69 76 81 83 91
26 34 37 61 63 73 77
27 34 35 42 53 56 59 60 65 86
28 37 44 52 53 63 65 70 74 78 87 97
29 38 39 44 50 56 63 74 85 99
30 57 69 72 97
31 41 69 73 84 85
32 34 38 46 58 59 67 69 78 88 95
33 66 75 82 92 94 99
34 43 46 47 54 62 89 92
35 62 63 64 92 96
36 58 61 88
37 39 47 65 67
38 56 66 67 76 88
39 41 42 44 48 49 56 62 87 94
40 41 58 61 63 72 95
41 49 52 57 61 65 73 80 87
42 62 64 72 76 79 81 84 92 96 97
43 48 60 61 68
44 57 62 72 76 79 80 83 90 99
45 57 61 69 78 83 90
46 47 48 72 90
47 58 62 63 72 80 87
48 55 57 70 73 86 98
49 61 74 81 86 94 98
50 59 60 67 80 81 89 97
51 61 62 68 96 98
52 64 81 95 96 98
53 84
54 55 60 81 86
55 59 61 92
56 62 64 76 82
57 65 72 76 95 96
58 64 78 82 84 92 95
59 68 81 91 97 99
60 65 78 85 90 97
61 70 71 84 92
62 68 83 97 98
63 65 91 94 95
64 70 79 87 91 96
65 76 81 87
66
67 73 82 85 89 91 99
68 74 86 98
69 71 75 94 97
70 71 73 94
71 81 82 98
72 92 94
73 79 90 93
74 83 86 98
75 79 93
76 78 99
77 93 94 97 98
78 85 86 94 95
79 85 88 93 99
80
81 89 93 95
82 83 86
83 84 93 98
84 89 97
85 88
86 96
87 90
88 90 98
89
90
91 95
92 96 98
93 94 96 98
94 97
95
96
97
98
99

!72