#RandomGeneratorGraph.py
# GMT Thu Jul  6 08:51:42 2023
# 
0 4 11 16 20 21 23 25 27 29 30 31 32 36 37 38 39 41 42 45 46 47 48 49 51 53 54 55 58 59 61 62 65 66 67 68 70 72 74 75 76 77 79 81 83 84 86 88 89 90 91 92 96 99 101 105 106 108 109 112 115 117 119 121 125 126 127 131 133 138 141 146
1 5 6 9 11 12 13 16 17 18 21 26 29 31 35 39 41 45 52 53 54 59 60 61 62 63 64 65 66 67 69 71 78 81 82 83 86 87 88 92 94 95 97 98 99 100 101 102 103 106 107 110 111 112 113 116 117 120 121 122 125 128 130 133 140 143 148 149
2 6 7 9 14 15 17 21 23 27 29 32 33 34 35 36 37 40 42 43 47 48 49 50 51 53 55 56 57 60 61 62 63 65 67 69 70 71 73 74 75 77 78 79 84 85 86 91 92 95 99 100 101 103 105 108 109 110 111 114 115 116 118 120 121 126 128 129 132 134 135 136 139 140 142 143 144 147 149
3 5 7 8 9 11 13 17 18 21 24 25 27 29 34 37 39 40 41 49 50 51 52 55 56 58 61 62 63 65 66 69 70 72 76 81 82 83 88 89 90 92 97 100 105 107 108 109 111 112 113 117 121 122 125 127 132 133 135 136 137 141 144 146 147 148 149
4 6 7 8 10 13 15 18 22 23 25 26 28 30 31 33 36 37 40 41 43 44 45 51 54 56 59 60 63 66 67 68 71 73 74 76 79 80 85 87 89 90 91 96 97 98 102 103 104 105 106 108 110 115 116 119 120 121 124 126 128 129 130 131 136 138 139 141 145 146 147
5 7 9 10 11 12 14 15 18 20 21 22 23 25 26 30 32 34 37 38 39 41 42 46 48 49 53 56 57 58 59 61 62 67 69 70 72 74 77 79 81 84 87 88 89 91 95 96 97 98 100 101 102 103 104 110 111 113 114 116 118 119 120 121 122 123 126 127 128 129 132 133 137 139 140 141 144 145 146 148
6 7 9 10 14 16 17 18 20 22 25 29 33 34 37 38 40 43 44 45 46 47 48 49 54 58 59 63 64 65 66 68 70 72 74 78 79 80 84 85 86 87 90 91 93 94 95 96 102 103 104 107 109 110 111 114 115 117 120 122 125 126 133 134 135 137 138 139 140 141 142 143 144 145 146 148
7 8 9 10 12 14 20 21 25 26 30 33 35 39 41 43 44 46 49 52 59 64 65 67 68 69 72 73 74 75 79 81 83 85 89 90 92 93 96 97 101 103 104 105 107 108 113 114 115 116 117 120 123 125 128 129 130 135 136 137 139 142 147
8 9 10 11 12 13 14 15 16 17 22 23 30 31 33 35 36 37 39 42 45 50 51 53 56 61 62 64 66 68 72 74 75 76 80 82 83 84 86 87 88 89 91 94 100 103 111 115 118 119 121 122 125 127 128 129 130 135 136 138 139 141 143 146 148
9 10 11 12 14 15 16 21 22 25 27 29 31 35 36 38 39 40 42 45 49 50 52 54 55 57 60 62 63 64 65 67 69 74 75 76 77 83 84 88 91 96 101 103 105 106 107 111 112 116 121 122 125 126 133 137 138 141 147
10 11 13 15 16 21 22 23 24 27 28 29 32 33 37 38 41 45 47 49 51 54 56 57 58 61 62 63 66 67 69 70 71 74 75 78 79 81 82 84 85 87 88 90 91 92 97 98 100 102 103 105 106 110 111 116 118 119 122 123 124 126 130 131 133 136 139 147
11 12 14 17 18 21 24 25 27 28 29 30 31 33 34 36 37 39 40 46 49 52 57 59 60 65 66 68 71 74 79 82 83 84 85 87 88 89 90 91 94 97 98 99 103 104 107 109 114 116 118 119 123 124 126 127 130 131 132 133 134 135 137 138 139 142 145 146 149
12 13 15 18 19 20 21 24 26 28 33 35 36 37 43 44 46 49 50 51 52 54 55 56 59 61 63 65 68 76 77 82 83 84 86 88 89 92 93 95 96 98 100 103 104 106 108 109 110 111 113 114 116 117 120 121 122 124 126 131 134 135 136 139 141 143 144 146 147 148
13 15 16 17 18 20 21 24 26 29 36 37 38 42 43 45 49 50 51 53 54 56 57 58 60 62 64 65 67 68 70 73 74 75 76 78 80 84 85 87 88 89 90 93 99 100 101 102 105 107 111 112 113 114 115 116 117 118 119 120 121 123 124 126 128 129 130 132 134 135 136 137 139 141 148
14 15 19 20 21 22 25 29 32 34 35 40 44 46 47 50 52 53 54 59 61 67 68 72 74 81 84 86 87 88 92 93 95 97 101 102 104 105 106 107 108 109 111 112 121 125 126 128 129 130 131 133 134 138 139 143 145 149
15 16 18 19 21 22 23 24 25 26 30 31 33 36 37 38 39 40 41 42 43 44 45 47 51 53 59 60 61 63 64 65 68 71 74 76 77 80 84 87 88 89 94 95 97 98 102 103 104 108 109 113 114 117 118 123 124 128 130 131 132 133 135 138 139 141 144 145 148 149
16 17 18 20 21 22 23 26 29 32 33 34 36 37 38 40 41 43 44 46 48 50 51 55 56 57 60 61 62 63 64 65 66 68 69 70 73 77 78 80 82 84 86 88 90 92 93 95 96 97 98 100 107 110 111 112 113 115 116 119 120 121 122 123 126 128 129 131 132 133 134 136 137 138 140 142 144 145 149
17 18 22 24 25 31 32 34 35 38 40 41 42 45 46 47 48 49 50 56 57 58 59 60 62 63 64 66 68 69 72 78 80 82 83 84 85 88 89 94 95 97 98 107 108 109 111 112 113 115 116 118 119 121 123 124 127 128 129 132 133 136 138 141 144 146 147
18 19 20 21 22 23 26 28 29 31 33 34 35 36 37 39 40 43 49 52 53 54 56 60 61 64 65 66 68 69 70 71 72 73 74 76 78 80 81 82 83 84 87 88 89 91 92 94 95 96 98 99 102 106 107 108 109 111 112 113 115 116 117 119 120 123 125 128 130 136 138 139 140 143 144 148
19 20 22 23 25 29 32 35 36 38 39 41 43 44 45 46 47 52 54 58 59 60 62 64 65 66 67 71 72 73 75 81 82 88 89 90 91 92 94 95 97 98 101 102 104 107 110 113 115 116 124 126 127 128 132 136 137 139 142 144 145 146
20 21 22 23 24 25 27 28 29 32 33 38 39 40 41 44 47 48 52 56 57 59 66 67 69 70 71 72 73 78 81 83 84 86 89 91 92 93 94 95 96 98 99 100 103 105 107 108 109 110 111 116 118 119 121 122 123 126 127 128 129 130 131 137 138 142 145
21 22 27 28 29 30 32 34 36 37 38 41 42 43 44 46 47 49 50 51 57 59 60 61 63 64 66 75 77 78 80 81 84 85 86 87 89 91 92 93 96 97 99 100 101 103 104 105 107 108 110 112 113 114 115 118 122 125 126 130 134 135 136 138 140 144 145 146 148
22 23 26 28 29 30 32 34 35 36 37 41 42 43 46 47 48 50 51 52 54 56 57 62 64 67 69 70 73 75 76 79 80 82 84 86 87 90 92 93 94 100 104 106 111 112 117 118 119 121 123 124 130 134 140 141 143 146
23 26 27 28 29 32 33 34 35 36 37 39 41 43 44 45 46 50 51 52 53 54 55 56 62 63 65 66 67 70 72 73 77 79 80 81 85 86 88 90 91 96 97 98 99 100 102 103 108 109 110 115 116 118 122 123 124 125 126 127 128 129 130 131 132 134 135 139 140 143 145 146 147 149
24 27 28 33 35 37 39 41 43 45 46 47 48 51 52 53 57 58 60 61 62 64 65 71 74 76 78 80 82 83 85 90 92 93 94 95 96 97 98 99 100 102 103 105 106 108 109 110 111 112 114 115 116 117 118 120 121 123 127 129 132 135 136 140 143 144 147
25 26 28 29 34 37 39 42 44 46 47 51 53 54 56 57 58 59 60 64 65 66 69 70 73 77 79 80 81 82 83 86 87 93 97 100 103 106 108 110 114 117 119 120 122 127 129 132 135 138 139 140 142 143 144 148
26 28 31 32 33 34 35 36 39 40 41 42 43 45 48 49 51 56 57 58 62 63 64 69 71 76 77 78 79 80 82 83 84 85 87 88 89 92 99 103 105 106 109 110 111 115 116 117 125 126 129 133 134 135 137 138 141 143 144 147 148 149
27 30 33 35 38 39 44 45 48 49 50 52 56 57 61 62 63 64 69 70 76 77 81 83 85 86 88 89 93 94 95 97 99 102 104 107 110 111 112 113 114 116 117 118 121 125 127 128 129 130 131 135 141 142 144 145 147 149
28 30 33 34 35 36 37 39 40 41 42 49 53 54 55 56 61 62 63 66 68 69 74 76 77 78 79 87 89 91 92 97 101 102 104 105 106 108 110 111 112 117 119 121 125 129 133 134 135 136 137 138 143 145 146 147 148
29 33 34 35 37 39 41 42 43 44 49 52 54 58 59 61 62 66 67 69 70 77 79 83 84 85 86 87 93 94 96 99 101 102 103 104 105 106 108 109 112 113 114 115 116 120 121 122 123 125 127 128 131 134 136 137 138 139 140 142 144 145 148
30 32 34 35 36 37 40 41 43 44 46 47 48 51 52 53 55 56 57 58 61 69 70 74 78 80 81 83 84 87 90 91 92 96 97 98 99 100 101 103 110 115 117 118 122 128 130 133 136 140 142 143 144 145 147 149
31 33 34 37 41 42 43 44 46 48 53 55 56 59 60 61 63 65 66 68 69 73 75 77 79 80 82 83 84 89 90 92 93 94 96 98 100 101 102 104 106 107 109 110 111 113 115 117 118 119 121 122 123 124 127 128 130 131 132 135 140 141 145 146 147 149
32 33 34 36 37 38 39 42 43 44 45 47 48 53 54 56 57 58 60 64 65 68 69 70 71 73 74 75 76 77 79 80 82 84 85 86 87 92 93 97 98 99 101 104 105 118 119 120 123 124 125 127 128 134 135 136 138 141 142 144 145 147 148
33 34 35 36 38 39 41 45 46 48 49 51 52 55 56 57 62 65 67 69 70 71 73 74 76 77 80 81 84 88 91 93 94 95 96 97 99 100 102 103 104 105 106 107 108 109 110 112 114 115 117 119 121 122 123 124 127 128 133 135 136 139 140 141 144
34 35 38 40 41 43 45 46 47 48 50 52 53 54 56 57 62 63 64 65 66 68 69 71 72 74 77 80 81 85 88 89 98 99 102 103 104 107 108 110 112 113 114 116 117 119 121 122 123 126 128 129 130 131 134 135 138 139 140 143 144 146
35 37 39 43 45 46 47 54 57 59 62 64 66 68 69 72 74 75 76 77 78 81 83 85 87 88 89 90 94 97 104 105 107 109 110 113 114 115 116 117 118 119 120 121 123 125 127 128 129 133 134 136 140 141 142 146 147 148 149
36 37 38 39 44 45 46 47 48 51 54 55 57 59 62 63 65 66 68 69 70 72 76 77 78 79 81 83 84 86 87 90 91 93 95 97 100 102 103 104 105 106 108 109 110 118 120 121 122 123 124 127 128 129 133 136 137 140 142 143 144 145
37 39 41 42 43 44 48 51 57 59 60 61 62 64 65 66 68 70 71 72 74 82 83 84 87 89 91 93 94 95 96 97 99 103 105 106 107 108 109 111 114 115 116 119 121 122 123 124 125 127 128 131 134 135 138 139 140 141 144 145 146 149
38 39 40 41 43 44 45 50 51 53 54 58 60 62 63 65 68 69 70 71 72 73 77 79 80 85 89 91 96 97 98 99 101 102 103 105 111 112 113 114 115 116 117 118 119 122 123 124 127 129 130 131 132 136 139 141 142 148 149
39 40 41 42 45 46 47 50 53 58 59 60 63 64 66 71 74 75 76 79 81 82 84 85 86 88 89 91 92 93 95 96 98 100 101 103 104 105 107 112 113 115 116 118 119 120 121 122 123 124 126 130 132 134 137 138 139 141 143 144 149
40 42 43 46 47 48 51 53 54 60 61 64 67 68 69 71 74 76 79 80 83 85 86 89 95 97 100 103 106 107 109 112 113 118 119 120 122 124 125 127 128 130 131 132 137 139 140 141 143 148 149
41 43 44 47 48 49 53 55 57 59 60 62 64 65 66 67 68 69 70 76 79 82 83 84 85 90 93 94 96 98 101 102 103 105 106 110 113 116 118 120 123 124 129 134 135 136 139 143 145 148 149
42 43 46 47 48 49 52 53 54 56 60 64 65 67 68 69 72 74 76 80 86 87 89 90 95 96 97 98 101 102 105 110 113 114 121 122 123 124 125 126 127 129 130 131 132 133 134 137 141 146
43 45 49 50 51 53 54 56 57 59 61 62 64 66 72 75 79 80 85 88 91 94 96 98 99 101 104 105 107 108 109 112 114 115 116 117 118 120 123 125 129 131 132 136 137 138 140 142 144 145 146 147 149
44 45 46 50 51 52 53 54 55 57 58 59 60 62 63 65 66 67 68 69 72 80 81 82 86 91 98 111 112 116 118 119 120 121 123 128 132 133 134 135 136 137 141 142 143 145 146 148
45 47 48 54 55 60 61 62 63 66 69 71 81 82 84 87 88 89 90 92 95 96 101 102 103 105 106 108 117 118 120 121 123 125 127 129 130 131 134 135 136 137 138 139 141 142 145 148
46 47 48 49 50 53 54 58 59 62 65 66 69 70 72 73 75 76 78 79 80 81 82 85 87 88 89 90 91 98 100 105 106 109 110 113 114 116 117 119 120 121 122 123 124 125 127 128 132 133 136 138 139 140 146 147 149
47 51 52 53 54 55 57 62 63 64 65 66 67 69 76 78 82 84 85 90 92 94 95 97 98 99 100 101 102 103 104 105 108 109 111 112 114 117 118 122 124 126 131 137 139 142 146 147 149
48 49 58 59 60 63 64 66 67 68 70 72 76 80 83 84 86 89 90 91 92 94 96 97 98 99 102 103 104 106 109 110 112 113 116 117 118 123 125 127 130 131 133 136 137 138 141 142 143 144 145 146 148 149
49 50 51 52 53 54 55 58 59 60 61 62 63 64 66 68 72 75 77 80 83 84 87 89 92 93 95 96 97 100 102 104 106 109 110 113 114 115 116 117 120 124 126 128 129 137 142 144 145 147
50 51 52 53 54 55 56 57 61 62 63 65 67 68 73 76 78 80 82 83 86 87 90 91 92 93 94 95 96 99 100 101 104 107 108 110 111 114 115 120 121 124 125 127 130 132 133 137 140 142 143 144 145 149
51 52 53 54 55 57 58 62 65 66 67 68 70 72 75 78 80 83 84 87 89 90 92 96 100 102 103 109 112 114 116 117 119 121 125 126 128 130 132 133 134 135 136 137 138 139 141 142 143
52 54 55 58 60 61 64 65 68 69 73 74 76 81 85 86 91 92 93 94 97 99 100 101 102 105 108 109 111 114 115 116 119 122 123 124 125 130 132 133 134 136 137 140 142 145 146
53 54 55 56 57 58 61 62 64 65 66 67 71 72 73 74 75 78 79 85 88 90 92 93 94 98 102 103 106 109 110 111 114 115 120 126 127 131 133 135 138 139 140 148
54 56 58 59 60 62 63 64 65 67 68 71 74 78 79 82 84 86 88 89 90 91 92 93 94 96 97 98 99 100 101 103 104 105 108 112 113 115 116 119 121 123 124 129 133 135 136 138 139 140 142 144
55 61 64 65 66 67 68 69 70 71 72 73 74 75 76 77 79 81 85 87 88 90 91 94 95 96 97 99 100 109 114 116 117 118 119 121 122 123 125 126 128 129 131 132 135 136 142 143 145 148 149
56 58 59 60 62 65 66 69 72 73 74 78 80 82 83 85 86 88 90 91 92 95 97 98 102 103 104 107 108 109 111 113 116 119 122 125 127 128 129 130 131 134 135 136 138 141 142 144 148
57 64 66 67 69 70 71 75 76 77 79 81 83 84 85 86 87 88 89 90 91 93 99 102 103 104 105 107 108 110 112 113 114 116 117 118 120 123 126 129 131 132 133 137 138 139
58 59 60 61 62 63 64 67 70 72 76 77 80 81 82 84 85 86 87 89 90 95 97 101 104 109 110 112 114 115 116 118 120 121 122 123 125 127 128 130 134 135 137 138 139 140 146 147 149
59 60 62 63 66 68 71 72 73 74 77 79 80 85 91 92 95 99 100 101 102 108 109 111 112 114 118 121 122 123 124 125 128 129 130 132 133 137 140 141 142 143 146
60 62 63 64 65 67 70 72 73 75 76 79 80 85 91 92 94 95 96 97 98 100 102 105 109 116 117 118 119 121 122 128 129 130 134 135 138 141 143 145 146 148 149
61 64 65 70 71 74 79 80 83 87 88 90 92 93 97 98 99 100 101 102 103 105 107 109 110 113 119 120 123 128 129 130 137 147 149
62 63 67 69 70 71 72 74 79 80 81 82 83 84 85 87 93 95 96 100 101 103 104 106 107 108 111 115 116 121 124 126 127 128 130 132 134 135 136 137 138 142 144 145 146 147
63 70 71 73 74 79 81 83 85 88 89 90 93 94 96 97 100 102 103 106 107 108 109 110 111 112 116 117 120 122 124 127 128 130 135 137 138 139 142 143 145 147 148 149
64 65 66 69 70 72 73 75 76 79 82 86 88 89 93 94 96 98 99 102 107 108 112 113 114 116 121 122 125 128 129 130 131 132 133 136 139 140 141 142 143 144 146 149
65 66 68 74 77 78 79 81 82 84 89 90 91 93 94 96 100 102 107 108 111 113 116 117 118 121 122 125 129 131 134 135 136 137 139 140 141 142 144 146 147 149
66 67 70 71 74 79 80 83 84 86 87 92 93 95 96 98 99 100 101 102 106 109 110 112 113 115 116 117 120 121 123 124 125 126 128 130 131 132 135 140 145 147 148 149
67 68 70 72 73 75 81 83 84 85 86 87 91 92 94 95 96 97 98 99 104 105 106 107 108 110 111 119 120 121 127 129 130 131 132 134 136 138 140 143 144 146 147 148 149
68 69 70 71 74 75 76 77 83 84 86 88 89 90 91 92 94 96 98 99 100 102 103 104 105 107 108 110 112 117 120 121 123 124 130 133 135 136 141 142 146 147 149
69 70 71 72 77 81 83 86 87 88 91 93 94 96 103 104 105 108 113 114 116 119 120 121 122 123 124 126 129 130 131 133 134 136 140 141 144 149
70 71 72 74 75 76 77 81 82 83 84 87 88 89 91 93 96 98 100 101 104 105 110 111 112 114 115 118 119 123 126 127 128 133 135 141 142 143 144 145 147 148 149
71 73 77 78 79 80 81 83 84 87 91 92 93 94 97 98 100 101 102 103 107 109 110 111 112 115 116 118 121 123 125 128 131 132 134 135 137 141 142 143 144 145 147 148
72 77 78 79 80 82 85 90 91 92 95 97 98 100 102 103 105 108 109 114 117 118 119 120 123 125 127 132 133 134 135 136 139 142 143 145 146 149
73 77 81 82 83 85 87 88 91 94 96 97 98 99 101 104 107 108 110 112 113 114 118 119 120 121 122 125 126 128 132 133 135 136 138 142 143 144 145 146 148 149
74 75 79 82 83 86 90 91 92 94 95 96 97 100 101 102 104 105 106 109 111 114 115 116 117 119 120 124 125 126 127 128 130 131 132 135 136 137 142 143 145 147
75 79 80 81 83 84 86 89 92 93 95 97 101 106 107 108 109 111 112 113 114 116 118 122 123 125 128 129 134 135 136 137 140 144 146 148 149
76 77 80 83 87 89 90 94 96 98 99 100 101 105 106 110 112 113 117 118 119 120 121 123 125 126 129 131 132 133 134 135 136 137 140 141 143 144 145 147 149
77 78 80 81 82 83 84 90 91 92 93 95 97 99 100 101 102 104 105 106 107 109 110 111 112 114 117 118 119 121 125 127 128 132 137 139 140 141 143 144 145 147 148
78 79 80 82 83 90 91 95 99 102 104 105 106 111 114 118 119 122 126 128 129 130 131 133 134 135 137 138 142 143 146 147 148 149
79 80 81 83 85 86 88 91 93 94 95 97 98 103 104 105 106 109 110 113 115 120 122 123 125 128 129 135 137 138 145 146 148
80 82 85 86 87 88 89 91 92 93 98 101 102 109 112 113 114 115 118 119 120 123 124 125 127 128 129 131 132 134 137 142 143 145 146 147 148 149
81 82 84 85 86 88 95 97 98 100 101 103 107 108 109 110 111 115 116 117 119 120 121 122 123 124 127 129 132 134 136 137 138 142 147 149
82 83 85 87 88 90 93 95 98 101 106 107 109 113 119 120 121 124 125 126 128 131 132 133 135 137 138 139 142 146 148
83 85 86 89 92 95 99 102 105 106 107 108 109 110 112 114 115 116 119 121 122 123 125 127 128 131 133 134 135 136 143 144 147 148 149
84 86 89 91 92 93 95 96 99 103 104 106 107 109 112 113 114 115 116 119 120 121 122 123 125 131 135 140 141 144 145 148 149
85 87 92 93 95 96 100 102 104 105 106 108 112 113 114 115 118 120 121 122 124 125 128 130 132 133 134 137 139 143 144 146 148 149
86 94 95 96 98 99 102 103 106 108 110 112 113 117 118 120 121 122 123 125 126 127 129 132 135 137 138 141 142 144 146 149
87 88 90 91 92 94 95 96 98 100 101 102 105 106 107 108 111 112 113 115 116 117 119 127 128 130 132 133 138 139 141 143 144 145 146 147
88 95 96 97 98 102 103 105 106 107 108 111 112 113 115 119 122 123 124 126 127 129 130 132 133 135 141 142 143 147 148 149
89 90 91 92 93 95 99 101 103 107 108 110 111 115 116 118 122 123 124 127 128 129 133 135 139 142 147
90 92 93 95 97 100 102 103 105 107 109 112 113 114 115 119 120 122 123 126 128 129 130 132 133 134 140 141 142 143 145 146 148 149
91 94 95 96 103 104 105 106 110 111 114 116 117 122 123 124 126 128 131 136 138 139 140 142 144 145 146 147 148
92 95 97 102 107 108 112 114 115 116 120 121 124 125 126 127 128 132 133 138 139 141 144 148 149
93 95 96 98 99 100 101 105 106 108 112 115 116 119 121 122 133 135 137 143 144 145 146 148
94 96 99 103 104 105 107 108 109 115 116 117 118 121 123 125 126 129 133 138 139 140 142 143 144 145 146 148 149
95 96 97 99 107 112 116 117 119 120 125 126 128 130 133 134 137 138 140 143 144 145 147 148 149
96 97 98 99 100 102 104 106 110 111 117 119 121 122 125 126 127 129 131 133 134 136 138 140 141 143 144 145 147 148
97 99 100 101 104 105 106 107 109 116 117 125 127 128 130 131 132 133 142 143 146 148 149
98 99 100 101 102 106 108 110 113 114 115 116 120 126 131 132 133 138 139 141 143 144 145 146 148 149
99 100 101 102 105 107 108 109 110 111 112 113 116 120 121 125 130 131 132 133 134 136 141 142 143 144 145 147
100 102 103 104 105 106 107 108 111 113 116 117 118 129 130 131 132 134 135 137 138 139 142 144 145 147
101 102 104 105 106 109 110 112 113 114 116 118 123 124 125 126 127 130 131 134 135 137 138 141 142 147
102 104 106 112 116 118 119 120 121 122 123 124 126 128 130 131 134 135 136 137 140 143 144 146 147 148
103 105 106 108 109 116 118 120 122 125 126 128 129 131 133 135 138 140 142 143 144 147 149
104 105 107 109 110 111 113 114 118 120 121 122 125 126 127 128 129 130 135 138 140 142 144 147 148 149
105 106 107 109 114 115 117 118 119 124 126 128 129 130 131 132 138 139 141 143 147 148
106 107 109 110 112 114 117 119 121 124 125 126 138 139 140 142 146 147
107 108 109 110 115 120 124 126 127 128 130 133 135 137 138 139 140 141 143 145 146 147 148
108 109 110 111 113 114 117 118 121 122 124 126 127 128 132 135 136 139 140 141 143 144 145 149
109 110 111 113 117 119 124 125 126 128 129 132 133 134 135 139 141 142 143 145 146 147 149
110 111 112 113 116 117 119 129 131 134 135 136 138 139 140 142 143 144 146
111 115 116 117 118 123 126 127 128 131 135 137 139 140 142 144 146 149
112 113 114 115 116 121 124 128 129 131 132 134 135 139 140 144 147
113 117 118 120 123 124 126 131 132 133 135 138 139 142 146 148
114 115 116 118 120 124 125 127 131 132 134 136 137 140 144 147 148
115 116 117 118 121 124 125 126 127 129 130 131 134 136 138 140 141 142 146 147 149
116 117 118 119 120 121 122 124 126 128 131 132 133 134 135 137 138 139 140 141 142 143 144 145 146 147 148 149
117 118 119 120 123 124 125 126 127 128 131 132 133 134 135 140 142 143 144 145 146 148
118 122 123 125 134 135 136 138 141 143 144 145 146 147 149
119 121 124 125 126 127 129 130 131 132 136 137 143 144 145 148 149
120 121 125 130 131 133 134 140 143 144 148
121 122 123 127 130 131 132 135 136 138 142 143 144 148
122 123 126 130 134 139 140 141 142 145 146
123 124 125 127 128 134 138 140 142 145 146 147 149
124 125 127 128 129 130 132 138 139 140 142 145 146 148 149
125 128 130 131 135 136 140 141 142 144 147 149
126 128 130 133 134 136 138 144 146 148
127 129 130 133 134 136 137 140 142 146 149
128 131 133 137 139 140 141 142 143 144
129 143 146 148
130 131 134 135 138 140 143 145 146 147 149
131 133 134 137 139 141 143 149
132 133 134 140 141 146 148 149
133 136 138 139 142 143 146 147 149
134 137 138 141 142 143 145 146 147 148 149
135 136 137 138 141 145 147 149
136 137 139 140 141 142 145 146 147 149
137 138 140 141 142 146 147
138 139 141 142 144 145 147 149
139 140 141 142 143 146 147
140 141 143 145 146 148 149
141 143 144 148 149
142 144 145 146 147 148 149
143 144 145 147 148
144
145 148
146 147 148
147
148
149

!141