#RandomGeneratorGraph.py
# GMT Thu Jul  6 08:51:43 2023
# 
0 1 2 4 5 8 9 10 11 12 13 15 16 17 18 20 22 26 27 29 30 31 32 33 34 35 36 38 39 40 41 42 43 44 46 48 49 54 57 58 63 64 65 66 67 71 72 75 77 81 82 84 86 87 92 93 95 96 97 98 101 103 104 105 106 107 108 110 111 113 117 118 120 121 124 125 130 131 132 133 134 135 136 139 140 142 143 144 145 146 147
1 2 3 6 8 9 12 14 15 16 18 20 21 22 23 25 27 28 29 30 31 33 35 36 38 39 40 41 42 44 45 46 48 49 51 52 53 54 56 59 63 64 65 69 70 75 79 80 83 85 86 91 92 93 94 97 98 101 106 107 110 112 113 115 116 118 119 121 122 124 125 126 127 129 130 132 134 137 139 140 141 143 146 148 149
2 3 4 5 6 7 11 12 13 15 19 20 21 23 25 26 27 29 30 31 32 33 35 37 40 42 44 45 46 49 50 52 53 54 55 56 60 61 62 63 65 66 69 70 71 73 74 76 77 81 82 84 85 86 87 88 90 92 94 95 97 99 103 104 106 107 108 111 113 114 116 117 119 121 124 126 127 129 133 134 135 137 138 140 141 142 143 145 146 147 149
3 4 5 7 8 10 12 13 14 15 16 17 19 20 22 26 27 28 29 30 31 32 33 36 37 38 39 40 41 45 46 49 50 51 54 55 56 57 60 62 64 68 69 71 72 75 76 77 78 79 81 82 83 84 87 92 93 94 96 97 99 101 106 108 109 110 111 112 114 115 116 117 119 122 123 124 126 127 128 132 133 134 135 136 140 141 142 143 148 149
4 7 8 11 12 13 16 17 18 21 22 23 24 27 28 30 31 33 34 35 36 38 39 40 42 43 44 45 46 48 50 52 53 54 56 57 59 65 67 69 71 72 73 74 77 80 82 83 84 86 87 88 89 90 91 92 93 94 96 97 98 99 100 101 102 103 104 105 106 107 108 109 110 112 113 114 115 116 118 119 124 125 127 128 129 130 131 132 134 136 139 140 141 142
5 8 9 10 11 12 17 18 19 20 21 22 23 24 25 26 27 28 29 30 31 32 33 35 37 38 39 40 41 42 43 44 46 47 48 49 50 53 54 57 58 61 62 63 64 68 70 71 73 74 75 76 77 78 79 80 81 82 83 86 88 89 90 92 94 95 96 98 99 102 104 105 107 111 114 118 120 121 122 124 125 126 127 128 136 137 138 139 141 142 143 144 145 147 149
6 8 10 11 12 13 14 15 17 20 23 24 25 26 27 30 31 33 34 36 37 38 40 41 42 43 44 46 47 51 52 53 55 56 57 60 61 62 63 64 65 66 67 69 71 72 74 77 78 79 80 81 82 86 87 89 91 94 96 100 102 105 108 109 110 111 112 113 115 116 118 121 124 126 128 129 132 136 138 139 140 141 142 143 144 145 147 149
7 9 11 13 14 15 16 18 20 23 24 26 27 28 29 30 33 34 35 36 37 38 39 40 41 43 44 45 47 48 50 52 53 54 55 56 60 61 62 63 66 68 73 75 76 77 79 83 85 87 88 89 90 91 93 95 98 100 101 102 103 105 106 107 108 110 113 117 118 119 121 122 124 125 126 127 129 131 136 137 140 141 142 147
8 10 12 14 15 21 24 26 29 31 34 35 37 38 39 40 41 45 46 47 49 53 58 60 61 64 65 67 68 69 72 73 74 76 77 78 80 82 83 85 86 89 90 92 94 95 96 98 99 100 102 105 106 110 113 114 115 116 118 124 125 126 128 129 131 132 134 136 138 139 144 146 149
9 11 12 15 16 17 18 19 21 22 23 25 27 28 32 35 39 40 42 44 47 49 52 53 54 62 63 64 68 70 74 75 77 78 79 81 82 83 84 85 86 88 89 90 91 93 94 96 99 100 101 106 107 108 109 110 116 119 120 122 124 126 127 130 131 132 133 134 135 136 137 138 139 142 143 146 147 148 149
10 12 13 14 17 18 20 21 25 26 28 30 31 32 33 34 39 40 42 45 47 48 49 50 52 53 55 57 58 59 63 64 65 66 68 69 70 72 73 74 75 78 79 80 81 82 83 84 88 89 92 94 95 97 98 99 101 102 103 104 105 106 109 112 117 118 119 122 123 124 126 127 131 132 133 134 135 136 137 138 139 140 142 143 149
11 12 14 16 17 18 20 21 24 25 27 28 30 31 32 34 36 37 39 40 41 44 45 48 50 51 52 53 54 55 56 59 60 61 62 63 64 66 69 70 72 76 79 80 81 82 83 85 86 88 91 92 93 94 95 100 102 103 107 108 110 112 113 114 115 116 117 118 119 122 123 124 126 127 128 129 130 131 132 135 136 139 140 141 142 143 144 145 146 148 149
12 13 14 15 16 17 19 20 22 23 24 26 27 28 29 30 33 35 36 37 39 40 43 44 45 46 47 48 49 50 51 52 54 55 57 58 59 62 67 68 69 70 72 73 74 75 76 78 79 80 81 82 88 89 93 95 97 100 102 104 105 106 108 109 110 112 114 115 118 121 122 123 125 126 129 130 132 134 136 139 140 144 145 146 147 149
13 14 15 16 17 19 22 23 24 26 27 28 30 33 34 35 36 37 38 40 41 42 43 44 45 47 50 52 53 54 55 59 63 65 66 72 73 74 75 76 79 80 81 84 85 89 90 91 93 95 98 99 100 103 104 105 107 108 112 114 115 117 119 120 121 124 125 126 129 133 134 135 137 138 139 140 147 148
14 17 19 20 25 26 27 28 29 32 33 34 35 39 41 44 45 46 47 48 49 50 52 54 62 72 73 79 80 83 84 85 86 89 90 91 92 93 95 96 98 101 103 104 105 106 108 109 111 112 114 117 118 119 120 121 123 126 128 129 130 131 134 135 136 137 138 139 140 142 143
15 20 21 22 24 27 29 31 32 33 34 35 36 37 39 40 42 45 46 49 51 52 53 56 57 58 59 60 61 63 64 65 66 73 74 77 78 79 80 81 85 87 88 89 91 93 94 95 99 103 105 106 108 110 111 112 113 114 117 118 120 123 125 126 129 131 132 133 134 135 136 138 141 142 143 146 148
16 18 20 22 24 27 29 30 31 33 36 37 38 39 40 41 42 43 47 49 50 51 53 54 55 56 57 58 59 60 62 63 64 65 66 67 69 71 72 77 81 84 85 86 92 93 95 96 97 98 103 104 105 106 108 110 111 114 116 119 120 121 125 126 129 132 133 134 136 140 145 147
17 18 21 23 24 26 27 28 29 30 31 32 33 35 37 38 42 43 45 47 48 49 50 51 52 53 54 55 58 59 62 63 64 65 66 68 69 71 73 74 75 76 77 79 80 81 84 85 87 91 92 93 94 95 96 100 101 102 104 106 107 108 110 112 115 116 118 119 120 121 122 124 126 128 129 131 132 134 135 136 137 138 143 144 145 146 148
18 21 25 26 27 29 30 31 32 33 34 36 37 38 39 40 43 46 47 48 50 51 52 53 55 56 59 62 63 64 65 66 70 73 76 77 78 81 82 83 84 85 87 89 90 91 92 93 95 96 99 102 105 107 108 113 114 116 119 121 122 124 125 126 128 130 131 132 133 134 135 137 138 139 142 143 144 145 148
19 20 21 22 25 27 28 29 30 32 33 35 36 37 39 40 41 44 48 49 54 55 56 57 58 59 62 67 68 69 70 71 73 75 76 79 80 81 82 83 85 86 87 88 89 91 93 96 97 98 99 100 101 104 105 106 107 108 110 111 114 115 117 118 119 121 122 124 127 129 130 132 134 135 137 138 139 140 141 143 145 147
20 21 23 26 30 31 36 37 39 40 41 42 43 45 46 47 48 51 53 54 55 56 57 58 59 60 62 63 64 65 66 67 68 69 70 71 72 74 76 78 79 82 83 84 86 88 89 90 91 94 96 98 100 101 103 104 106 107 108 110 111 112 114 116 118 122 126 127 128 129 130 131 134 137 140 141 142 143 146 147 148 149
21 23 24 26 27 28 29 30 32 33 34 37 40 43 44 46 48 51 52 53 54 55 56 57 58 59 60 63 65 66 67 73 74 75 76 78 82 83 86 88 90 91 92 93 95 96 98 100 103 104 105 106 107 109 110 111 117 118 121 122 130 131 134 136 137 138 139 143 144 145 147 149
22 23 27 28 29 30 31 32 33 36 38 40 41 43 45 46 47 48 49 50 54 56 57 58 59 60 61 62 63 64 65 66 68 70 71 74 76 77 78 79 81 84 85 88 89 90 91 97 99 103 104 105 107 111 112 114 118 119 120 122 123 124 127 129 132 133 135 136 137 139 140 144 145 146 147 148
23 24 29 30 31 33 34 35 37 38 40 41 43 44 45 46 47 49 51 52 53 55 56 60 61 64 67 68 69 70 72 73 74 79 81 82 83 84 86 87 90 91 94 95 96 100 102 103 105 106 107 108 109 110 111 112 113 116 118 120 122 123 124 125 127 128 129 131 132 133 134 136 138 140 141 144 146 149
24 25 26 28 29 30 31 32 33 35 39 41 42 43 44 45 47 49 50 52 53 55 62 65 71 72 73 74 78 80 82 83 87 90 93 94 96 98 101 102 103 105 106 110 112 113 114 116 118 122 123 125 128 130 131 132 135 136 137 139 140 141 142 147 148 149
25 27 29 30 32 34 36 38 39 41 42 43 48 49 50 51 53 55 56 60 65 66 68 69 71 72 73 74 75 77 78 81 82 84 85 86 88 89 91 93 95 96 97 98 99 104 106 107 108 109 111 114 116 119 120 121 123 124 125 126 127 128 129 130 135 136 137 138 142 145 146 147
26 27 30 31 33 34 36 37 42 43 44 46 47 48 49 50 51 52 56 58 59 60 61 64 65 67 68 70 71 72 73 75 76 79 80 81 82 83 86 87 88 89 91 92 93 94 95 97 98 100 105 107 108 109 110 111 112 115 116 117 119 120 121 122 123 125 128 131 133 134 135 136 138 139 140 141 142 143 144 147 149
27 29 30 32 33 36 37 38 43 47 49 50 53 54 55 57 58 59 60 62 67 69 75 76 77 79 80 83 84 85 87 88 89 91 94 95 96 97 101 102 103 104 105 107 111 117 118 119 120 121 125 127 129 130 131 132 137 138 140 141 143 145 146 147 148 149
28 29 31 34 35 37 42 46 48 50 51 53 55 56 57 59 61 62 65 66 69 71 72 73 74 77 78 79 80 81 82 83 84 87 88 89 90 91 92 94 95 96 97 99 100 102 104 105 107 109 111 112 114 115 117 120 123 125 126 129 130 131 132 133 134 137 138 139 140 141 142 143
29 30 33 35 39 40 43 44 46 47 48 49 55 57 59 61 63 64 66 69 70 71 72 73 74 75 76 78 79 80 81 82 84 86 88 89 90 91 92 95 96 97 98 99 100 101 109 110 112 114 115 117 118 119 122 123 124 126 129 130 131 132 135 136 137 138 140 141 142 143 144 145 146
30 32 33 36 38 40 41 42 43 45 48 49 51 52 54 55 57 59 61 62 64 66 67 69 71 73 75 77 78 79 81 82 84 85 86 87 89 90 91 92 95 96 97 98 99 100 104 105 107 109 110 111 113 114 115 116 117 118 119 120 124 125 126 127 128 130 131 132 134 135 136 138 141 142 143 146 147 149
31 34 37 40 41 42 45 47 48 49 50 52 54 55 57 58 59 61 63 64 66 68 70 74 75 76 77 79 80 82 83 84 86 89 90 91 93 94 96 99 101 104 105 107 109 110 112 114 118 119 121 122 123 124 125 127 128 131 132 133 135 136 138 139 142 143 145 148
32 33 34 35 37 38 39 41 44 46 47 50 51 52 53 56 57 58 60 61 62 63 65 66 67 69 70 71 72 73 76 79 80 81 83 84 85 87 90 93 95 96 97 101 102 104 105 108 111 112 113 115 117 119 120 121 122 125 126 127 128 129 131 132 133 135 138 141 142 144 146 148
33 34 37 39 40 41 44 45 47 50 51 52 58 59 60 68 69 74 75 76 78 81 82 86 89 92 94 95 96 98 101 102 103 104 105 107 108 110 111 112 114 115 117 119 122 123 125 126 128 129 130 134 135 136 137 138 139 141 142 144 145 148 149
34 36 37 39 40 41 42 43 44 46 47 48 49 52 56 57 58 59 60 65 66 67 68 69 71 72 76 77 78 80 82 83 84 87 96 98 99 100 102 104 107 108 109 110 111 112 113 115 116 117 119 121 124 125 127 129 130 131 132 133 134 135 136 138 139 141 142 146 147 148 149
35 36 37 38 39 41 43 44 45 51 58 59 62 64 65 66 69 70 71 72 73 75 76 78 80 81 83 86 87 90 92 93 94 95 99 101 103 105 106 107 108 109 110 111 113 114 115 117 118 119 120 121 125 126 127 128 129 131 132 134 135 136 138 139 142 143 146 147 148 149
36 37 38 39 40 41 44 46 47 51 52 53 55 56 59 61 62 63 65 66 68 72 73 75 77 78 80 85 87 88 89 90 91 92 94 95 96 97 98 99 101 105 106 107 109 112 113 115 117 119 122 123 127 129 130 131 134 137 138 141 142 143 144 145 147
37 38 41 42 43 46 49 51 52 55 57 58 59 62 63 64 65 68 69 70 73 74 75 76 77 80 81 82 83 84 85 86 88 89 92 95 96 97 98 99 101 102 104 105 106 107 108 109 110 112 114 115 116 117 120 121 122 123 124 126 127 128 129 131 134 136 138 140 141 144 147 148 149
38 40 41 43 45 46 47 48 50 54 55 58 60 63 64 65 66 67 76 80 81 83 84 85 86 88 89 91 92 93 94 97 99 103 104 105 107 108 109 110 113 114 115 116 117 119 121 122 126 127 128 131 132 133 134 137 142 144 148
39 41 43 45 46 47 48 49 50 51 52 53 55 57 58 63 64 66 67 68 70 74 75 76 78 80 82 85 86 87 88 89 92 95 96 97 99 101 102 103 106 107 110 111 112 113 114 115 117 118 120 122 123 124 126 130 131 132 133 135 137 138 139 141 142 143 144 145 147 148 149
40 41 43 44 45 46 47 49 51 53 54 55 58 60 62 63 64 65 68 69 70 71 73 74 75 76 77 79 81 83 84 85 86 87 88 89 92 93 94 96 97 101 103 104 105 107 108 109 111 114 117 118 119 121 122 123 124 125 129 130 131 132 133 134 135 136 137 138 139 140 142 143 144 145 146 147 148
41 44 46 49 51 53 56 59 60 61 62 63 64 66 67 68 70 72 74 75 76 77 78 79 80 81 82 83 84 85 87 88 89 92 94 95 96 97 100 101 102 103 105 106 107 108 110 113 114 115 116 117 120 121 125 127 128 129 130 132 133 134 135 136 138 141 142 143 146
42 45 49 51 52 54 55 60 62 64 65 66 70 71 72 73 77 78 79 80 85 87 88 89 91 96 97 102 103 104 105 107 108 109 110 114 116 117 119 120 121 122 125 127 128 130 132 133 134 136 137 138 139 140 141 142 144 145 146 148 149
43 44 45 46 47 49 51 54 57 58 61 63 64 65 66 67 68 70 71 73 76 77 78 81 82 84 86 87 90 91 92 93 96 97 99 101 106 107 108 109 110 112 113 116 117 119 120 121 122 123 124 125 128 129 130 132 133 134 136 139 140 143 144 145 149
44 48 49 52 53 54 56 57 59 60 62 65 66 67 68 70 72 73 74 75 76 77 78 81 82 84 86 87 90 91 93 99 100 101 102 103 105 107 109 112 113 114 115 117 120 122 124 125 126 128 129 130 131 133 135 138 140 141 142 143 144 146 148
45 46 54 60 64 65 67 68 69 71 73 74 75 76 77 78 80 84 85 86 87 90 92 93 94 95 96 97 98 100 102 104 105 106 107 108 110 111 112 114 115 116 118 119 120 121 123 126 127 129 130 132 133 136 137 139 140 144 147 148 149
46 47 49 52 53 56 58 59 61 62 63 64 66 69 70 71 73 74 75 81 84 85 87 88 91 92 95 97 98 99 100 101 103 106 107 109 110 111 112 115 117 118 120 121 124 127 128 129 131 132 138 140 141 145 146 148 149
47 48 49 53 54 55 56 57 58 60 61 62 63 64 67 70 71 74 76 79 80 83 84 85 87 88 89 90 91 92 93 96 100 103 105 107 109 115 116 120 121 122 123 124 125 126 129 130 131 132 133 134 137 139 141 144 146 149
48 49 51 52 53 54 55 56 57 58 61 62 63 68 71 72 73 74 76 78 79 81 83 84 85 86 87 88 90 91 92 94 95 97 99 101 102 103 104 105 106 107 111 112 114 115 116 117 118 121 122 123 124 125 126 128 131 134 136 137 138 139 140 141 144 145 146
49 50 51 55 56 57 59 60 61 62 65 67 68 69 71 72 74 75 80 83 86 87 89 92 93 94 95 98 102 103 105 107 108 110 111 112 113 117 118 119 121 122 123 124 127 130 133 134 135 136 137 138 140 143 146 147 148
50 51 52 54 56 58 59 62 64 65 68 69 71 75 76 77 78 79 81 83 84 87 88 91 94 98 99 102 103 105 107 108 110 117 118 122 123 126 129 130 132 133 135 137 139 140 141 144 145 146 148 149
51 55 56 57 60 61 63 64 66 67 69 71 75 76 77 78 80 81 83 85 86 87 90 94 95 98 99 102 103 106 107 108 110 111 113 114 115 119 120 122 125 126 127 128 130 132 133 134 137 138 141 142 143 144 145 147 148 149
52 53 55 57 59 60 61 63 66 67 70 73 74 77 78 80 81 82 83 86 87 89 90 91 92 95 96 97 98 103 104 105 110 111 112 115 116 117 121 122 128 130 134 135 137 138 141 142 145 147 149
53 54 55 56 57 58 62 63 68 69 71 72 73 75 76 77 81 85 86 89 92 94 95 96 98 99 100 102 103 104 105 106 107 108 109 110 111 114 115 118 119 122 124 126 128 130 133 135 136 137 138 139 140 141 142 143 144 145 147 148 149
54 56 58 60 61 64 65 67 68 70 72 74 75 76 77 79 80 81 82 83 84 86 88 92 93 94 96 97 99 100 101 107 110 111 113 115 116 117 118 119 122 124 128 129 130 131 132 133 134 136 137 138 140 141 142 146 147 148 149
55 57 60 62 63 64 65 67 68 69 70 71 73 74 75 76 78 79 83 84 85 86 87 89 93 95 96 97 99 100 102 106 110 111 114 116 118 119 121 123 126 127 128 129 130 131 132 134 138 139 140 141 142 143 144 146 147 148
56 57 58 59 60 62 65 67 68 70 71 73 74 76 78 79 82 84 86 90 91 94 96 98 99 102 103 104 106 107 108 112 113 115 118 120 121 122 123 124 126 128 129 131 133 134 136 137 138 139 140 142 144 145 146 147 149
57 58 59 60 61 62 63 69 71 72 76 78 79 80 81 82 83 86 87 88 90 91 92 93 94 98 100 102 104 105 110 111 113 115 116 117 119 120 121 122 126 127 128 129 130 132 134 135 136 138 140 144 145 146 148 149
58 59 60 61 63 64 65 66 68 70 71 73 74 75 76 78 79 81 82 83 84 86 88 89 92 93 94 100 103 105 107 108 109 110 111 112 113 114 116 117 121 126 128 130 131 132 134 136 137 140 142 143 145 147 148 149
59 60 61 62 65 66 67 68 69 70 72 73 74 75 76 81 83 84 85 87 88 89 91 93 94 98 99 100 101 104 105 107 108 109 111 112 113 117 120 121 122 123 126 129 130 131 132 133 134 135 136 137 141 142 143 144 145 146 148
60 61 64 69 70 71 72 74 76 78 79 80 81 82 83 84 85 86 88 89 90 91 92 96 98 99 100 101 102 103 104 105 106 109 110 111 113 115 116 117 119 120 121 124 126 129 130 132 135 136 138 139 140 142 143 145 146 147 148 149
61 66 67 69 71 73 75 76 79 81 83 84 85 86 89 90 91 93 96 98 99 101 102 103 104 105 106 108 110 116 117 120 121 122 123 124 126 127 128 131 133 135 136 137 139 144 145 146 147 149
62 63 65 68 69 72 73 75 77 79 81 83 85 86 88 89 91 94 96 97 99 101 102 103 106 111 112 113 114 116 117 118 120 123 126 128 133 135 137 138 140 142 143 144 147 148 149
63 64 66 68 69 70 71 73 74 75 76 78 79 81 83 84 85 89 97 98 100 104 106 107 108 109 110 113 115 116 119 120 124 125 126 127 128 129 130 132 133 134 135 136 141 142 143 144 145 146 147 148
64 65 67 70 72 73 75 77 78 80 81 82 83 84 86 88 89 90 91 92 94 99 103 104 106 108 110 111 112 113 114 115 116 117 120 122 123 125 129 130 131 132 134 135 136 137 139 141 142 143 144 149
65 67 69 70 71 74 75 76 77 79 80 81 84 86 87 88 90 91 92 95 96 97 99 100 101 102 103 104 105 106 108 111 112 113 114 117 118 119 120 121 122 123 125 126 127 128 131 132 133 134 136 138 139 140 141 145 147 149
66 70 71 75 77 82 87 89 90 93 96 97 100 101 102 104 105 106 113 114 115 116 118 119 122 125 126 127 128 132 134 135 138 142 143 144 145 146 149
67 69 71 73 74 75 77 78 79 83 84 85 87 89 93 96 98 99 100 101 104 105 110 112 113 114 115 116 117 119 122 123 124 125 126 127 129 133 135 137 139 140 142 143 144 148 149
68 73 75 76 80 81 82 83 84 85 86 88 89 90 91 92 94 95 97 98 99 101 105 107 109 110 111 112 113 115 120 122 125 127 128 129 130 132 133 135 136 138 139 140 141 142 143 146 149
69 71 74 75 78 79 81 82 83 86 89 91 92 94 95 96 97 98 99 100 101 102 104 106 107 109 111 112 114 115 116 118 120 122 123 125 126 129 131 132 135 137 139 140 144 145 147 149
70 73 74 76 77 79 83 85 89 90 92 94 95 96 99 101 102 103 105 107 108 109 110 114 115 117 119 121 124 126 127 128 132 133 134 135 136 138 142 145 146 147 148 149
71 72 74 75 77 78 80 82 83 84 87 89 91 93 94 97 98 100 101 102 104 105 106 107 108 110 111 112 115 116 117 118 123 124 125 126 129 131 132 133 135 136 137 138 140 141 144 148 149
72 73 74 76 77 78 79 80 81 84 86 88 94 96 97 98 100 101 104 107 108 109 110 112 113 115 116 117 118 120 123 125 128 129 131 133 134 135 137 138 139 140 141 142 143 145 146 147
73 74 75 76 77 78 79 80 81 82 83 84 86 87 90 91 92 94 95 96 97 100 102 104 105 107 108 110 115 116 118 119 120 121 122 123 124 125 126 127 132 133 135 138 139 140 142 144 145 146 147 148
74 75 77 82 83 84 85 87 89 90 91 94 95 96 97 98 99 100 101 102 103 105 106 108 109 113 116 117 118 119 122 124 125 126 127 129 132 133 134 136 139 140 141 142 145 147 149
75 76 77 78 79 83 86 87 88 89 90 91 92 94 95 99 101 104 105 107 108 109 111 113 114 116 117 118 120 122 126 127 128 129 130 132 133 134 135 138 141 142 143 146
76 77 78 79 81 84 86 89 91 92 93 97 98 99 101 102 103 104 108 109 112 113 114 116 117 118 121 124 125 129 130 137 141 144 145 146 148 149
77 82 83 84 85 88 90 93 94 95 99 100 101 103 104 105 108 109 110 111 112 115 117 118 119 120 121 123 124 125 127 128 131 132 133 134 136 138 140 142 143 144 146 147 149
78 81 82 83 84 86 87 91 92 93 94 95 96 97 98 99 100 101 102 103 104 106 107 110 111 113 114 116 117 119 120 121 122 123 126 128 129 130 131 132 135 137 139 140 142 143 144 145 147 148 149
79 80 82 84 85 87 88 89 91 93 96 97 98 100 101 104 106 110 111 113 114 118 121 122 123 125 127 130 131 133 141 142 144 146 147 149
80 81 82 88 90 91 93 94 95 98 99 100 102 104 105 107 108 109 110 112 115 116 119 121 123 125 129 131 132 134 135 137 138 139 143 144 146 148 149
81 83 84 85 86 87 88 94 95 96 97 100 101 102 105 108 113 115 120 121 122 123 124 128 129 132 134 135 136 137 138 139 142 144 145 146 147 148 149
82 85 87 89 91 92 93 95 96 99 100 101 104 110 111 113 115 116 118 119 121 122 124 125 126 131 133 134 136 139 141 142 143 144 148
83 84 85 86 89 91 92 93 94 96 98 100 101 103 105 108 109 110 112 116 117 118 120 121 122 124 125 126 130 132 133 138 139 140 141 143 145 146 148
84 85 86 87 88 89 90 91 92 97 98 101 102 103 106 107 108 111 112 115 116 117 120 121 122 123 125 126 127 128 129 130 131 132 133 137 138 141 142 143 145
85 87 89 91 93 96 97 99 102 103 104 106 107 108 109 112 113 114 117 119 120 121 122 123 126 129 131 132 133 135 137 140 142 143 144 145 146 147 148
86 87 89 90 91 92 93 95 96 97 98 99 103 104 105 107 108 109 110 112 115 118 120 122 123 124 126 131 132 133 134 139 140 142 143 144 145 146 147 148 149
87 88 90 91 92 93 94 96 98 99 100 104 108 109 110 111 112 114 115 118 119 120 121 122 124 125 126 127 129 130 132 134 135 136 138 139 140 141 142 144 147 148 149
88 90 91 92 94 95 96 99 100 103 106 107 108 109 111 112 116 117 118 120 123 125 126 127 128 131 132 134 135 136 138 139 140 142 143 146 149
89 90 92 93 94 95 96 97 101 104 105 106 108 112 114 115 125 128 132 134 135 136 137 141 143 144 145 146 148
90 96 97 99 100 103 104 107 108 110 111 113 114 115 116 117 122 123 125 129 130 132 135 136 137 139 140 143 144 145 146 147
91 93 95 96 97 99 100 101 105 106 108 109 112 114 118 121 122 124 125 127 128 131 132 133 134 135 139 140 141 142 143 148
92 93 94 96 97 98 100 101 102 104 105 106 109 111 112 113 114 115 116 118 119 121 125 127 129 131 132 134 135 136 138 139 143 144 147 149
93 94 97 101 102 103 104 105 106 108 112 114 115 116 117 118 119 120 121 126 127 128 130 132 133 134 135 136 140 141 142 143 144 145 146 147 148
94 95 98 99 101 103 104 105 107 108 109 110 112 114 115 117 122 123 124 125 126 127 128 132 133 135 136 140 141 143 146 147 148 149
95 96 97 99 101 102 103 107 108 110 112 113 114 115 118 121 122 126 127 129 130 131 132 133 135 137 138 140 141 142 145 146 148 149
96 97 99 100 101 102 103 107 108 110 111 112 113 115 118 120 122 124 126 128 129 130 131 132 134 136 137 138 139 140 141 143 144 145 146 147 148
97 99 101 102 104 105 106 108 110 112 113 116 117 118 121 122 123 126 127 128 129 130 131 135 137 138 139 140 141 143 146 147
98 99 100 104 105 111 113 114 115 117 118 119 120 121 122 123 124 125 126 128 129 131 132 134 135 137 138 139 141 142 144 146 147
99 100 103 104 105 106 107 108 111 112 113 114 116 117 118 119 120 122 124 126 127 128 129 130 131 132 133 134 135 136 137 138 139 142 143 144 145 146 147 148
100 101 102 105 106 107 108 109 110 111 112 114 116 119 120 121 122 124 125 128 133 134 139 143 144 145 147 148 149
101 103 104 105 107 111 112 113 115 119 122 123 124 125 126 127 128 130 131 133 135 136 137 139 141 142 145 146 147
102 103 109 110 112 113 114 115 116 117 118 120 122 126 128 129 133 135 138 139 140 144 145 146 147 149
103 104 105 107 108 110 111 112 113 114 115 118 119 122 123 124 129 130 131 132 133 138 139 140 141 143 144 145 146 147 149
104 105 108 111 113 116 117 119 120 123 124 125 126 127 130 131 132 133 138 139 141 142 143 144 145 146 149
105 107 108 110 112 114 115 116 118 121 122 125 127 129 130 133 134 135 138 141 142 143 146 148 149
106 108 112 113 115 116 117 118 120 121 123 125 127 129 131 134 135 137 138 139 140 142 143 145 146 147
107 108 111 112 113 114 115 116 117 118 119 120 121 122 123 124 127 128 129 130 131 133 135 137 138 144 145 146 148
108 114 115 116 118 119 121 122 123 124 125 127 131 133 134 135 136 137 138 140 142 144 147 148
109 110 111 112 113 114 115 116 117 120 122 123 124 125 127 128 129 130 133 134 137 139 140 141 142 143 146 147
110 111 112 113 115 116 118 119 120 122 124 125 126 127 129 130 135 136 137 139 140 142 144 146 147
111 112 113 115 116 118 119 121 123 124 125 126 129 134 135 136 139 141 142 143 144 145 146 147
112 113 116 118 120 122 123 124 128 129 130 131 133 135 136 137 139 140 142 146 147 149
113 114 115 116 117 118 119 120 121 122 123 125 126 127 129 131 132 133 135 137 138 139 141 142 143 145 146
114 116 117 119 122 124 128 130 132 133 134 135 137 138 140 141 142 144 145 148
115 116 117 119 125 129 131 133 134 135 136 138 139 140 141 143 146 147 149
116 118 119 120 122 124 125 126 129 130 131 133 134 136 137 138 143 146 147 149
117 118 120 121 122 123 125 126 127 128 129 131 132 133 136 137 138 139 140 142 143 144 145 146 148 149
118 119 120 121 123 124 126 127 129 132 134 136 139 140 142 144 145 147
119 120 121 124 128 129 130 131 132 133 134 136 137 138 140 144 148
120 124 130 132 133 135 137 140 141 143 144 145 146 147 148 149
121 122 124 125 128 130 131 133 135 137 138 143 144 146 148
122 123 125 131 134 136 142 145 146
123 124 125 126 127 129 130 131 133 134 136 138 140 141 142 143 147
124 125 129 133 134 139 142 143 145 146 149
125 127 129 130 132 135 140 141 144 145 148 149
126 127 129 130 132 134 135 137 139 140 141 142 145 146 147
127 128 131 132 134 135 137 140 142 143 146 147 148 149
128 130 131 132 136 138 139 140 143 144 145 146 147 148 149
129 131 132 133 134 137 142 144 145 146 147
130 132 134 136 137 138 139 140 147 148
131 133 141 143 144 146 147 148 149
132 135 136 140 145 147 148
133 136 138 141 143 144 146 148
134 139 141 142 143 144 145
135 138 140 141 146 147
136 138 139 140 141 143 144 146 147 148 149
137 139 141 143 144 145 147
138 140 141 143 144 145 146 148
139 140 141 143 144 146 147 148
140 141 142 143 148
141 143 145 146 148 149
142 143 144 146 147
143 144 145 147 148 149
144 146 147 148 149
145 147 148
146 147 149
147 148 149
148
149

!143