#RandomGeneratorDifficultGraph.py
# GMT Tue Jul 18 12:48:11 2023
# 
0 2 4 6 11 12 14 15 16 20 23 26 28 37 38 39 43 46 47 48 54 56 57 58 60 62 64 68 70 74 75 78 82 83 90 91 92 93 95 96
1 2 7 9 10 12 13 15 18 19 22 23 24 27 30 32 33 34 39 41 43 50 51 54 57 60 65 66 67 69 73 75 81 82 84 88 99
2 4 5 7 12 16 21 28 29 35 38 41 44 47 49 50 55 66 67 69 71 72 73 75 77 80 81 82 84 85 88 99
3 5 6 7 11 12 15 16 22 25 27 28 31 32 33 35 36 37 41 43 50 51 59 61 64 68 69 70 72 75 78 84 87 88 89 90 93 96
4 7 8 9 10 12 19 20 27 28 29 31 32 33 35 36 37 38 43 47 51 58 61 63 64 65 68 69 70 71 76 78 79 84 85 87 89 90 94 95 99
5 12 16 22 23 24 30 37 38 39 41 44 45 47 49 52 53 55 58 59 61 65 69 71 73 74 75 76 77 78 82 84 90 91 92 94 96
6 7 11 18 19 23 25 26 33 34 36 38 42 44 45 48 50 53 54 55 56 58 59 61 66 67 73 75 77 78 82 87 89 90 95 96
7 8 10 11 15 16 18 19 20 24 26 27 28 31 36 37 41 42 47 48 51 54 56 59 60 62 65 66 70 71 72 74 75 78 80 83 84 88 90 93 97
8 12 14 22 23 27 29 30 32 34 36 39 43 49 54 57 58 60 61 64 66 70 72 76 80 81 82 86 89 90 91 92 93 95 96 98 99
9 10 11 12 14 16 18 20 23 29 32 33 37 39 45 47 48 50 56 58 63 65 66 67 71 72 75 78 80 84 86 87 88 89 91 93 94 96 97 99
10 11 12 13 16 18 19 20 25 26 27 39 49 57 64 66 71 76 78 83 87 91 94 97 99
11 12 13 14 15 17 18 19 22 28 30 32 34 35 36 38 39 40 41 46 48 49 50 52 53 54 56 57 58 59 64 67 71 75 76 78 79 80 90 91 97 99
12 13 14 17 21 24 26 27 28 31 32 33 38 40 48 49 50 52 53 54 55 56 57 62 63 65 66 67 68 69 73 77 78 79 82 85 87 88 90 91 92 93 96 97
13 16 17 19 20 21 25 26 27 28 29 32 33 36 41 43 45 50 51 52 53 55 57 58 61 63 65 66 67 71 79 80 82 85 87 88 89 90 95
14 15 17 19 20 24 26 28 29 31 36 41 44 51 57 60 64 65 66 77 80 82 86 87 95 97
15 16 17 29 33 35 37 38 39 40 46 47 48 49 50 51 52 56 57 59 64 65 68 70 73 74 77 80 81 82 84 88 89 90 92 95 99
16 22 23 26 27 28 32 36 40 42 46 47 48 51 52 56 58 59 60 65 68 69 70 71 72 73 74 83 88 89 93 94 95 98
17 19 20 21 22 24 26 29 31 32 33 40 47 48 50 51 53 55 56 60 61 67 70 71 72 74 76 79 80 83 86 87 92 97
18 19 23 24 26 29 33 35 36 37 41 49 51 56 57 59 60 63 65 67 70 71 75 80 82 84 85 88 89 90 91 92 93 96 97 99
19 21 22 24 27 30 32 33 36 40 42 43 45 47 49 51 56 57 61 67 68 69 70 76 81 85 87 89 90 91 98 99
20 21 24 26 30 34 35 36 37 39 40 43 46 50 51 53 54 55 56 58 59 62 64 68 71 73 76 78 81 83 85 86 90 91 92 95 97
21 23 24 29 30 31 32 35 37 38 40 41 43 44 49 52 54 56 58 59 61 62 63 64 65 66 67 68 69 77 78 86 87 89 91 93 94 95 97
22 25 26 27 32 34 37 38 39 40 43 44 45 46 48 52 61 64 70 72 75 80 81 84 85 86 92 93 95 96 97
23 24 26 27 29 31 32 33 34 38 39 40 44 46 47 52 53 54 55 56 60 68 70 74 76 83 85 86 87 88 93 95 97 98
24 30 31 32 33 34 36 40 45 48 49 53 55 56 60 61 65 67 68 69 72 75 78 79 81 82 85 86 87 90 91 95 97 98
25 28 31 33 35 39 41 45 47 48 49 56 60 65 66 67 69 72 73 75 77 80 81 87 90 93 94 99
26 29 34 35 38 39 41 42 44 45 46 47 49 50 54 57 60 65 66 69 70 71 72 73 74 77 79 80 81 82 83 86 92 97 98
27 29 30 36 37 42 44 47 48 49 51 52 54 55 60 62 63 65 66 67 68 70 71 73 74 76 77 78 83 87 92 93 95 96 97
28 29 30 32 33 38 39 43 44 45 53 55 59 60 67 68 84 85 86 89
29 31 35 36 37 38 42 50 52 57 59 60 64 66 70 74 77 89 91 92 99
30 31 32 34 38 40 41 43 44 48 51 53 54 55 61 62 65 69 70 71 74 75 78 81 83 86 87 88 96 98
31 33 36 38 39 40 41 42 44 46 47 49 51 54 56 57 59 60 61 65 67 68 69 75 76 77 79 82 83 85 92 98 99
32 35 36 37 38 39 41 44 47 50 54 55 59 62 63 65 66 67 68 70 71 73 75 77 78 79 81 83 85 86 87 90 91 93 95 97 98
33 35 37 38 42 44 45 47 49 51 53 54 57 64 65 70 77 78 79 80 85 86 87 89 91 93 95 96
34 35 36 37 38 39 42 48 49 50 51 55 65 67 68 70 73 74 78 79 81 83 85 88 89 92 95 97
35 39 40 41 42 46 48 55 56 59 61 62 63 69 70 71 73 75 80 85 89 91 96 97
36 38 42 44 45 50 53 54 58 61 62 65 67 69 70 71 77 78 80 82 85 86 88 90 91 95 97 98 99
37 38 39 41 42 43 45 50 52 56 58 63 65 67 68 71 74 77 81 82 84 88 90 92 95 97 98 99
38 39 40 46 47 48 49 50 51 52 53 54 56 58 59 67 68 69 70 74 76 78 83 84 85 86 87 89 90 92 94 95 96 97
39 40 42 45 48 49 51 52 53 55 58 63 65 68 70 72 74 79 82 84 87 88 89 90 91 92 93
40 42 43 47 49 50 57 61 63 70 76 79 80 81 82 83 84 86 89 93 94 96 99
41 42 44 45 50 51 54 55 57 60 61 64 66 67 68 69 82 84 86 87 88 95 97 99
42 43 45 50 53 56 58 60 62 63 70 72 74 76 78 79 83 84 86 90 95 97
43 45 48 49 50 53 54 59 61 62 65 67 70 71 72 87 95 98
44 46 53 54 56 58 67 69 70 74 75 77 78 79 84 85 86 88 90 91 92 94 95 97 99
45 46 47 48 50 56 58 62 66 67 68 70 71 73 77 80 82 88 90 92 93 94 95
46 47 49 50 52 57 58 60 61 62 64 65 70 72 74 81 83 84 85 90 91 95 96 99
47 48 50 52 57 58 60 63 72 73 74 77 80 83 84 85 90 98 99
48 50 51 53 55 57 59 69 73 77 78 80 81 82 83 85 87 88 93 97 98 99
49 50 52 54 58 63 64 66 74 79 81 85 94 97
50 53 55 56 63 64 71 78 82 83 87 88 96 97
51 53 54 59 60 62 65 69 71 75 76 79 80 82 84 93 96 98
52 54 55 64 66 67 75 77 78 79 80 88 89 90 93 94 96 97
53 56 59 60 61 66 68 69 70 71 74 75 77 81 83 85 87 90 92 93 97 98 99
54 55 59 61 64 68 69 70 75 76 77 86 87 88 89 95 98 99
55 60 61 62 64 65 66 67 71 72 73 74 75 77 78 80 81 83 86 87 89 91 95 98
56 59 67 69 70 73 75 76 77 81 84 85 91 93 95
57 62 63 64 67 68 69 71 73 75 76 77 78 79 80 85 87 92 95 97 99
58 59 64 66 69 72 76 77 79 84 88 89 92 95 96
59 63 64 65 66 67 70 75 77 79 84 93 94 95 97
60 62 63 65 68 70 76 78 81 82 85 91 93 94
61 65 68 69 71 75 76 77 79 81 82 84 85 86 87 88 92 94 96 99
62 63 67 69 70 72 74 75 77 78 80 84 86 87 90 91 95 96 98 99
63 68 70 76 78 82 88 92 93 97 99
64 65 74 76 77 78 79 80 90 91 95 96 98
65 70 71 73 74 76 77 79 82 84 87 88 91 93 95 96 98 99
66 68 73 75 82 84 85 86 87 90 92 94 96 97 98
67 69 71 72 73 74 76 80 81 82 87 91 93 98
68 69 70 74 76 80 82 83 84 85 87 90 92 93 96 98
69 73 75 77 82 89 90 91 92 95 99
70 71 73 74 75 76 80 82 87 88 89 90 91 93 95 96 98
71 72 73 75 76 78 79 81 82 83 87 88 90 93 94
72 74 76 77 78 79 84 88 90 92 94 99
73 74 76 79 83 87 88 89 91 94 97 98 99
74 75 76 81 83 86 90 91 92 94 95 96
75 78 79 80 83 85 87 89 90 93 95 97 99
76 79 82 84 91 92 96
77 82 87 93
78 80 88 96
79 81 92 94
80 88 92 93 96 97
81 82 85 88 92 94 98 99
82 83 86 87 93 94 96 99
83 84 87 90 91
84 86 87 94
85 88 95 96
86 87 88 95
87 88 90 91 98 99
88 91 92 93 94 95 96
89 92 95 96 98
90 91 93 96 98
91 92 94 96 97
92 96
93 96 97
94 98 99
95 99
96 98
97 98
98 99
99

!89