#RandomGeneratorDifficultGraph.py
# GMT Tue Jul 18 16:25:33 2023
# 
0 36 41 53 76 98
1 15 20 27 28 35 44 55 72 75 89
2 5 23 31 34 43 54 55 61 72 79 88 91 95
3 16 17 19 20 34 43 70 78 79 81 83 84
4 17 21 27 32 33 44 47 80 81 89
5 8 11 14 18 19 21 23 26 33 35 63 65 66 67 74 78
6 11 14 30 41 76 79 81 84 86 91 92
7 30 33 35 57 59 75 76 89 91 94 99
8 9 14 18 38 68 73 92
9 17 18 32 34 35 38 39 57 61 71 77 87 89 90
10 23 25 49 59 61
11 20 33 50 51 52 60 66 69 72 76 89 95 97
12 17 30 33 36 50 60 62 66 69 74 75 83 93 98 99
13 19 24 28 43 54 56 60 63 70 78 94 98
14 19 21 58 98
15 29 42 54 61 78 79 93
16 20 21 30 78 85 86 93 95
17 20 23 40 69 71 85 91
18 42 73 80 87 90 98
19 32 36 41 49 62 70 99
20 25 37 44 53 78 87 97
21 39 46 47 49 63 66 74
22 40 44 49 57 59 73 88 90
23 33 60 61 62 71 75 78 87
24 25 27 29 30 42 48 54 60 77 83 90 98
25 34 81 89 94
26 32 46 53 55 59 79 85 97
27 29 32 49 53 63 75 82 96 98
28 39 48 59 68 85
29 35 40 58 68 78 82
30 43 52 63 68 88 95 96
31 35 37 68 97
32 35 44 49 51 59 60 64 72 73
33 36 39 47 48 50 61 70 74 84 88 89 90 94 99
34 35 51 53 73 91
35 41 49 54 73 92
36 41 54 57 60 74 84 87 99
37 40 41 62 68 71 75
38 41 52 56 79 83 88 89
39 53 58 62 65 88
40 43 46 48 51 67 74
41 63 64 66 68 74 85 98
42 52 57 72 84
43 47 61 89 95
44 58 59 66 76 78 89 98 99
45 46 72 80
46 52 62 91 93 99
47 64 75 82 84 86
48 65 80 81
49 58 63 66 69 81 87 92
50 58 63 70
51 62 84 96 99
52 56 66 75 80 96
53 55 59 65 70 86 94
54 57 69 83 89 94
55 63 92
56 57 65
57 59 90
58 66 69 83 92
59 63 77 82 90 97
60 64 93 97
61 62 63 72 74 80 85 99
62 82
63 98
64 67 68 83 92 94 96 98
65 85 95
66 76 92
67 71 78 79
68 85 88 97 99
69 84 88
70 73 80 92 97
71 76 90 99
72 78 88 94 98
73 79 89 93 95 96
74 76 80 94
75 80 82 89 90 97 99
76 90
77 79 83 87
78 99
79 86 90
80 95
81 84 85 91 94
82 89 90 97
83 96
84 91 95
85 87
86
87
88 89 92 93
89
90
91 94
92
93
94 98
95 98
96 99
97 98
98
99

!76