#RandomGeneratorDifficultGraph.py
# GMT Tue Jul 18 16:23:06 2023
# 
0 4 8 11 14 18 23 28 29 30 38 41 42 44 50 54 56 57 62 63 65 66 68 75 79 85 90 98
1 4 5 7 8 9 23 24 37 42 44 47 49 50 51 52 62 66 71 73 74 75 79 83 99
2 5 10 11 12 13 16 19 24 25 33 35 40 41 45 52 58 64 66 68 75 76 79 80 83 85 89 90 96
3 7 9 10 13 21 22 25 30 33 36 38 46 47 48 50 51 56 57 58 59 62 64 70 74 79 80 81 83 84 86 87 88
4 7 14 15 17 19 27 31 32 38 42 52 60 61 69 71 72 85 89 90 91 92 94 97
5 6 11 15 18 21 23 24 29 35 40 43 50 55 57 59 62 63 67 69 70 71 77 78 79 82 92 93 99
6 10 14 16 21 34 36 39 41 43 56 71 73 78 79 81 82 96 99
7 11 12 14 15 17 22 33 34 36 39 40 44 45 47 48 53 57 59 62 63 68 74 78 80 85 95
8 9 11 14 16 18 22 26 27 29 30 33 38 44 46 54 57 59 60 65 70 71 72 73 79 80 83 85 86 97
9 10 11 14 20 21 22 24 26 28 34 35 38 39 40 45 50 52 59 62 65 66 81 91 97 98
10 12 15 16 20 22 23 24 27 31 34 38 39 41 42 44 47 51 57 65 66 69 71 72 74 79 80 85 88 93 96 98
11 17 18 28 31 34 36 37 40 51 57 60 61 63 65 68 76 77 82 83 84 87 91 93 94 96
12 13 17 19 21 25 34 35 37 39 40 41 53 66 69 71 73 75 79 80 83 86 91 94 96 97 98
13 14 22 25 27 29 30 34 36 37 42 48 50 51 54 55 61 69 70 74 76 77 86 92 93 94 95 96 99
14 16 19 33 35 37 38 40 41 42 52 55 57 60 79 80 83 85 92 94 95 96 98
15 19 25 26 29 32 33 35 37 48 49 56 60 72 75 77 79 85 86 97 99
16 21 22 24 26 28 31 33 36 38 39 41 44 58 65 68 74 77 82 83 86 94 95 96 97
17 26 27 28 30 31 32 36 37 51 52 62 66 68 69 75 79 81 88 97 99
18 20 21 32 34 37 38 43 47 55 56 60 62 64 74 87 90 91 93
19 21 22 30 32 35 38 44 47 48 51 52 56 57 66 69 71 73 82 83 84 90 91 92 93 94 99
20 21 22 29 32 36 37 38 45 46 49 50 57 61 62 66 72 74 75 78 82 88 89 91 95
21 24 25 26 28 31 36 41 43 46 48 50 52 53 54 55 57 61 63 64 68 69 70 71 75 77 78 91 98
22 24 26 28 34 40 42 44 45 47 51 56 57 62 63 65 66 69 70 77 85 88 95 97 98 99
23 25 28 41 42 50 52 57 63 71 72 73 74 77 83 89 91 99
24 27 30 33 38 43 44 49 54 55 57 60 62 78 79 83 86 89 92 94 96 98 99
25 26 32 33 34 37 38 39 42 43 49 56 59 60 61 62 63 64 68 71 74 76 77 78 80 81 82 83 86 91 92 95 98 99
26 28 32 39 42 43 46 56 58 63 65 69 70 72 74 76 77 86 87 91 94 98
27 33 45 50 55 56 57 62 63 72 73 75 78 81 83 84 87 89 92 94 96
28 30 31 36 37 38 41 45 51 52 56 59 60 61 68 69 71 73 78 86 87 90 91 95 97
29 30 42 43 44 49 52 57 60 61 63 66 67 73 76 77 79 80 82 85 86 88 97
30 32 33 34 39 41 43 45 51 52 54 60 61 68 69 71 81 83 85 88 97
31 37 39 43 45 50 53 54 59 61 65 67 69 71 73 74 79 80 82 87 88 91 99
32 37 40 42 46 49 51 52 57 59 60 61 64 69 70 71 77 84 91 93 99
33 38 43 44 45 46 52 60 65 71 73 74 75 78 79 83 88 98 99
34 39 54 56 59 60 63 83 85 86 89 91 93 96
35 38 39 47 57 58 63 64 65 69 81 82 84 88 89 90 98
36 37 41 42 48 59 64 74 76 77 78 79 90 95 96 97
37 39 42 43 47 48 51 57 61 62 65 76 78 88 89 91 94 95 98
38 43 44 48 49 51 52 53 60 62 67 74 84 85 88 96 97 98 99
39 43 48 52 53 55 58 61 67 68 73 74 86 90 92 93 94 95 98
40 42 43 45 48 51 65 66 68 73 77 82 84 85 86 87 89 94 99
41 50 54 55 62 63 65 67 68 70 76 78 83 84 88 94 98 99
42 50 54 55 56 60 61 67 69 75 79 81 82 86 87 88 93 94
43 47 51 55 57 58 69 75 82 85 86 90 94 97
44 49 50 51 57 61 63 66 68 69 72 77 78 81 83 85 86 87 88 95 97 98
45 46 49 52 53 54 55 56 58 59 61 65 68 75 90 91 95 96 97 98
46 47 49 60 64 66 69 70 71 73 75 81 83 87 95 96 97
47 48 50 51 60 62 65 68 69 71 74 82 90 93
48 54 58 59 61 65 66 68 71 72 74 76 77 78 81 89 90
49 51 56 59 60 65 68 70 75 77 81 82 84 86 92 94 98 99
50 52 53 61 62 66 67 73 75 76 77 83 87 89 94 99
51 54 55 56 58 59 60 63 65 66 67 71 76 78 80 81 83 84 88 92 95 98
52 54 55 61 63 70 71 72 73 75 77 80 81 83 85 94 95 99
53 56 59 64 65 66 67 69 74 82 87 90 95 99
54 59 63 76 77 80 85 86 90 92 93
55 60 64 73 75 78 79 81 92 93 98
56 59 60 63 67 75 79 80 83 87 89 91 94
57 59 62 64 65 69 72 73 77 78 81 82 84 87 91 93 98 99
58 60 61 62 66 75 83 84 89 90 93 95 98 99
59 67 68 72 73 77 78 83 84 85 87 91 95
60 64 70 71 72 75 77 79 83 91 92 95 98
61 65 68 71 73 74 77 81 82 84 89 90 91 92 97 99
62 64 69 70 71 75 80 83 85 96 98
63 66 73 74 76 84 88 89 91 96 98
64 65 69 73 74 77 78 83 84 85 87 92 94 98
65 66 68 69 71 73 76 80 81 83 88 91
66 72 73 74 86 90 92 94
67 72 73 75 95
68 69 73 75 80 85 86 90 94 99
69 75 86 87 91 93 94 95
70 72 80 95 98
71 73 88 93 97
72 76 78 84 85 90 93
73 80 81 84 86 88 89 92 96
74 77 79 83 84 87 96
75 82 90 92 96 97 98
76 81 82 83 89 92 94 97
77 78 79 80 81 84 86 87
78 83 86 92 94 98
79 87 92 99
80 89 90 93 96
81 88 90 93 95 99
82 83 88 90 96 97 98 99
83 85 87 95 99
84 90 91 94
85 86 88 90 92 93 95
86 88 89 92 94 97 98
87 88 89 90 98
88 91 92 99
89 90 91 97
90 93 99
91 94 95 99
92 95 96 97 99
93 96 97 98
94 95 96
95 97
96 98 99
97
98
99

!88