#RandomGeneratorDifficultGraph.py
# GMT Tue Jul 18 16:24:14 2023
# 
0 8 14 23 28 29 30 38 41 44 50 54 56 57 65 66 68 75 79 90 98
1 4 5 7 8 9 23 37 44 47 49 50 52 71 73 74 99
2 5 11 12 13 19 24 33 35 40 41 45 52 58 64 66 68 75 76 79 80 83 85 89 90 96
3 7 9 10 21 22 25 33 36 38 46 56 57 58 59 62 64 70 74 79 81 83 84 86 87 88
4 14 17 19 27 38 42 52 60 61 69 72 85 90 91 92 97
5 6 11 15 18 21 23 24 29 35 50 57 59 62 63 67 69 71 78 79 93 99
6 10 14 16 36 39 56 71 78 79 96 99
7 11 12 15 17 22 33 39 45 47 48 53 57 59 62 68 80 85 95
8 11 14 16 18 22 26 27 29 30 33 38 44 46 54 57 60 70 71 72 79 85 86
9 10 11 14 20 21 24 28 38 40 45 50 52 62 65 97 98
10 12 15 16 20 22 24 31 34 39 44 66 69 72 74 79 80 88 93
11 28 31 36 40 51 57 60 63 65 68 76 77 82 84 93 94 96
12 17 19 21 25 37 39 40 53 66 69 71 73 80 86 91 97
13 14 22 29 30 34 36 37 48 54 55 69 74 76 86 92 93 94 95 99
14 16 37 38 41 42 52 57 60 79 80 83 85 92 95 96
15 25 26 29 32 33 35 37 49 60 72 79 86 97
16 21 22 24 26 31 33 36 38 39 41 44 65 74 77 83 95 97
17 30 32 37 52 62 66 68 69 75 79 99
18 20 21 32 34 38 43 47 56 60 87 90 91
19 21 22 30 32 38 48 51 52 56 69 73 82 84 90 91 94 99
20 21 22 29 36 38 45 46 49 50 57 61 66 72 74 78 82 88 89
21 24 25 26 28 36 41 43 50 53 54 57 63 64 69 70 71 77 91 98
22 28 34 40 44 45 47 56 62 65 70 77 88 95 97 98 99
23 25 41 42 50 52 63 71 72 73 74 77
24 27 33 43 49 54 57 60 62 78 79 86 89 92 94 96 98
25 26 34 37 38 39 59 62 63 64 68 71 74 76 80 81 98 99
26 28 39 42 58 63 70 72 74 76 77 86 91 94 98
27 33 45 50 56 57 63 72 75 84 89 94 96
28 31 38 41 45 51 52 59 69 71 87 95
29 30 42 43 44 49 60 63 66 67 73 76 77 85 88 97
30 32 34 39 41 43 45 51 52 54 60 61 68 69 71 81 85 97
31 37 39 43 45 50 54 59 61 65 67 69 73 74 79 80 82 87 88 91 99
32 37 40 42 49 51 52 57 59 60 61 64 69 70 77 84 91
33 43 44 45 52 73 75 83 88 98
34 39 56 59 60 63 89 93
35 39 57 58 63 65 89 98
36 37 41 42 48 59 64 76 78 79 95 96 97
37 39 42 43 47 48 51 61 62 76 88 91 95 98
38 43 44 49 52 53 62 67 74 84 85 88 96 98 99
39 43 48 52 55 67 73 74 90 92 93 95 98
40 43 45 66 73 77 84 85 94 99
41 65 70 84 94
42 50 54 56 69 79 81 82 86 93 94
43 47 51 55 57 75 85 86 90 94 97
44 50 57 61 63 68 72 78 81 83 85 86 87 95 98
45 52 53 54 55 61 65 68 75 91 95 96 97 98
46 47 49 60 64 70 71 73 83 95 96
47 48 50 51 60 62 68 69 71 74 82
48 54 58 59 65 72 76 81 89
49 60 68 70 82 84 86 92 99
50 52 53 61 62 66 67 73 75 76 77 83 87 89 94 99
51 54 56 59 63 66 67 71 78 80 81 83 84 88 92 95
52 54 55 61 63 72 77 80 81 94 95
53 56 59 64 65 66 69 74 82 87 90 95 99
54 59 63 76 80 85 90 92 93
55 60 64 75 78 79 81 93
56 60 67 75 79 80 87 89 91 94
57 59 62 64 65 69 72 73 78 81 82 93 98
58 60 61 66 75 84 89 93 95 98
59 67 68 77 78 83 84 85 91 95
60 64 70 72 77 79 83 92 98
61 65 71 73 77 81 82 84 89 91 97 99
62 64 70 80 96
63 74 76 84 88 89 91 98
64 65 69 77 84 92 98
65 66 68 71 73 80 83 88
66 72 74 86 92 94
67 73 95
68 69 75 85 86 90 99
69 75 86 87 91 93 94 95
70 72 80 95
71 73 88 93 97
72 76 85
73 80 84 86
74 77 83 96
75 82 92 96 97 98
76 81 82 89 97
77 79 80 81 84 86
78 83 86
79 87 92 99
80 90 93 96
81 93 95
82 83 88 97 98
83 87 95 99
84 90 91 94
85 90 93 95
86 88 89 92 98
87 88 89 98
88 99
89
90
91 95
92 96 99
93 97 98
94 95
95 97
96 98
97
98
99

!81