#RandomGeneratorDifficultGraph.py
# GMT Tue Jul 18 16:23:50 2023
# 
0 2 4 5 13 14 20 26 30 32 45 48 49 56 66 67 73 75 81 90 92 96 97 98
1 4 8 9 10 12 13 17 25 31 37 38 48 64 68 70 73 74 80 82 84 97 98
2 6 10 13 21 22 29 31 36 38 39 45 51 69 73 74 75 77 83 86 90 91 97
3 8 31 32 39 40 46 52 56 63 64 65 67 68 83 86 87 96 98
4 5 6 13 23 30 49 56 60 64 68 70 72 80 90 91
5 9 13 15 17 18 24 28 31 37 39 41 43 45 52 58 63 64 65 73 74 78 84 88 89 94 98
6 10 11 15 22 27 30 31 32 37 49 51 55 58 61 67 78 82 84 95 96
7 8 15 17 18 24 26 28 39 45 66 67 69 70 72 83 85 86 87 96
8 14 17 19 29 43 48 55 57 63 84 86 87 91 94 99
9 10 16 18 19 20 23 32 34 44 55 56 57 67 74 83 86 88 90 95
10 11 14 19 22 25 30 31 43 51 56 58 60 64 71 73 75 77 82 83 91
11 12 14 18 21 26 31 32 45 46 50 54 56 60 66
12 23 25 28 32 35 45 49 61 62 63 67 74 81 82 85 86 87 89 92 97
13 18 19 27 32 58 59 63 65 70 72 82 89 97 98
14 16 24 25 39 41 42 45 59 61 62 68 70 76 95 99
15 22 27 30 32 33 34 36 40 51 56 62 63 64 70 79 80 91 95
16 38 51 61 63 74 75 76 79 85
17 25 34 40 58 64 65 69 73 77 78 90 94 99
18 26 34 35 37 47 55 60 64 67 72 76 82 87 88 93 99
19 29 33 34 48 49 50 52 59 60 65 66 69 70 73 75 77 86 97
20 28 33 45 46 47 55 61 63 66 75 82 92 96
21 23 28 31 34 36 42 44 50 52 56 59 64 70 75 78 82 86 95 97
22 26 29 33 36 42 45 47 50 54 58 72 77 80 81 94 97 98
23 32 34 35 39 49 51 62 65 69 75 77 79 84 89
24 27 30 32 34 35 55 57 60 63 64 67 82 88 91 94
25 30 33 36 38 42 44 48 56 62 63 65 72 80 86 88
26 27 37 40 44 59 62 69 74 88 95 99
27 38 39 42 45 50 63 67 68 70 79 81 83 88 92 94
28 33 42 48 57 62 63 67 70 74 80 81 99
29 38 42 45 54 57 59 69 70 77 81 87 88 95 98 99
30 38 39 41 43 57 65 68 71 76 77 80 94 96 97
31 34 41 47 50 53 66 78 79 81 83 97 99
32 37 39 47 56 57 62 68 70 77 88 96
33 36 37 38 40 43 46 47 51 52 53 55 59 65 66 75 76 82 92 99
34 35 36 39 40 41 46 50 51 58 64 76 80 82 84 90 92 93
35 38 40 42 44 46 47 60 72 76 77 78 79 81 85 86 88 92 95
36 38 45 47 62 63 64 66 68 70 72 76 84 85 87 94 97 99
37 42 43 48 50 51 52 61 66 77 79 85 86 92 96
38 40 48 51 53 58 66 70 74 75 79 81 90 97
39 41 43 44 47 53 58 63 67 76 79 81 89
40 41 44 45 55 63 76 81 89 90 94 96 98
41 49 51 56 63 68 71 72 86 87 93 97
42 43 61 69 70 72 73 74 75 77 83 85 93 96 98
43 46 48 59 60 67 71 86 89 92 95
44 47 55 60 62 73 76 79 83 93
45 48 54 56 58 60 65 69 70 77 78 86 93 95 96 97
46 48 56 67 72 74 76 85 89 91
47 48 51 52 59 66 75 82 83 85 91 97
48 49 50 52 54 55 56 78 79 80 83 87 91
49 66 75 77 88
50 59 61 64 71 76 77
51 54 73 83
52 54 56 57 59 64 70 72 80 90 91 92 95 97
53 56 59 62 75 84 85 92 95 96
54 56 57 63 66 69 76 78 80 81 89 91 92 93 97
55 58 62 63 65 69 73 78 84 87 88 89 90
56 58 59 62 76 79 86 87 90
57 61 66 74 75 82 85 87 89 97
58 63 71 76 79 86 88 90 91 92
59 61 62 68 77 82 89 90 92
60 66 76 84 88
61 74 77 79 81 89
62 64 70 74 76 80 83 92 95
63 88 95
64 65 69 73 75 76 78 82 86 89 98
65 67 73 74 75 77 79 84 85 90 99
66 70 76 86
67 76 78 80 83 86 89 92 97
68 69 78 99
69 73 77 84 89 99
70 72 74 75 79 90 98
71 72 74 85 99
72 88 93
73 75 76 86 88
74 75 85 86 87 88
75 78 81 84 85 87 97 99
76 85 88 92 97
77 82 87 90
78 79 94
79 86 98 99
80 81 82 93 94 96 98
81 91 96 97 99
82 86 93
83 85 87
84 85 87 88 96 97
85 91 99
86 93 95 96 97 98
87 88 96
88 91
89 92 93 98
90 91 94
91 95 96 98
92 93
93 98
94
95
96
97 99
98
99

!84