#RandomGeneratorDifficultGraph.py
# GMT Tue Jul 18 12:48:05 2023
# 
0 2 3 5 8 11 12 16 17 18 23 25 26 30 31 32 33 35 38 39 41 44 46 49 50 51 53 54 58 60 62 65 68 69 72 75 77 78 82 83 90 92 94 96 97 99
1 3 8 11 14 16 18 20 21 23 27 28 29 30 33 34 36 37 40 44 46 51 52 54 56 58 59 60 63 64 69 76 79 82 87 89 91 96
2 4 5 7 8 9 12 14 16 22 23 24 26 27 28 29 32 36 38 39 41 44 45 47 48 51 52 53 54 63 64 65 68 70 71 72 77 79 80 82 85 87 93 95 96
3 4 7 9 11 12 14 15 16 17 21 24 26 27 28 29 30 34 36 42 43 46 47 49 53 54 57 58 59 62 63 71 73 80 81 85 91 92 95 97 98 99
4 5 10 11 12 14 21 22 24 25 27 30 33 36 37 38 39 41 43 44 46 47 48 49 52 54 57 59 60 61 64 67 71 75 78 81 83 85 89 93 94 96
5 6 11 13 18 19 20 21 22 24 26 27 29 33 36 42 49 53 57 63 64 66 70 71 77 79 82 85 89 93 98 99
6 10 13 15 16 18 19 21 24 25 26 34 35 37 40 41 43 47 50 51 53 55 56 57 59 60 65 67 68 70 71 73 74 75 78 79 81 87 89 91 92 97
7 12 13 14 15 16 17 18 19 20 24 26 32 34 35 36 37 39 41 42 45 47 48 56 60 61 62 63 67 71 75 80 83 85 86 88 89 93 97 98 99
8 9 10 13 17 21 24 25 26 27 28 30 31 32 33 36 38 39 41 42 45 51 53 54 55 56 57 58 60 65 66 70 71 73 76 78 81 82 85 86 87 96 97 98 99
9 16 18 19 20 25 26 27 29 30 33 34 35 36 38 42 44 46 52 56 58 59 60 62 64 66 72 73 74 77 78 80 81 82 83 84 86 88 91 95 98
10 12 15 18 21 26 28 29 30 37 39 40 42 47 48 53 56 58 61 77 81 85 89 90 92 94 95 97
11 12 13 17 18 20 26 29 30 32 34 35 36 39 41 46 53 60 61 64 65 66 67 77 87 96 99
12 16 18 19 26 27 28 30 32 33 34 44 45 46 48 49 51 52 65 67 70 72 75 77 78 84 90 92 95 97 98 99
13 14 16 18 20 21 25 27 28 29 32 33 35 41 43 48 52 53 55 59 61 63 64 66 68 69 70 74 76 81 83 85 86 90 91 94 95 96 97
14 18 24 33 35 39 41 44 45 46 48 49 54 58 63 66 68 69 70 71 72 73 74 79 84 89 90 93 94
15 19 25 27 30 33 34 36 38 41 42 44 45 46 47 50 51 52 58 59 60 63 66 70 71 72 73 76 80 81 83 85 86 88 89 93
16 18 20 24 27 31 32 33 37 38 40 44 48 49 51 57 58 59 62 64 75 76 77 80 82 83 84 88 93 94 97
17 18 19 20 24 26 34 38 39 40 43 52 56 57 62 63 64 65 66 70 71 73 75 78 79 80 81 84 85 88 90 91 94 95 97
18 21 22 24 30 31 32 37 46 55 57 58 59 61 63 64 71 74 78 81 82 87 93 95 98 99
19 21 24 30 32 33 34 39 43 44 47 48 53 57 58 59 60 63 69 71 72 73 77 79 86 89 90 91 94 95 96 97 98 99
20 21 23 26 27 30 32 35 36 37 40 41 42 43 46 47 54 55 56 63 64 65 67 70 72 73 74 75 76 77 79 81 85 88 89 90 91 92
21 30 32 35 54 55 56 63 66 68 69 70 71 73 75 79 80 83 85 86 89 90 94 96 97
22 27 28 29 30 31 32 34 40 42 43 49 52 55 56 57 59 60 61 65 66 68 69 74 78 86 88 90 93 95 96 97 98 99
23 25 27 28 33 35 39 40 42 44 48 50 51 53 54 56 59 62 65 67 68 70 77 79 80 81 83 87 92 94 95 98 99
24 25 33 34 36 37 40 41 42 43 47 50 51 58 59 60 64 66 67 75 77 78 80 84 85 89 91 92 93 99
25 28 30 33 42 45 47 49 50 51 54 57 65 68 73 76 82 83 84 85 86 87 88 91 94 95 99
26 30 31 32 34 35 36 38 46 47 48 49 54 55 56 59 61 65 66 69 72 73 75 79 80 83 86 89 90 92 93 95 99
27 28 29 31 33 36 38 43 44 48 51 52 55 56 57 58 59 65 66 69 75 77 78 81 82 83 84 85 86 89 92 93 95
28 30 32 34 36 40 42 44 46 47 52 53 58 60 61 65 78 79 80 85 86 87 90 95 96 98
29 31 32 34 39 41 43 44 48 49 51 54 55 56 57 60 62 63 64 65 69 71 75 79 80 82 83 85 86 87 89 96 97
30 33 35 44 45 47 48 49 51 54 56 57 59 60 61 63 65 66 67 71 72 75 76 79 80 84 85 86 88 90 91 92 96 97 98
31 35 36 39 42 46 49 51 56 57 65 66 67 70 73 75 77 79 80 84 86 89 90 91 92 95 97
32 36 38 40 42 43 46 47 48 49 52 54 55 59 60 61 62 64 66 67 68 75 77 78 81 82 83 86 92 97 99
33 35 37 38 41 44 45 46 48 49 50 51 53 57 59 60 63 65 67 73 77 83 85 90 91 92 94 96 99
34 36 37 38 39 42 44 45 46 48 49 59 63 64 68 70 76 77 79 82 83 86 87 89 92 96
35 40 41 51 55 57 60 65 66 68 72 76 79 82 83 84 86 87 89 91 94 96 97 98
36 37 38 40 41 42 45 46 48 51 52 54 57 59 60 61 62 63 64 65 66 68 69 70 72 73 74 75 76 78 79 83 84 85 88 90 96 99
37 43 44 46 48 51 54 56 62 63 65 67 68 69 74 79 81 82 84 89 92 96 99
38 40 43 45 47 52 54 57 58 64 68 73 76 82 84 85 87 90 94 96 97
39 40 41 42 43 46 47 50 51 52 53 54 56 60 62 63 64 65 69 70 72 73 76 79 81 86 87 88 90 94 95 98 99
40 42 44 47 49 50 51 53 60 61 62 63 64 66 71 74 75 77 83 84 85 88 89 93 95 96 98 99
41 43 46 52 58 59 60 65 68 69 71 77 80 81 82 86 87 90 97
42 43 45 47 54 55 57 63 67 69 70 72 74 76 79 84 87 88 89 94
43 45 47 49 51 55 64 65 67 69 70 73 78 83 87 88 89 90 91 98
44 46 47 48 54 56 59 60 61 62 64 65 67 71 75 80 83 84 88 92 93 94 95 98
45 49 50 52 53 58 59 62 63 67 70 75 78 79 82 83 84 86 87 89 90 91 92 95 99
46 47 49 52 53 54 56 57 62 63 64 65 66 67 68 69 72 73 77 78 84 88 89 92 95 96 97 98 99
47 50 52 54 57 59 62 63 67 68 69 71 72 73 75 78 81 82 86 91 92 93 94 96
48 53 54 59 60 62 69 73 80 81 82 83 84 87 92 93 95
49 51 53 56 60 62 71 74 75 77 78 81 83 84 85 87 88 90 91 97 99
50 55 56 59 60 63 64 65 66 68 71 76 77 80 86 89 91 94 96 97
51 52 53 58 59 65 66 70 71 74 75 77 81 82 84 87 89 92 94 99
52 54 57 59 61 62 63 64 65 66 68 69 70 74 78 80 82 85 86 87 88 90 91 92 93 94 95 99
53 55 56 59 60 61 62 63 67 68 69 71 72 74 77 82 84 86 88 91 93 97 98
54 61 63 69 72 73 76 78 81 82 83 86 89 91 92 93 96 97 98
55 57 58 59 64 67 68 69 71 79 80 81 83 84 86 90 92 96 98 99
56 57 58 60 63 64 65 72 74 77 80 83 86 88 90 91 92 98
57 58 59 69 71 72 78 80 83 84 88 91 93 95 97 99
58 59 60 61 65 67 69 70 72 74 76 79 83 85 86 92 93 96 97 99
59 67 69 70 76 77 80 81 87 90 91 96 97
60 63 64 65 66 69 70 75 78 80 85 86 87 94 95 98 99
61 62 71 73 74 75 78 79 82 84 86 89 91 92
62 63 64 70 73 76 79 82 84 89 93 96
63 64 65 66 68 69 72 75 76 77 82 86 88 89 92 94 95 96 99
64 69 71 74 80 81 83 84 85 88 92 93
65 66 67 74 78 79 82 85 86 87 89 93 94 95 98
66 67 69 70 73 76 78 79 81 86 88 89 90 91 92 93 94 96 98 99
67 72 75 77 78 82 83 84 85 88 90 91 92 93 95 96 98
68 70 74 75 77 80 82 83 85 86 87 89 90 94 96
69 72 75 79 80 86 89 90 92 93 94 95 97 99
70 71 73 74 75 79 80 83 91 94 95 99
71 73 75 76 77 78 82 85 89 90 91 96
72 74 75 76 78 79 83 86 87 89 94 97
73 77 78 82 86 90 91 94 95 96 98
74 75 79 80 81 83 84 91 93 96
75 77 81 82 83 84 96 97
76 78 85 88 89 90 91 92 93 97 98 99
77 78 79 84 90 92 93 94 95 99
78 84 93 97 99
79 80 83 84 85 86 87 89 92 94 96 97 99
80 86 94 96 99
81 86 91 92 93 99
82 85 88 91 92 98
83 84 86 87 88 89 92 93 94
84 87 90 91 94 97 98
85 91 97 99
86 91 92 93 95 98 99
87 90 92 94 96 98
88 93 94 98 99
89 91 94 96 99
90 92
91 95 96 99
92 93 94 95 97
93 96 97 98 99
94 96 97 99
95
96 98 99
97
98 99
99

!91