#RandomGeneratorGraph.py
# GMT Thu Jul 13 14:13:28 2023
# 
0 1 9 10 14 20 21 27 36 40 43 57 61 72 73 78 92 101 104 113 115 124 125 126 129 132 133 135 141 144 145 151 152 153 155 169 180 182 186 196 197
1 6 23 24 37 39 40 41 51 60 62 63 65 69 70 73 81 83 84 90 94 105 124 126 128 129 135 138 140 145 150 152 160 162 166 176 180 182 183 190
2 10 11 14 28 33 38 40 47 58 60 63 66 70 71 73 94 96 102 109 120 133 137 165 169 175 186 192
3 4 12 19 21 29 30 38 41 42 43 47 54 56 60 71 81 83 84 86 88 92 93 95 97 98 99 110 117 120 130 134 135 140 143 147 149 151 152 156 169 180 183 186 196
4 5 15 29 30 34 37 38 41 45 46 49 51 78 81 84 85 105 126 129 130 147 148 151 158 166 170 178 184 186
5 8 22 23 29 39 43 52 53 55 61 65 66 69 76 78 82 83 85 88 89 90 116 118 127 135 138 140 147 151 157 171 173 175 176 177 178 192
6 8 17 20 26 30 32 42 48 50 51 52 53 58 62 69 79 92 100 113 119 126 131 132 134 137 143 145 147 152 154 166 176 182 188 194 197 198
7 22 24 27 33 35 40 43 48 52 53 56 75 86 88 101 102 106 107 114 115 123 124 127 139 143 147 151 157 158 159 161 163 164 171 173 176 178 180 188 189 195 196 197
8 13 37 51 55 61 62 65 72 82 83 91 95 100 111 113 123 126 129 130 131 134 135 138 139 153 154 158 160 163 165 166 173 176 184 186
9 10 11 23 24 25 29 32 33 37 46 47 51 61 63 73 76 77 78 81 96 99 101 103 108 110 116 119 120 123 124 134 135 138 139 149 173 181 185 187 194 197
10 14 16 19 24 28 36 42 43 45 54 56 59 62 63 69 71 75 81 82 87 93 94 102 103 104 105 109 117 157 165 172 174 179 187 189 191 193 194 199
11 13 18 21 23 26 33 35 37 41 43 49 57 59 64 67 77 87 88 89 92 93 99 111 115 116 118 120 129 141 145 156 157 166 174 179 181 186 197 198 199
12 13 17 18 20 25 31 37 39 59 63 72 76 83 86 97 98 107 109 114 124 126 132 135 138 141 142 143 150 163 167 169 172 180 190 191 196
13 14 22 23 26 27 32 33 38 40 45 46 47 48 50 52 53 61 66 67 76 78 82 83 87 89 92 93 95 98 101 104 112 127 131 134 148 149 158 159 164 176 177 178 183 190 196 197
14 15 30 33 39 53 57 61 63 64 66 67 71 72 77 82 91 92 95 100 103 113 117 118 120 128 134 135 136 146 152 168 177 184 190
15 17 18 33 38 39 42 46 47 49 50 52 55 61 65 75 76 78 79 81 88 98 106 112 116 117 120 128 130 135 140 146 151 152 158 163 176 183 186 193 194
16 25 31 43 49 51 58 61 62 68 69 71 79 80 94 103 110 116 117 120 122 124 126 127 129 137 138 143 147 148 153 160 168 170 172 192 194 195
17 18 20 30 34 40 42 44 50 58 62 65 68 71 76 77 83 84 89 98 100 108 117 125 133 139 145 149 154 164 168 170 172 174 175 180 184 188 189
18 20 25 27 30 34 39 42 44 49 53 60 61 62 65 73 86 87 91 100 101 102 105 106 109 110 113 114 116 121 128 133 135 145 147 151 162 163 170 178 183 189 192 194
19 24 31 35 39 41 47 54 55 60 64 65 67 76 95 96 111 116 119 129 130 132 140 157 168 172 175 176 184 192 196 197
20 34 39 40 42 48 52 54 62 63 67 71 73 78 88 92 100 103 106 108 111 122 129 135 144 148 149 150 151 152 155 168 169 171 175 177 186 187 190 191 192 199
21 26 29 31 35 41 46 50 54 65 70 73 74 97 124 126 127 131 142 146 159 161 162 166 170 172 174 181 182 189 191 194 198
22 25 37 38 47 50 63 64 74 75 85 92 96 102 109 111 112 117 118 119 129 134 139 143 144 148 152 153 155 168 171 172 178 183 187 191 192 198
23 26 28 47 49 51 53 55 58 63 70 72 73 74 77 78 85 94 100 110 117 118 122 123 124 129 134 135 141 143 144 145 160 163 170 171 174 181 182 183 185 186 187
24 30 33 34 36 38 39 47 51 52 58 59 62 70 71 74 75 76 77 78 86 93 96 101 102 106 108 114 115 118 119 122 124 132 136 150 155 156 158 174 175 176 191 196
25 40 44 51 61 86 89 92 95 102 108 111 112 115 124 137 140 146 152 155 167 174 175 183 191 194 195 196
26 34 38 39 44 51 86 98 109 111 116 123 138 143 145 157 160 163 172 181 182 183 185 190 191 194 195 199
27 35 36 41 43 44 46 57 67 69 80 84 85 90 91 98 101 109 114 115 120 122 125 132 134 139 149 153 154 165 173 185 192
28 33 34 37 39 43 49 69 76 78 80 81 84 85 89 90 98 99 116 121 132 135 144 146 148 157 160 163 164 167 174 176 177 178 181 189 192 194
29 43 57 65 69 78 81 83 99 103 111 117 119 125 137 138 140 143 155 158 160 167 173 174 181 186
30 38 39 53 64 76 83 85 90 94 101 118 123 124 125 126 127 136 140 142 147 149 151 154 156 159 165 169 172 179 180 181 187 188
31 42 45 54 60 73 74 79 81 89 95 101 105 109 122 127 130 133 135 139 146 148 151 155 163 166 169 171 172 196
32 34 36 38 41 42 43 46 58 60 70 71 75 76 77 82 84 88 89 91 99 112 113 122 131 137 138 139 143 145 150 152 155 158 161 173 174 176 183 187 188 193
33 37 41 42 49 62 63 65 69 77 85 90 91 98 102 108 121 126 131 140 141 142 147 152 154 161 171 172 174 186 188 193 197
34 41 42 45 46 48 49 60 63 64 68 74 76 79 81 90 97 102 122 129 136 137 146 155 160 161 165 166 168 175 177 181 182 183 190 193
35 38 47 48 53 56 59 73 77 83 86 87 90 91 93 97 104 113 115 117 125 128 131 133 135 141 148 154 158 160 175 177 182 183 187
36 43 45 48 53 56 58 59 61 68 83 84 103 104 111 114 122 123 127 129 136 140 143 149 152 166 169 170 179 180 185 193 194 196
37 38 39 43 45 55 57 64 70 71 72 74 76 80 81 82 84 85 91 92 104 105 115 118 120 124 131 133 136 139 150 155 158 159 162 166 168 175 186 189 196
38 40 42 44 48 53 54 55 56 67 72 77 88 106 107 109 110 113 116 128 133 135 137 140 142 145 157 159 160 174 187
39 45 47 50 52 56 58 63 68 69 78 88 89 91 92 94 106 107 112 113 114 117 124 128 131 136 137 143 148 157 161 169 175 178 181 184 195 196 197 198
40 41 44 48 50 51 52 57 69 70 72 75 82 84 85 90 91 93 100 102 107 116 117 130 131 137 145 146 147 148 150 158 162 168 171 182 190 191 196 198
41 43 45 49 51 68 73 74 84 95 96 97 99 107 112 114 117 128 134 137 138 149 156 159 166 167 168 177 187 194 199
42 48 49 52 58 60 65 77 80 85 91 92 95 103 111 120 121 129 134 137 142 151 155 164 167 174 182 188 194
43 45 47 50 59 64 71 79 92 96 98 100 103 104 109 112 122 126 138 140 142 143 146 148 150 155 164 168 173 178 180 188 189 190 192 199
44 48 49 53 67 69 71 74 78 81 100 122 128 130 135 140 142 146 147 160 166 167 169 170 179 182 185 188 190 197 198 199
45 51 60 69 72 73 79 98 100 102 106 108 110 111 112 120 121 125 128 134 141 148 151 152 153 154 158 159 162 165 171 176 181 185 187 190 192
46 47 48 52 55 56 57 60 65 78 80 84 85 91 93 94 96 99 100 103 104 107 118 126 130 132 138 143 146 147 150 153 154 157 158 159 162 163 164 165 166 180 186 187 188 192 195
47 48 53 56 65 68 79 81 82 92 94 95 96 116 118 123 129 131 134 139 142 145 152 161 163 165 168 175 179 184 185 194 198
48 49 56 60 65 69 73 80 84 88 90 98 102 108 112 115 134 138 139 153 158 169 178 180 183 192 199
49 50 53 66 69 73 76 82 83 95 98 99 100 101 112 124 127 131 133 136 140 162 165 166 174 178 180 188 194 196
50 57 70 76 77 81 84 88 100 104 115 119 126 133 138 139 141 151 156 159 165 168 175 177 180 189 191 197
51 53 55 59 70 74 80 82 88 91 92 109 112 113 122 127 129 131 133 135 154 165 180 182 189 196 197
52 56 58 66 74 77 78 83 84 86 95 97 100 113 114 119 123 132 138 147 149 150 159 162 167 170 172 173 177 179 180 185 192 194 196 197
53 56 59 60 65 67 78 85 89 90 103 104 107 110 117 118 120 122 126 128 137 143 145 148 155 162 164 173 174 179 186 187 192 196 197
54 64 65 73 83 90 95 98 100 103 105 112 119 121 124 131 137 138 147 149 156 165 170 179 185 190 191 197 198
55 66 68 69 74 77 94 98 100 104 110 116 117 123 125 129 130 132 133 134 138 145 154 155 158 165 169 173 176 177 180 184 185 186 190 191 192 198
56 67 68 74 75 78 84 85 88 102 103 105 106 108 118 121 124 132 138 139 140 146 150 157 165 169 171 172 173 180 187 189 194 195 199
57 58 69 76 88 93 113 119 122 128 136 139 141 143 146 148 156 160 165 168 171 179 190
58 63 70 71 72 76 77 78 79 81 84 88 89 91 96 98 104 105 106 109 114 115 116 118 120 122 124 126 130 131 132 133 134 157 158 159 160 167 172 173 175 178 179 180 182 197
59 62 72 77 80 81 88 89 98 112 117 121 123 127 140 146 147 148 152 154 156 162 164 168 169 173 183 187
60 61 66 67 73 75 88 94 95 97 110 112 119 129 144 149 153 155 156 159 162 167 170 173 177 187 192 195 196 197
61 76 77 79 84 92 96 100 104 113 117 126 128 131 142 148 149 151 152 154 156 173 178
62 63 65 66 71 76 93 94 99 105 121 122 123 124 125 127 131 139 148 149 152 153 155 157 158 161 167 174 176 179 187 189 194 196
63 68 74 77 81 103 106 119 125 133 137 139 142 146 158 162 164 165 170 176 179 183 185 187 194 196
64 65 71 75 76 77 80 90 93 94 99 101 102 110 112 124 125 126 133 135 139 152 154 156 159 165 169 171 172 173 177 188 195 196
65 75 79 95 99 100 107 113 114 120 123 148 154 162 166 167 171 179 182 186 191 194 195 198
66 68 70 74 78 100 107 125 141 146 154 156 158 165 171 180 183 189 192 193 197 198
67 74 78 93 94 95 96 100 102 109 111 112 123 135 137 156 157 160 161 163 165 168 188 193 199
68 74 77 86 92 103 106 115 124 126 127 131 137 139 144 158 160 165 177 179 181 184 188 193 198
69 71 72 73 74 76 81 87 99 103 106 111 131 133 145 146 161 171 172 181 182 189 190 196 199
70 72 77 80 86 87 89 90 92 94 105 107 115 121 122 126 130 133 144 146 148 150 167 180 183 187 188 199
71 73 75 79 84 85 88 95 109 124 125 129 130 139 143 145 146 148 150 152 159 176 181 187
72 75 82 83 86 88 90 94 97 99 105 111 114 117 123 133 137 142 146 147 148 163 182 183 192 194
73 95 97 100 101 102 109 112 119 120 123 125 127 134 136 138 153 160 161 162 164 165 167 173 174 175 178 184 185 186 198
74 88 94 115 124 125 126 127 131 135 137 139 152 153 154 159 161 165 169 170 176 184 188 189
75 81 86 103 104 117 121 125 127 128 131 137 144 149 155 157 158 162 163 165 166 167 172 185 197 198
76 79 81 91 97 98 101 105 107 108 111 114 116 125 128 131 132 149 152 156 162 164 165 166 172 177 181 182 188 190 198
77 79 84 89 91 102 103 104 115 118 119 120 127 129 147 157 161 163 165 167 170 174 181 190
78 80 85 92 93 94 95 96 101 108 109 115 117 118 119 120 122 125 136 139 148 154 158 159 168 175 179 184 185 194
79 81 89 90 91 105 112 114 115 116 118 126 127 133 139 141 143 146 152 169 174 177 188 190
80 82 84 85 91 95 99 102 104 108 109 110 120 124 131 155 163 164 166 171 175 191 192 194 199
81 82 84 92 94 100 106 110 111 122 123 124 126 129 144 145 146 148 149 153 158 161 164 167 168 172 175 183 187 189 190
82 84 91 93 94 98 101 102 106 114 115 119 122 128 129 130 137 143 148 153 154 157 163 167 171 174 177 180 187 189 191 194 196 198
83 86 90 99 104 106 109 110 113 119 120 128 129 137 144 148 149 150 158 160 161 167 168 169 174 180 181 186 188 198 199
84 85 87 88 92 95 99 104 109 110 122 123 128 129 135 146 171 172 174 177 182 184 186 195 199
85 88 90 93 103 111 126 137 140 146 148 151 156 160 167 174 177 182 183 184 188
86 89 93 95 96 98 107 111 114 120 132 134 144 149 150 152 156 162 168 171 177 182 183 191
87 97 98 100 112 127 130 139 140 142 155 157 159 169 183 187 195
88 99 107 108 112 113 116 119 123 124 126 127 129 130 131 134 137 140 142 151 166 168 170 189 191
89 103 113 114 116 124 131 134 136 137 151 160 161 166 167 169 170 180 187 188 195
90 91 97 107 110 113 115 125 135 136 138 139 145 153 169 181 189
91 94 97 103 129 133 137 138 147 148 151 159 171 174 178 191 197 199
92 97 101 104 110 111 115 116 119 123 124 131 135 144 157 158 160 165 167 170 172 175 180 184 185 188 189 194 197
93 98 114 115 121 126 129 134 135 139 140 145 151 153 155 157 158 161 178 180 184 194 196
94 96 97 98 105 106 117 121 124 128 132 134 135 138 144 150 151 152 157 160 163 168 172 186 188 189 197
95 106 107 131 133 137 155 165 167 170 173 178 180 188 191 192 196
96 100 102 103 108 110 114 117 118 119 128 129 134 135 149 158 160 162 167 172 174 175 184 189 190 191 192 196 199
97 104 107 109 115 116 118 122 129 144 148 153 166 171 174 186 197
98 108 109 111 131 134 136 137 139 149 151 160 167 174 196
99 102 115 121 127 131 133 137 138 143 145 149 160 163 164 170 177
100 101 102 107 111 115 117 118 120 121 139 144 146 149 151 156 162 163 171 172 173 179 185 188 190
101 105 116 122 125 130 131 132 133 138 139 145 146 150 151 159 163 166 167 179 185 186 188
102 106 107 108 109 124 134 145 153 158 166 169 171 174 177 194 195 197 198
103 123 125 126 129 133 139 145 152 156 166 168 178 181 190 199
104 108 109 116 117 119 125 126 127 135 156 168 172 184 194
105 110 112 122 125 131 136 146 153 155 162 165 166 171 174 177 178 184 188 192 198
106 107 110 116 120 127 128 129 137 139 143 148 152 158 160 161 167 168 175 178 181 184 188 199
107 113 132 135 147 158 169 178 183 185 197 199
108 116 118 123 128 129 138 139 143 144 150 153 160 162 163 164 168 182 192 194
109 111 115 127 128 134 135 137 140 146 149 150 155 158 162 164 171 175 178 180 183
110 115 119 120 123 129 134 142 148 151 153 167 170 172 173 174 176 177 192 195
111 121 128 137 139 141 144 147 148 149 154 158 165 167 168 169 170 174 178 181 184 194 199
112 115 135 137 141 144 149 167 169 179 183 184 185 199
113 118 124 130 131 136 141 152 154 155 169 171 180 190 194
114 116 117 118 129 132 138 139 143 146 150 159 161 166 167 172 173 175 177 182 188 190 192 193
115 119 120 123 128 131 145 146 148 153 158 163 169 177 178 179 190 194 196 197 199
116 117 120 124 125 126 127 131 132 136 141 142 143 144 152 163 174 180 181 183 188 196 199
117 121 128 139 141 142 147 148 149 151 157 158 168 170 171 178 183 187 191 193 198 199
118 119 126 127 132 133 137 151 153 159 160 161 182 183 185 189 190 192 193 195 196 197 199
119 128 129 137 139 142 144 150 157 160 169 172 174 176 179 181 182 183 184 189
120 122 128 139 149 156 194 195 196
121 123 124 128 141 148 152 154 155 157 158 162 164 172 174 188 192 197
122 123 130 131 132 140 141 144 146 152 157 161 168 190
123 125 128 144 148 150 155 171 189 193 194 196
124 125 126 127 138 149 154 159 167 169 179 184 185 190 197 198
125 128 134 137 140 156 163 165 168 175 177 179 183 187
126 129 131 135 137 146 149 151 152 155 158 161 162 164 168 174 175 177 180 190
127 133 134 144 145 147 148 160 166 173 178 188 190 196
128 132 138 142 145 147 150 168 177 182 192 198
129 130 134 136 137 142 148 152 153 157 159 160 171 176 180 190 193
130 133 134 137 142 148 152 167 168 179 186 195 199
131 139 142 158 178 180 190
132 134 135 142 148 157 158 161 163 177 179 185 190 191 194
133 135 138 139 143 146 148 152 155 156 157 171 174 179 191 196 198
134 135 137 152 160 167 171 175 178 181 182 184 187 188 190 191 192 198
135 147 148 150 156 162 168 171 183 189 192 195 197
136 139 143 144 149 151 153 155 162 171 179 183 185 188 194 199
137 142 157 158 165 179 196
138 141 146 152 153 156 164 165 167 168 175 179 187 188 190 192
139 142 151 156 157 168 169 175 176 182 183 184 185 188
140 141 143 145 151 166 167 169 171 172 181 184 185 186 190 191
141 144 147 150 154 159 163 164 166 171 173 186 191 197
142 148 149 162 173 177 181 183 186 188 196 198
143 151 159 164 166 168 174 175 180 190 191
144 149 158 159 170 180 183 192 193
145 146 149 153 154 157 159 170 172 174 178 180 183 185
146 147 151 159 160 175 176 182 195
147 166 168 183 194 195
148 154 156 162 170 175 177 183 191 199
149 154 161 164 166 168 178 195 198
150 154 157 159 160 170 172 176 180 182 183 185 188
151 153 160 161 167 169 173 176 183 189 190 193 196 197
152 156 167 170 173 177 178 184 196 197
153 158 166 172 177 179 183 186 187
154 156 157 161 165 172 174 187 191 194
155 161 166 168 170 177 180 184 195
156 158 159 162 166 173 187 188 195
157 166 169
158 165 167 176 184 187 190 197 199
159 166 168 170 171 179 184 191 194
160 162 166 169 170 172 180 183 186 188 189 190 195 197
161 163 166 169 174 175 183 188 196
162 164 174 177 180 183 187 188 194 195
163 166 184 190
164 173 176 180 182 183 184 189 196 197 199
165 168 169 191 199
166 169 185
167 173 186 188
168 171 174 176 177 178 180 194 196
169 170 180 181 184 186 192 193
170 171 173 174 178 184 185 193 199
171 177 182 184 198
172 176 180 182 186 199
173 183 187 191 192 193 196
174 178 181 185 187 192 195 196 198
175 179 186 188 192 196
176 184 188 189
177 185 187 195
178 179 183 186 189 190 195
179 185 187 188 193 195
180 182 183 186 190 194 199
181 183 185 195 198
182 189 194 196 197
183 188 189
184 191 193
185 188 192 193 197
186 190 191 193 196
187 188 196 197
188 189 193 194 199
189 190 191
190 193 194 196 198
191 192 197
192 193
193 199
194 197
195
196
197
198
199

!179