#RandomGeneratorDifficultGraph.py
# GMT Tue Jul 18 16:25:28 2023
# 
0 5 8 11 30 38 41 50 51 53 54 60 65 77 82 90 97
1 3 21 27 28 37 40 51 52 56 59 69 76 87 96
2 4 8 12 16 44 47 52 63 96
3 7 11 12 14 17 34 36 53 57 71 80 92
4 5 10 30 37 39 44 57 60 61 67 71 81 96
5 11 19 21 49 53 63 66 71 93 98
6 10 16 19 21 41 55 56 68 79 97
7 15 17 18 20 24 35 37 48 61 85 99
8 9 10 13 24 25 33 36 39 53 82 99
9 20 29 33 38 52 58 59 60 64 72 73 77 81 83 84 91
10 15 18 26 40 42 53 61 81 92
11 13 20 29 30 32 61 67 87 99
12 16 26 33 46 48 67 77 98
13 18 25 27 32 33 55 64 81 85 86 96 97
14 41 58 63 69 70 94
15 19 30 41 44 60 66 72 83 93
16 18 24 40 59 94 97
17 24 39 52 78 84
18 22 31 55 58 59 61 63 71 74 82 93 95
19 21 39 47 63 89
20 23 43 46 47 56 64 70 76 77
21 35 54 63 75 80
22 32 34 49 52 59 65 68 96 97
23 27 28 33 40 42 44 59 68 79 83 98
24 37 40 59 64 66 77 92
25 28 73 83 85 86 88 94 99
26 38 47 61 69 75 79 99
27 31 48 51 56 69 75 84 89 92
28 30 42 44 60 87 90 95 96
29 44 55 62 63 64 65 75 82 83 89 97
30 33 35 47 56 60 72 79
31 36 70 92
32 36 38 40 48 52 66 75 77 81 83
33 35 37 77 90
34 38 59 63 64 70 76 86 96
35 51 57 60 79 83 84 98
36 45 48 51 59 61 65 73 74 76 78 90 96
37 82 92 96
38 52 64 73 85
39 47 53 70 79 86 87 95
40 50 74 75 83 99
41 43 46 52 65 68 77 86 87
42 69 70 74 76 89
43 47 98
44 59 60 61 62 64 65 67 75 80 84 93 94 98
45 49 52 59 63 78 82 83
46 62 67 89 96 98
47 57 78 93 96
48 53 81 82 93 95
49 56 71 83 84 85 91
50 63 71 80 86
51 58 65 71 94 99
52 61 63 70 86 88 93 95 99
53 63
54 76 78 89 92 93 96
55 58 69 84 92
56 64 65 72 98
57 59 80 83 84 93
58 67 76
59 69 70 96 97
60 64 66 69 78 85 86 94
61 82
62 64 73 79 89
63 64 76 82 86 99
64 69 71 74 85
65 66 78 79 85 86 98
66 69 76 81 89 91
67 72 77 84
68 82 96
69 79 86 94 97
70 73 74 75 83 99
71 73 76 91 96
72 76 79
73 86
74 96
75 84 96
76 78 88 89 91 93 97
77 84 92 93
78 84 93
79 84 92 94 99
80 86 99
81 92 99
82 91
83 87 89
84 87 90
85
86
87 94
88
89 94 96
90
91
92 93 94
93
94 96
95
96
97
98
99

!75