#RandomGeneratorDifficultGraph.py
# GMT Tue Jul 18 09:23:44 2023
# 
0 1 2 3 4 5 6 7 8 9 10 11 12 13 14 17 18 19 20 21 22 25 26 27 29 30 31 32 33 35 36 37 38 40 41 42 43 44 45 46 47 48 49 50 51 52 53 56 57 58 59 60 61 62 63 65 66 68 69 71 72 74 76 77 78 79 80 81 82 84 85 87 88 89 90 91 92 93 94 95 96 97 98 99
1 2 3 4 5 6 7 10 11 12 14 15 16 19 20 22 24 25 27 28 29 30 31 32 33 34 36 37 38 39 40 42 45 46 47 48 49 50 51 52 53 56 58 59 60 61 65 67 68 69 70 71 73 75 76 77 78 80 82 83 84 85 86 87 88 89 90 91 92 93 94 95 96 98 99
2 3 4 5 6 7 8 9 10 11 12 14 16 17 19 20 21 24 25 28 29 30 31 32 33 34 35 36 37 38 39 41 43 44 46 47 48 49 52 53 55 57 60 61 62 63 65 66 67 68 70 71 72 74 76 77 78 79 80 81 82 85 86 88 89 90 91 92 93 94 95 97 98 99
3 4 5 6 7 9 11 12 13 14 16 17 19 20 21 22 23 24 25 28 30 33 35 37 39 40 41 43 44 45 46 47 49 50 51 52 53 54 55 56 57 58 59 60 61 63 67 68 70 71 72 73 74 75 76 77 79 80 81 83 84 86 87 88 89 90 91 93 95 96 97 99
4 5 6 7 9 10 11 12 13 14 15 16 17 18 19 20 23 24 25 26 27 29 30 32 33 34 35 36 39 40 41 42 43 45 46 47 48 50 51 52 53 54 55 56 57 58 59 60 61 62 63 64 65 66 68 69 70 71 72 73 74 75 76 77 78 79 80 81 82 83 85 86 87 89 91 93 94 95 96 97 98 99
5 6 7 9 10 11 13 14 16 17 18 19 21 24 25 26 27 28 29 30 31 32 33 34 35 37 38 39 40 41 42 43 45 46 48 50 51 52 53 54 56 57 58 59 60 62 64 65 66 69 70 71 74 76 77 78 80 82 84 85 86 89 90 91 92 93 94 97 98 99
6 7 8 9 10 12 13 14 15 16 17 18 19 20 22 24 25 26 27 29 31 32 33 34 35 36 37 38 39 41 43 44 45 46 47 48 50 51 52 53 54 57 58 59 60 61 62 63 64 65 67 68 69 70 71 72 73 74 76 77 80 81 82 83 84 86 87 88 89 90 91 92 93 94 95 96 97 98
7 9 10 15 18 19 20 22 23 24 25 26 27 28 29 30 31 33 34 35 36 37 38 39 41 42 43 45 46 47 48 53 54 55 56 57 58 59 61 62 63 64 65 66 67 68 69 71 72 76 77 78 79 80 81 82 83 86 87 88 91 92 93 94 95 98 99
8 10 11 12 13 14 15 16 17 18 19 20 21 23 24 25 26 27 28 29 30 31 33 34 35 36 37 38 39 40 41 42 43 45 46 50 52 53 54 55 57 58 59 60 61 62 63 64 65 66 67 68 69 71 72 74 75 77 78 79 81 82 83 85 86 87 88 89 90 91 93 94 96 98 99
9 10 11 12 13 14 15 16 17 18 19 20 21 22 23 24 25 26 27 28 29 30 32 33 34 35 37 38 39 43 44 45 46 48 49 50 51 52 54 55 56 57 58 59 60 61 63 65 66 67 68 69 72 73 74 75 76 77 78 79 80 81 82 83 84 85 86 87 88 89 90 91 92 93 94 95 96 97 98 99
10 11 12 13 14 15 16 17 18 20 21 22 23 24 25 26 27 28 29 30 31 32 34 35 36 37 38 39 40 41 43 45 46 47 48 50 52 53 54 55 56 57 58 59 61 62 63 65 66 67 68 69 70 71 72 73 74 75 76 77 78 80 81 82 83 84 86 87 88 89 90 91 92 93 94 95 96 98 99
11 12 13 14 15 16 19 20 21 24 26 27 28 29 30 32 34 35 36 38 39 40 42 43 44 45 46 47 48 50 51 52 56 58 59 60 61 63 64 65 66 67 68 69 70 71 73 74 75 76 77 78 79 80 81 82 83 84 85 88 89 90 91 92 94 95 96 97 98
12 13 16 17 18 19 20 21 22 23 24 25 26 27 28 29 31 32 34 35 37 39 40 41 42 43 44 45 46 47 48 50 51 52 53 54 55 56 57 58 59 60 61 62 63 64 66 67 68 69 70 71 72 73 74 75 76 77 78 79 80 82 83 84 85 86 87 88 90 91 92 94 95 96 97
13 14 15 16 17 18 19 20 21 22 23 24 25 28 29 30 32 34 36 37 38 40 42 43 44 45 46 47 48 49 50 51 52 53 55 56 57 58 59 60 61 62 63 64 65 67 68 70 71 72 73 74 75 76 77 78 80 81 82 83 85 86 87 88 89 90 91 92 93 95 96 98 99
14 15 16 17 20 21 22 24 25 27 29 32 33 36 38 39 40 42 43 44 46 48 50 51 52 53 54 57 59 61 62 63 65 66 67 68 69 72 73 74 75 76 77 78 79 80 81 82 83 85 86 87 88 89 90 94 95 96 97 99
15 16 17 18 19 20 21 22 24 25 26 27 28 29 30 32 33 34 36 37 38 39 40 41 44 45 46 47 49 51 52 53 54 56 58 59 60 62 63 64 65 66 67 68 69 71 72 73 74 75 77 78 79 81 82 83 84 85 86 87 88 89 90 91 92 93 95 96 97 99
16 17 18 19 20 22 23 24 25 27 28 29 31 32 33 34 35 36 37 38 39 40 41 43 44 46 49 50 51 52 53 55 56 57 58 59 61 62 63 65 66 67 68 69 70 71 72 73 74 75 77 79 80 81 82 83 84 85 86 87 89 90 92 93 94 95 97 98
17 18 19 20 21 22 23 24 25 26 27 28 29 30 31 32 33 34 35 36 37 38 39 40 41 42 43 44 45 46 47 48 49 51 54 56 58 59 61 62 63 65 66 67 69 70 71 72 73 74 75 76 77 78 80 81 82 83 84 85 87 88 89 90 91 94 95 97 98 99
18 19 20 21 22 23 24 25 26 27 28 29 30 31 32 33 34 35 36 37 38 39 40 41 42 43 44 45 46 47 48 49 50 51 52 53 54 56 58 59 60 61 62 63 64 65 66 67 68 69 70 71 72 73 74 76 77 78 80 81 82 83 84 85 86 88 89 90 91 92 94 95 96 98 99
19 20 21 22 24 25 26 28 29 30 31 32 33 34 35 36 37 38 39 40 41 42 44 46 47 48 49 51 52 53 54 57 58 59 60 61 62 63 65 66 67 68 69 70 71 73 74 75 76 77 78 79 80 81 82 83 86 88 90 93 96 97 98 99
20 21 22 23 25 26 27 28 29 30 31 32 34 35 37 38 39 40 41 42 43 48 49 50 52 53 54 55 56 57 59 61 62 64 67 68 69 70 71 72 73 74 75 76 78 79 82 83 84 85 86 87 88 89 90 91 92 93 94 95 96 98 99
21 22 23 24 25 26 27 28 29 30 31 33 34 35 36 37 39 40 41 42 43 44 45 46 47 48 49 51 53 55 56 57 59 60 61 62 63 64 65 66 67 68 69 70 71 73 74 75 77 78 79 80 82 83 84 85 86 87 88 89 91 92 93 95 96 97 98 99
22 23 25 26 27 28 29 30 31 32 33 34 35 36 37 38 39 41 42 43 45 46 47 48 49 50 54 55 56 57 58 59 60 61 62 67 68 69 70 74 75 76 77 78 82 84 85 86 88 89 91 92 93 94 95 96 97 98 99
23 24 25 26 27 29 30 31 32 33 34 36 37 38 39 41 42 44 46 47 48 49 50 51 52 53 55 56 57 58 59 61 64 65 67 69 71 72 73 75 76 77 79 80 81 82 83 84 85 86 87 90 91 92 93 94 95 96 97 98
24 25 27 30 31 32 34 35 37 38 39 40 41 42 44 45 46 47 49 50 52 53 54 55 56 58 59 60 61 62 63 64 65 66 67 68 70 71 72 73 74 75 76 77 78 79 80 81 83 84 85 87 88 89 90 92 93 94 95 97 99
25 28 29 30 31 33 34 35 36 37 38 39 40 41 42 43 44 45 46 47 48 49 50 51 52 53 54 55 56 57 58 59 60 61 62 63 64 65 66 67 68 69 71 72 73 74 75 76 77 78 79 80 81 82 83 84 85 86 87 90 91 92 94 95 96 98 99
26 27 29 30 32 33 34 35 36 37 39 40 43 44 45 46 47 48 49 50 51 53 55 57 58 61 62 63 64 65 67 68 69 70 72 73 74 75 76 77 78 79 80 81 82 83 85 86 87 88 90 92 93 94 96 97 98 99
27 29 30 31 34 35 36 37 38 39 40 41 42 44 45 46 47 48 49 50 51 52 53 56 57 58 59 60 61 64 65 66 67 68 69 70 71 73 74 75 76 77 79 80 81 82 83 84 85 86 87 88 89 90 91 92 93 95 96 97 98
28 29 31 32 33 34 35 36 37 38 40 41 42 43 47 48 49 50 51 52 53 54 55 56 57 58 59 60 61 62 63 65 66 67 68 70 72 73 74 75 76 78 79 80 81 82 83 84 85 86 87 89 90 91 92 93 94 95 96 97 98 99
29 30 31 32 33 35 36 37 38 39 40 41 42 43 44 45 46 48 49 50 51 52 53 54 57 58 59 60 61 62 63 64 65 66 68 69 70 72 73 74 75 76 77 78 79 80 81 82 83 84 85 86 87 88 89 90 92 93 94 96 97 98 99
30 31 32 34 35 36 38 39 40 42 43 44 45 46 48 49 50 51 53 54 55 56 57 58 61 62 63 64 66 67 68 69 70 71 72 73 74 75 76 77 78 79 82 83 84 85 86 88 89 90 91 92 93 94 96 97 99
31 34 35 36 37 38 40 41 42 43 44 45 47 50 51 52 54 55 56 57 58 62 63 64 66 67 68 69 70 71 72 73 74 75 76 77 78 79 80 81 82 83 84 85 86 88 89 90 91 92 93 94 95 96 98 99
32 33 34 35 36 39 41 42 43 45 46 47 48 50 51 53 54 55 57 59 60 61 62 63 64 65 66 68 69 70 71 73 74 75 76 77 78 79 80 81 82 83 84 85 86 87 89 90 91 93 94 96 99
33 34 36 37 38 39 40 41 43 46 47 49 50 52 54 55 56 57 58 59 62 65 66 67 68 69 71 72 73 75 76 77 79 80 84 85 86 87 89 91 92 95 99
34 36 38 39 40 41 43 44 45 46 48 49 51 52 53 54 55 57 60 61 64 65 66 68 70 71 72 73 74 75 76 77 79 80 81 82 83 84 85 88 89 90 92 93 95 96 98 99
35 36 38 39 42 43 44 45 46 47 48 49 50 51 52 53 54 55 56 57 58 59 60 61 62 63 64 65 66 67 68 69 70 71 72 73 75 76 77 79 80 81 82 83 84 85 87 90 92 94 95 97 99
36 37 38 39 40 41 42 43 44 45 46 47 48 49 50 51 52 53 54 56 57 58 59 60 61 62 63 64 65 66 67 68 69 70 71 72 74 75 76 77 78 79 80 81 82 83 84 85 86 87 88 91 92 93 94 95 96 99
37 39 40 41 42 43 44 45 46 48 49 50 51 54 56 57 58 59 60 61 62 63 64 65 66 67 69 70 71 72 73 74 75 76 79 80 82 84 85 87 88 91 92 93 94 95 96 97 99
38 39 40 42 43 44 45 46 49 51 52 53 54 55 56 57 58 59 61 62 64 65 66 67 68 69 70 71 72 75 78 79 80 81 82 83 84 87 88 89 90 91 93 94 95 96 99
39 40 41 42 43 44 45 46 47 48 50 51 53 55 57 61 62 63 64 65 66 68 69 71 72 73 74 75 77 78 80 81 82 84 85 86 87 88 89 90 91 92 93 94 95 96 97 98 99
40 41 42 43 44 45 48 49 50 51 52 53 54 55 56 57 58 59 60 61 62 63 64 65 67 70 72 74 75 76 77 78 79 81 82 84 85 86 87 89 90 91 93 95 96 97 98 99
41 42 44 45 46 47 49 50 51 52 53 54 55 56 57 60 61 62 64 65 67 68 69 70 72 73 74 75 76 78 79 81 82 83 85 86 87 89 90 91 92 93 94 95 96 97 98 99
42 43 44 45 46 48 49 50 51 53 54 56 57 59 60 61 62 63 65 66 67 68 69 70 71 72 74 76 77 78 79 80 81 82 83 84 86 87 88 89 90 91 92 94 95 97 98 99
43 44 47 48 52 54 55 57 58 59 60 61 62 63 64 65 67 68 69 70 71 73 74 76 77 78 79 80 81 83 84 85 86 89 90 91 92 93 94 96 97 98
44 45 47 48 49 50 51 53 54 56 57 58 59 60 62 64 65 66 67 68 69 70 71 72 73 75 76 77 78 79 80 81 83 84 85 86 87 88 89 90 91 93 94 96 97 98 99
45 48 49 50 51 52 54 56 57 58 59 60 61 62 63 65 67 68 69 70 71 72 74 76 77 78 79 83 84 85 86 88 89 90 91 92 93 94 98 99
46 47 49 50 51 53 55 56 57 58 59 62 63 64 65 66 67 69 70 71 72 73 74 75 76 77 78 79 81 82 83 84 86 87 88 89 91 92 93 94 95 96 97 98 99
47 48 49 50 51 52 53 54 55 56 57 60 61 62 63 64 65 66 67 68 69 71 73 74 76 77 78 79 80 83 84 87 88 89 90 92 93 94 95 96 97 99
48 49 50 51 53 54 55 56 57 58 60 61 62 63 64 65 67 68 69 70 71 72 73 74 75 76 77 79 80 81 83 85 86 87 88 89 90 91 92 93 94 96 98 99
49 50 51 52 54 55 56 58 59 61 62 63 64 65 66 67 68 72 73 74 76 78 79 80 81 82 84 86 87 88 89 90 91 92 93 94 95 97 98 99
50 51 52 53 54 57 59 60 61 62 63 64 65 66 67 68 69 71 72 73 74 75 76 77 79 80 81 82 83 84 85 86 88 89 90 91 92 93 94 95 96 97 98 99
51 52 53 54 55 57 58 59 60 62 63 64 65 67 69 71 72 73 74 75 76 77 78 79 80 83 84 85 86 87 88 89 91 92 93 94 96 97 98 99
52 53 54 57 58 59 60 61 64 65 66 68 69 70 71 72 74 76 77 79 81 82 83 85 86 87 88 89 90 91 93 94 95 96 97 98 99
53 54 55 56 57 58 59 60 61 62 63 64 65 66 68 70 71 72 73 75 76 77 78 79 80 81 82 83 84 87 89 90 91 92 95 96 98 99
54 55 56 57 58 59 60 61 62 63 64 65 68 70 71 72 73 74 75 77 79 82 83 84 85 86 88 90 91 92 93 94 95 96 97 99
55 59 62 63 66 67 68 69 70 72 73 74 75 78 79 80 81 82 83 84 85 87 88 90 92 93 94 96 97 99
56 57 58 59 61 62 63 64 65 66 68 69 70 71 72 73 74 75 76 77 78 79 80 81 82 83 85 86 87 89 90 91 92 94 95 96 97 98
57 58 59 60 61 62 64 65 66 67 68 69 70 71 73 74 75 76 78 79 80 81 83 84 85 87 88 90 92 93 94 95 97 99
58 59 61 62 63 64 65 66 67 68 69 70 71 72 73 74 75 77 79 80 81 82 83 85 86 87 89 91 92 93 94 95 96 98 99
59 62 63 65 66 67 68 69 70 71 72 73 74 75 78 79 80 81 82 84 85 86 87 88 89 90 91 92 94 95 96 97 98 99
60 61 62 63 65 66 67 69 70 71 72 74 75 76 77 78 80 81 82 83 85 86 87 88 89 90 91 92 93 95 97 98 99
61 62 63 64 65 67 68 69 71 72 73 74 76 77 78 79 80 81 82 83 84 86 87 88 89 91 92 93 94 97 99
62 63 64 65 67 68 69 70 72 73 74 75 76 77 79 80 81 82 83 84 87 88 89 90 92 93 94 95 96 97 98 99
63 64 65 66 68 69 70 71 72 73 74 75 76 77 78 79 80 81 83 86 87 91 92 94 95 96 97 98
64 65 69 70 71 72 73 74 75 77 78 79 80 81 83 84 85 87 88 89 92 93 96 97 98 99
65 66 67 68 69 70 71 74 75 76 77 78 79 80 81 82 83 84 85 86 87 88 89 90 91 92 93 95 97 98 99
66 68 69 70 71 72 73 74 75 76 77 78 79 80 81 82 83 84 85 86 87 88 89 90 91 92 93 94 95 96 98 99
67 68 70 71 72 73 74 75 76 77 78 79 81 82 83 85 86 87 88 89 90 93 94 95 96 98 99
68 69 70 71 73 74 75 76 77 78 79 80 82 83 84 85 86 87 88 89 90 91 92 94 95 96 97 98 99
69 70 71 72 73 74 75 76 78 79 80 81 82 83 84 86 87 89 90 91 92 94 95 96 98 99
70 72 74 75 76 77 78 79 80 81 82 85 86 88 89 90 91 92 93 95 96 97 98 99
71 72 74 75 76 78 79 80 81 82 84 85 87 88 89 90 92 93 94 95 96 97
72 73 74 76 77 79 80 81 82 83 84 86 87 88 91 93 94 96 97 98 99
73 74 76 77 78 79 80 81 82 83 86 87 88 89 90 91 92 93 94 95 96 97 98 99
74 77 78 79 80 81 82 83 84 85 86 87 89 90 91 92 93 94 95 98 99
75 76 77 78 79 81 82 83 84 85 86 87 90 91 92 93 94 95 96 97 98 99
76 77 79 80 81 82 83 84 85 86 87 88 90 91 93 94 98 99
77 78 80 81 82 84 85 88 89 90 92 93 95 96 98
78 79 80 81 82 83 84 85 86 87 88 91 93 94 95 96 99
79 80 82 83 84 85 86 87 88 89 90 91 92 93 94 95 96 97 98 99
80 83 84 86 87 88 91 93 94 96 97 98 99
81 82 83 84 85 86 87 88 90 91 92 93 94 96 97 98 99
82 83 86 88 89 90 91 92 96 97 98 99
83 84 85 86 88 89 90 91 92 93 94 95 96 97 98
84 86 87 88 89 90 91 92 94 96 97 98 99
85 86 87 88 89 91 92 93 94 95 96 97 98
86 87 88 90 91 92 94 96 97 98 99
87 88 89 90 91 92 93 94 95 96 97 98 99
88 89 90 91 92 93 94 95 96 97 98 99
89 90 91 92 93 94 95 97 98 99
90 91 92 93 94 95 97 98 99
91 92 94 96 97 98 99
92 93 94 95 96 97 98
93 94 95 97 98 99
94 95 96 97 98 99
95 96 97 98 99
96 97 98 99
97 98
98 99
99

!95