#RandomGeneratorDifficultGraph.py
# GMT Mon Jul 17 14:33:56 2023
# 
0 11 15 17 25 27 33 38 40 46 48 49 57 66 71 73 80 87 91
1 2 6 13 14 15 18 23 29 30 38 43 44 48 49 50 53 61 66 74 75 76 77 84 91 92 95
2 5 18 26 36 40 52 54 57 61 67 72 79 80 81 89 91 98
3 6 9 10 11 19 36 39 40 41 46 52 60 82 88 91
4 15 20 21 31 32 34 37 41 43 49 50 64 70 76 80 93
5 12 16 34 51 53 59 62 64 66 69 71 85 92 95 96
6 15 17 19 21 22 24 32 47 49 51 54 59 68 71 78 87 93 98
7 12 13 17 26 27 42 46 52 53 56 59 61 64 82 85 97 99
8 11 14 18 22 29 30 35 48 55 68 80 81 82 91 92
9 24 26 32 34 40 42 44 52 54 56 58 59 61 63 69 70 71 72 78 79 83 88 99
10 12 15 26 34 36 37 42 45 48 49 55 58 73 75 76 77 86 89 97
11 20 28 29 31 40 47 48 49 54 57 61 69 77 83 94 97 98
12 15 18 24 25 28 35 40 44 51 52 53 55 56 59 60 68 69 74 86 88 93 95
13 15 16 17 20 28 30 35 40 41 42 43 54 57 61 69 73 78 79 80 81 83 88 92 97
14 16 20 32 44 65 66 69 83 85 88
15 16 20 24 30 31 36 38 39 43 46 48 52 58 61 75 77 82 84 91 92 93 96
16 18 19 26 32 42 44 58 68 69 76 77 91 94
17 19 23 28 32 37 44 46 54 60 67 69 73 74 90
18 20 35 47 68 81 82 84 89 93
19 30 34 35 36 40 45 49 53 57 73 77 83
20 21 22 23 28 30 31 37 41 42 43 66 82 83 91
21 27 32 33 36 40 42 51 75 77 84 87
22 23 30 44 56 58 59 68 85 86 91 93
23 25 27 28 32 36 41 48 49 64 69 70 75 81 83 86 89 90 92
24 34 36 38 45 51 61 65 79 85 93 94 95 97
25 28 29 32 33 52 59 62 63 67 69 72 73 75 83 84 89 91 98 99
26 30 40 58 63 71 78 84 88 90 91 92 94 95
27 31 32 33 35 36 40 45 49 50 53 57 65 66 71 75 78 94 95 97
28 29 44 51 58 63 64 73 76 77 79 84 85 89 91 93 97
29 30 35 43 44 48 49 51 53 58 59 67 69 70 72 78 80 82 84 86
30 36 38 39 40 41 47 54 58 60 61 70 72 75 81 88
31 39 42 47 48 50 62 75 77 79 80 85 90 91 99
32 41 43 55 58 59 62 68 84 88 92 93 99
33 34 36 38 39 42 49 53 61 65 67 74 75 84 90 93 97 99
34 36 37 40 47 51 53 56 64 66 67 79 80 82 88 89
35 39 55 56 62 63 65 78 82 92 97 99
36 38 40 50 52 53 61 66 75 78 91 98
37 44 45 48 50 51 57 65 69 74 80 86 92
38 40 41 53 58 70 74 75 76 77 84 90 91 92 98
39 43 49 51 57 73 79 88 90 93 94 97
40 42 44 54 60 63 78 79 81 86 89 90 98
41 44 48 51 53 55 64 66 68 70 73 80 88 95 96 97 99
42 47 50 51 63 71 72 73 79 84 85 87
43 50 60 61 64 66 67 69 70 79 82 92
44 57 59 60 67 70 71 84 85 87 89 94
45 47 48 53 57 58 61 66 69 70 73 75 76 87
46 54 62 68 71 79 91 94 95 99
47 59 68 72 73 79 83 94
48 50 55 57 61 62 66 67 72 76 77 79 81 84 86 87 88 89
49 50 53 54 56 61 64 67 71 75 82 91 95
50 51 52 53 55 59 69 70 71 72 76 80 89 91 93 94 97 99
51 56 60 62 64 67 69 74 80 88 93
52 67 70 76 78 79 89 90 95
53 54 61 66 68 72 76 98 99
54 60 71 72 80 88 95 98
55 62 65 81 85 87 88 93 99
56 59 62 68 89 94 95
57 58 61 63 64 65 67 70 72 81 84 89
58 60 62 64 72 73 75 78 82 86 88 90 93 99
59 62 72 73 74 75 81 84 85 88 92 94
60 61 66 70 79 82 87 93 95 99
61 67 69 73 75 76 77 84 87 88 91 93 95 97
62 85 93 94
63 64 70 71 73 75 80 84 85 87 88 90 91 94 96 98
64 70 77 82 83 90 91 96 97
65 69 72 77 78 79 80 85 95 98 99
66 86 89 92 95 96 99
67 70 71 80 83 84
68 69 71 73 74 79 81 92 94
69 71 77 85 90 97 98 99
70 71 84 88 92
71 75 77 83 85 90
72 74 83 84 92 94 96
73 78 83 86 97 99
74 89 92 96
75 85 90 95 98
76 77 78 84 86 98
77 79 80 82 97
78 84 85 88 94 98
79 83 84 85 87 91
80 82 86 87 89 99
81 88 90
82 85 91 93 96 97 98
83 87 90 93 95
84 85 92
85 88 93 95
86 91 93 97
87 90 94 95
88 93 98
89 90 92
90 94 97 99
91 92 93 94 96 99
92
93 95 98
94 99
95 97
96 99
97 99
98 99
99

!83