#RandomGeneratorDifficultGraph.py
# GMT Tue Jul 18 16:24:19 2023
# 
0 8 13 18 25 40 42 44 47 55 57 60 67 71 72 75 78 79 82 86 89 99
1 5 8 21 23 36 40 51 58 65 69 84 85 86 87 93 99
2 4 5 7 10 22 23 25 31 32 34 35 39 40 46 48 50 55 65 70 71 74 77 85 89 90 96 99
3 6 18 19 23 28 29 31 37 39 41 45 57 58 61 63 71 75 91
4 16 25 30 33 35 52 70 71 74 76 83 87 91
5 6 13 16 17 19 22 28 29 37 42 44 53 57 58 59 63 65 71 73 75 78 81 91 94
6 11 12 27 32 36 38 42 43 44 64 73 91 92 93
7 12 15 21 22 23 30 33 35 37 43 44 55 79 82 88 92
8 10 11 12 15 17 18 24 26 32 33 34 39 44 46 50 63 78 85 86 88 92 94 95 99
9 21 31 37 39 41 43 44 46 48 56 58 63 73 77 83 84 98
10 14 15 18 20 23 42 45 55 57 58 62 63 65 66 70 73 74 89 94
11 15 20 21 24 26 30 37 54 65 70 76
12 17 18 19 28 33 34 35 38 54 58 59 86 87
13 16 24 31 35 41 45 47 51 57 67 68 71 77 83 91 92 95 96 97
14 19 24 25 27 31 33 40 46 50 53 58 60 64 65 66 67 68 69 70 77 80 88 89 91 92 99
15 21 27 28 33 37 42 43 46 49 53 58 63 73 76 80 82 83 86
16 18 28 38 40 47 49 52 61 63 81 82 87 89 92 93 97 99
17 18 30 36 39 45 46 48 49 50 52 54 56 57 61 68 70 71 78 87 88 90 92 98
18 30 33 38 64 70 76 80 82 85 87 90
19 29 31 42 45 50 52 54 61 63 68 71 76 79 81 96 99
20 23 26 32 33 35 40 49 65 74 75 88 91 92 99
21 23 29 30 31 36 48 50 51 58 59 69 71 76 94 98
22 33 37 39 41 44 45 53 62 64 67 68 69 75 81 84 86 89 92 95 98
23 24 51 53 57 72 74 75 76 79 85 87 93 94
24 25 30 35 46 53 54 58 61 62 64 66 67 72 75 78 79 81 86 91
25 26 36 37 43 44 57 58 71 80
26 30 35 36 38 40 41 48 51 55 56 57 59 71 73 86
27 33 39 63 65 66 70 71 79 81 82 95
28 39 44 47 55 63 64 67 72 76 87 93 97 99
29 39 52 54 55 61 62 64 65 71 77 80 82 86 92 97
30 31 32 38 44 45 53 60 64 69 71 73 81 83 84 90 91 92 93
31 33 36 41 44 45 47 57 67 74 76 79 82 86 87 90 93
32 34 44 50 51 52 53 56 62 64 68 75 78 79 95 97 99
33 43 44 50 52 64 67 69 74 76 86 87 88 93
34 36 39 60 61 63 65 66 76 80 83 90 91
35 38 40 43 44 45 47 50 60 62 68 70 73 78 83 88 90 91 92 95 96
36 37 44 45 46 60 69 72 83 90 93 98
37 38 39 43 49 55 56 69 70 81 82 85 87
38 39 43 49 53 55 58 59 62 75 76 88 93
39 50 51 60 61 67 68 70 83 86 87 92 93 97
40 66 68 72 77 84 85 90 95 96 98
41 45 47 52 60 67 77 80
42 46 62 69 74 83 84 87 88 94 99
43 44 45 49 50 53 65 67 72 75 79 86 92 94 96
44 67 72 76 77 82 84 87
45 47 48 52 53 60 62 64 67 69 84 88
46 68 74 80 82 93 95
47 49 65 68 69 72 74 78 82 88 95 97
48 49 60 69 73 80 86 87 90 91 93 97 99
49 55 65 76 78 79 99
50 53 55 61 62 68 76 84 85 96 98 99
51 52 53 59 61 66 70 76 79 83 84
52 59 66 70 75 77 79 95
53 54 55 58 60 67 68 70 73 77 80 81 88 92 99
54 55 58 74 79 91 95
55 57 74 81 86 92 93 95
56 57 62 64 65 79 80 83 85 92
57 62 65 74 78 81 83 89
58 62 63 75 76 78 80 81 86 89
59 60 61 67 68 70 73 92 96 99
60 67 69 71 72 78 79 94 95
61 78 87
62 67 72 79 85 91 92 93
63 64 75 76 79 86 90 91 92 99
64 80 88 90 91 97
65 67 73 74 76 78 82 90 92 98
66 78 80 82 83 87 88 92 99
67 73 83 85 94
68 77 82 83 90 92 93 94 95 96 97 98
69 70 72 81 86 90 91 97 99
70 72 75 78 81 83 92 94
71 72 78 88 95 97
72 74 79 88 97
73 74 84 85 87 89 93 94 96 97
74 85 88 89
75 78 82 85 87 93
76 90 99
77 78 85 87 93 97
78 87 92 98
79 86 92 94 97
80 88 97
81 85 88 92 95 99
82 83 85 86 88 90 93
83 84 95 98
84 85 93 98
85 90 91 92 93 94 95 97 98
86 89 91 97
87 92 94
88 91 94 97 98 99
89
90 91 92 96 99
91
92
93 94 96
94
95 99
96
97
98
99

!82