#RandomGeneratorDifficultGraph.py
# GMT Tue Jul 18 16:24:07 2023
# 
0 8 9 19 22 31 35 39 41 55 59 67 75 78 86 88 89 96 98
1 5 6 11 24 26 44 53 63 68 71 79 81 89 94
2 6 15 22 24 32 43 44 45 50 52 62 63 75 80 82
3 4 11 29 30 32 34 35 37 46 56 63 65 67 71 73 75 76 78 82 83 89 90 91 99
4 12 14 15 21 24 32 40 47 48 49 50 55 58 65 73 74 75 79 80 96 97
5 11 14 17 18 19 23 27 29 37 38 43 45 68 70 73 75 83 93 95
6 8 17 21 23 49 56 60 63 68 81 82 84 89 95
7 9 13 15 17 18 21 27 32 35 38 53 58 67 68 72 77 80 87
8 12 24 27 31 32 40 41 43 44 48 49 52 53 66 69 76 80 81 84 89 91
9 20 25 28 31 35 43 48 54 56 77 86
10 12 17 25 29 34 41 46 58 59 61 62 68 70 92 96 97
11 35 36 53 56 63 71 75 87 89 91 93 94 97
12 17 20 21 24 27 38 42 49 51 55 59 63 64 66 70 72 89
13 16 28 30 33 36 44 46 63 65 72 73 78 86 92 99
14 20 27 43 53 54 58 63 71 74 76 77 78 88 90 95 96
15 22 24 26 30 38 44 45 47 51 56 63 66 71 74 79 81 84 85 90 92 99
16 17 19 21 27 30 49 51 55 64 66 68 72 85 89 95
17 23 39 41 43 45 47 49 50 51 53 59 65 68 72 73 74 77 83 84 87 93 96 99
18 19 21 25 30 33 46 53 54 67 76 79 80 81 82 84 86 87 88 92 93 94 96 97
19 22 36 74 75 79 96
20 22 25 32 44 48 54 55 56 57 65 70 73 91
21 24 26 27 28 33 37 45 46 55 60 63 71 80 88 91 97 98
22 23 34 36 37 55 62 80 82 96 99
23 43 51 52 55 56 57 61 67 68 69 72 82 84 88 90 92
24 27 34 41 44 46 62 64 65 87 91 94
25 28 39 41 43 44 46 51 59 63 68 71 79 94 96 97 99
26 42 48 55 56 59 65 69 72 73 85 90 97
27 65 68 69 74 77 80 83 92 94 96
28 32 33 38 46 62 63 70 71 72 73 77 83 86 88 91 92 98
29 32 41 47 52 75 77 82 83 89 93 95 98 99
30 32 40 50 64 69 72 77 78 84 87 95
31 36 41 46 48 56 62 72 77 78 87 89 91 94 96 98
32 43 44 47 52 55 60 61 66 69 80 87 96 98
33 36 38 41 43 50 55 80 82 92 99
34 36 44 45 50 52 54 66 68 73 74 77 79 81
35 42 49 50 53 54 60 66 78 84 94 95
36 41 43 44 46 53 60 61 71 73 81 83 89 90 94 97 98
37 39 46 50 52 53 54 58 61 64 76 77 81 93
38 39 55 56 61 66 68 74 85 86 88 89 95 96
39 41 47 52 55 59 64 65 69 77 78
40 49 51 52 53 59 62 64 65 69 78 87
41 43 45 51 56 61 76 80 82 93 95 96 97 99
42 55 59 65 69 81 92 93 94 96 99
43 56 61 64 71 73 75 81 85 95
44 45 48 50 57 61 62 66 68 69 70 71 78 81 92
45 53 64 76 83 85 87 92
46 50 54 56 58 67 70 79 81 83 86 88 89 94 95
47 49 52 56 57 61 76
48 49 51 56 58 59 62 63 64 78 83 84 87 92 95
49 55 61 70 75 80 89 93 94 97
50 56 75 78 91 92
51 62 65 68 74 75 81 87 91 94
52 55 66 67 68 69 87 90
53 54 58 64 65 74 76 78 95 97 98
54 59 62 63 68 73 78 81 86 92 98
55 64 70 71 73 76 84 88 91 94
56 58 60 69 75 86 94 95 98
57 59 64 88 92 96 97
58 67 69 71 75 80 82 86 97
59 62 67 87 88
60 61 64 79 82 89 91 98
61 74 76 87 91 94 97
62 72 75 78 79 82 85 86 88 94 98
63 68 70 74 77
64 81 86 93 95
65 66 67 69 73 74 78 79 85 99
66 76 84 90 95
67 68 69 75 86 89 95 97
68 71 79 82 87 91 96
69 72 78 80 84 89 91 99
70 73 81 89 93 97 99
71 74 80 88 97 98
72 74 78 84 86 88 89 90 97
73 81 85 86 89 90 96
74 77 82 83 89 91 94 95
75 98
76 79 81 83 89 93 95
77 78 85
78 80 82
79 80 81 87 89 92
80 86 87 88 90 91 93 97
81 94
82 83 95 97 98 99
83 88 99
84 86 87 92 99
85 87 92 93 95 97
86 90 93 97 98 99
87 91 95 99
88 91 92 95
89 90
90 93 96
91 93 97
92 96
93 97
94 95 97 98 99
95
96 97
97 99
98
99

!84