#RandomGeneratorDifficultGraph.py
# GMT Tue Jul 18 16:24:12 2023
# 
0 5 17 25 29 30 45 50 53 56 58 62 64 71 73 90 95 96 97
1 12 28 30 31 33 38 39 47 49 52 54 55 61 63 71 79 84 90 91 95 96 98
2 7 9 13 14 16 18 20 28 34 48 51 52 54 56 58 68 70 71 73 94 96 98
3 4 9 10 11 12 13 15 18 20 28 30 37 47 53 57 59 63 65 80 81 82 85 87 90 93 95 98 99
4 9 19 21 24 29 33 37 40 42 47 48 62 66 70 71 72 75 76 83 86 87 94
5 20 26 27 30 32 45 46 49 54 56 57 60 62 63 64 65 74 75 76 78 85 91
6 15 17 24 37 39 54 57 59 60 61 69 70 80 90 93 94 97 99
7 15 20 21 36 41 43 54 61 62 65 70 73 79 81 90 92
8 10 16 17 21 22 25 27 41 45 50 51 57 60 61 68 69 74 81 85 90
9 21 23 24 26 27 28 34 40 41 50 62 65 67 68 71 78 87 88 94
10 12 13 17 22 24 36 37 38 39 43 48 50 52 57 59 62 63 64 65 66 81 98
11 12 14 15 18 24 25 27 52 55 71 72 76 83 85 86 90
12 16 25 42 54 61 63 70 78 81 88 91 94 96 99
13 16 22 23 27 39 46 50 53 56 61 63 64 73 84 85 86 88 89 94
14 15 19 26 32 33 35 36 44 45 49 50 57 58 59 64 66 76 84 88 91 95 96 97
15 20 22 23 24 27 34 39 41 50 60 61 62 69 70 72 76 80 81
16 24 30 46 50 51 53 57 60 62 64 70 87
17 21 22 25 33 44 45 50 66 67 69 71 73 85 87
18 20 23 24 33 37 39 40 42 54 55 59 62 67 77 80 82 83 94 96 97 99
19 22 37 47 50 52 56 64 67 68 69 71 79 92 95
20 30 31 36 37 38 40 50 55 56 61 67 75 76 77 79 88 91 95 97
21 22 27 33 36 37 38 58 64 65 71 72 81 90
22 24 29 41 45 53 66 67 68 71 77 85 88 98 99
23 28 29 31 33 34 51 55 61 67 73 78 83 85 88
24 25 27 30 32 40 49 69 71 81 89 93 95
25 29 39 45 58 60 69 71 77 87 89 91 98
26 34 37 39 40 53 55 56 60 66 73 76 81 83 84 85 90 92 94 99
27 28 33 41 43 48 50 57 70 75 77 86 87 95 96
28 43 44 46 47 57 58 65 66 78 79 80 87 89 92 93
29 33 34 44 53 54 56 61 72 79 81 89
30 40 50 52 55 56 66 81 85 91 98
31 34 41 42 44 48 53 54 74 76 78 84 95
32 37 48 50 53 54 55 60 61 66 70 73 75 76 78 83 85 90 93 96
33 38 40 44 47 51 62 63 78 91 93
34 39 44 48 54 57 67 79 83 94 95
35 37 38 43 47 48 52 53 58 59 65 75 78 84 86 99
36 46 52 53 55 63 68 71 73 79 85 90 96
37 39 42 47 50 52 53 67 71 87 89 92 93 97
38 42 50 52 54 58 60 61 73 80 84 89 90 93 95 96 97
39 45 56 60 63 67 68 76 77 78 82 89 90 91 92
40 44 50 51 52 54 56 58 60 64 74 87 98
41 53 61 68 71 74 76 93
42 43 47 51 57 60 77 79 97
43 44 46 66 79 81 92 93 96
44 49 50 54 58 61 68 76 80 86 97 98 99
45 56 57 60 64 67 68 80 82 86 88 89 97
46 49 50 52 66 70 71 79 97
47 51 55 57 68 79 80 83
48 55 56 58 63 65 71 72 77 84 85 94
49 66 69 75 81 82 89 90 93 99
50 51 55 60 65 71 74 75 85 93 96 98
51 52 53 60 61 63 67 69 73 75 78 81 84 86 88 89 90 91 94 98
52 61 64 66 68 73 74 76 81 82 84 89 93 97 99
53 67 68 71 75 83 87 89 92 96
54 57 59 69 76 77 79 86 87 88 91 93 96 98
55 66 67 72 75 77 80 86 91
56 61 62 66 67 71 80 86 93 94
57 63 69 71 72 78 79 83 86 89 93
58 59 60 69 71 73 75 80 81 83 98
59 60 62 64 73 75 79 80 83 89 90 91
60 67 69 70 73 81 87
61 68 70 80 84 85 86 91 95 96 97 98
62 68 69 78 80 93 97 99
63 64 65 73 75 84 90 99
64 66 71 73 81 82
65 75 78 80 86 91
66 68 73 74 76 94 99
67 79 82 83 84 86 98
68 69 93 94
69 71 72 86 89 91 92
70 80 89 90 91 92 97
71 83 87 89 93
72 73 75 79 86 87 92 93
73 79 82 84 90 94
74 84 87 94
75 79
76 90 91 97 98
77 98
78 85 87 93 94 96
79 82 89 94 95 98
80 88 98 99
81 98
82 91 94 99
83 91 92 93
84 93
85 86 91 92
86 87 97
87 93 95 96
88 90 95 99
89 91 95 98
90 97
91
92 94 96
93 98
94
95 96 99
96
97 98
98
99

!82