#RandomGeneratorDifficultGraph.py
# GMT Tue Jul 18 16:23:18 2023
# 
0 7 8 9 10 12 13 17 18 19 25 30 35 40 42 44 47 54 55 57 59 60 61 67 68 71 72 75 77 78 79 80 82 86 89 97 99
1 4 5 8 11 17 21 23 28 36 40 46 47 51 58 61 64 65 66 69 76 79 84 85 86 87 93 94 96 99
2 4 5 7 10 16 22 23 25 30 31 32 34 35 39 40 45 46 48 50 53 55 58 60 63 65 68 70 71 74 76 77 85 89 90 96 99
3 6 10 13 18 19 23 26 28 29 31 37 39 41 45 46 56 57 58 61 62 63 71 75 76 79 91
4 6 13 16 22 25 30 33 35 39 50 52 62 70 71 74 76 80 83 87 91
5 6 7 13 16 17 19 22 26 28 29 30 37 42 44 53 57 58 59 63 65 67 71 72 73 75 77 78 81 82 88 91 94 95 96
6 11 12 14 22 27 28 32 36 38 42 43 44 52 54 64 68 69 73 75 79 88 89 91 92 93 95
7 8 12 15 19 21 22 23 28 30 33 35 37 41 43 44 50 52 55 57 60 62 71 76 79 80 82 83 88 92
8 10 11 12 15 17 18 24 25 26 27 32 33 34 37 39 44 46 50 63 67 78 85 86 88 92 94 95 96 99
9 19 20 21 27 31 34 37 39 41 43 44 46 48 50 56 57 58 61 62 63 65 71 73 74 77 83 84 88 98
10 14 15 18 20 23 30 37 41 42 45 48 51 55 57 58 62 63 64 65 66 68 70 73 74 78 89 94
11 14 15 20 21 24 25 26 30 37 45 54 63 65 68 70 76 78 85 86 90 96
12 17 18 19 27 28 33 34 35 38 39 46 53 54 58 59 60 69 75 86 87
13 16 20 23 24 31 32 35 41 45 47 51 53 57 67 68 71 74 77 83 90 91 92 95 96 97
14 19 23 24 25 27 31 33 39 40 41 46 50 53 58 60 64 65 66 67 68 69 70 77 80 86 88 89 90 91 92 95 99
15 21 27 28 33 37 42 43 46 47 49 53 57 58 59 63 66 73 76 80 82 83 85 86 92
16 18 19 23 28 38 40 44 47 49 52 60 61 62 63 73 74 79 81 82 87 89 92 93 97 99
17 18 30 33 35 36 37 39 40 45 46 48 49 50 52 54 56 57 58 61 62 63 65 68 70 71 75 76 78 87 88 90 92 98
18 20 30 33 37 38 49 55 60 64 68 70 75 76 78 80 81 82 85 87 90 97
19 22 24 26 29 31 39 42 45 47 50 52 54 61 63 68 69 71 76 79 80 81 96 99
20 23 26 32 33 35 38 40 48 49 50 65 67 68 70 71 74 75 88 91 92 99
21 23 28 29 30 31 36 43 48 50 51 58 59 66 67 69 71 75 76 80 83 91 94 95 98
22 23 24 33 37 39 41 44 45 46 53 59 62 64 67 68 69 74 75 79 81 84 86 89 92 94 95 98
23 24 31 43 48 51 53 57 72 73 74 75 76 79 82 83 85 86 87 93 94
24 25 30 34 35 36 43 46 47 53 54 58 61 62 64 66 67 72 74 75 78 79 81 86 87 91
25 26 27 36 37 43 44 47 53 57 58 60 62 65 71 72 73 74 80 86 95
26 27 30 35 36 38 40 41 48 51 52 55 56 57 59 71 73 78 85 86
27 30 33 39 63 64 65 66 70 71 72 76 79 81 82 87 92 95 96
28 33 37 39 44 47 55 63 64 67 69 72 76 82 86 87 93 97 99
29 33 35 37 39 52 54 55 61 62 64 65 71 77 80 81 82 83 86 92 94 97 99
30 31 32 34 38 39 40 44 45 46 52 53 55 60 64 69 71 73 81 83 84 89 90 91 92 93
31 33 36 39 41 44 45 47 56 57 63 67 70 74 76 79 82 83 86 87 90 93 94 97
32 34 44 45 50 51 52 53 54 56 62 64 68 73 75 78 79 85 89 90 95 96 97 99
33 42 43 44 48 50 52 53 55 58 64 67 69 74 76 78 86 87 88 93 96 98
34 36 39 40 49 54 56 60 61 62 63 65 66 69 75 76 80 83 90 91
35 38 40 41 43 44 45 47 50 56 60 62 68 70 73 78 83 88 90 91 92 95 96
36 37 44 45 46 58 60 62 68 69 71 72 74 83 89 90 93 95 98
37 38 39 43 47 49 51 52 55 56 59 62 67 69 70 71 76 80 81 82 85 87
38 39 42 43 49 50 53 55 57 58 59 61 62 69 75 76 77 83 88 91 93 99
39 50 51 54 56 60 61 67 68 70 80 83 84 86 87 91 92 93 94 97 98 99
40 47 59 62 63 65 66 68 72 77 82 84 85 88 90 92 93 95 96 98
41 45 47 49 52 60 61 62 67 68 70 76 77 80 83 84
42 46 52 62 69 74 81 82 83 84 87 88 90 94 99
43 44 45 47 49 50 51 53 56 57 65 67 72 75 79 86 92 94 96
44 45 51 67 72 76 77 82 84 87
45 47 48 52 53 60 62 64 67 69 72 80 81 84 88 89 91 98 99
46 48 56 60 67 68 74 76 80 82 93 95 97 98
47 49 52 65 68 69 72 74 78 82 83 88 89 95 97
48 49 51 55 56 60 68 69 73 76 80 86 87 90 91 93 97 99
49 51 55 65 66 76 78 79 94 99
50 52 53 55 60 61 62 68 76 80 84 85 96 97 98 99
51 52 53 55 56 59 61 66 70 76 78 79 82 83 84 90 93
52 56 59 63 66 70 73 74 75 77 79 86 87 93 94 95
53 54 55 58 60 61 63 67 68 70 73 74 77 80 81 87 88 89 92 99
54 55 58 64 68 74 79 81 84 86 89 91 95
55 57 58 70 74 79 80 81 85 86 91 92 93 95 97
56 57 59 60 62 63 64 65 69 76 79 80 83 85 92 96 98
57 60 62 65 67 74 77 78 81 82 83 85 89 97 99
58 62 63 74 75 76 78 80 81 84 86 88 89 93 99
59 60 61 67 68 70 73 78 84 87 88 92 96 99
60 61 67 69 71 72 75 78 79 80 86 94 95
61 67 72 78 87
62 67 72 74 75 78 79 82 85 87 91 92 93 98
63 64 75 76 79 86 89 90 91 92 99
64 69 80 88 90 91 94 96 97
65 67 73 74 76 78 82 86 90 92 98 99
66 69 71 78 80 81 82 83 87 88 92 96 99
67 68 73 81 83 85 94 97
68 70 77 80 82 83 85 88 90 92 93 94 95 96 97 98
69 70 72 80 81 86 90 91 97 99
70 71 72 75 77 78 79 81 83 92 94
71 72 73 75 78 86 88 95 97
72 74 79 87 88 89 97
73 74 79 84 85 87 89 93 94 96 97
74 76 79 82 85 87 88 89 91 97
75 76 78 81 82 85 87 92 93
76 90 99
77 78 82 85 87 93 94 97 98
78 87 92 98
79 86 87 90 91 92 94 97
80 82 86 87 88 93 97
81 82 85 88 92 95 99
82 83 85 86 87 88 90 93
83 84 95 98
84 85 87 92 93 96 97 98
85 90 91 92 93 94 95 96 97 98
86 89 91 95 97
87 92 94
88 91 94 97 98 99
89 92
90 91 92 95 96 99
91 97
92 96
93 94 96
94
95 99
96
97
98
99

!88