#RandomGeneratorDifficultGraph.py
# GMT Tue Jul 18 16:23:20 2023
# 
0 4 5 11 17 20 25 29 30 32 35 45 50 53 56 58 59 62 64 71 73 78 90 92 95 96 97
1 2 5 9 12 27 28 30 31 33 38 39 47 49 52 54 55 61 63 71 77 79 82 84 86 90 91 95 96 98
2 7 9 13 14 16 18 19 20 23 24 28 30 34 48 51 52 54 56 58 61 64 68 70 71 73 79 81 85 87 94 96 98
3 4 9 10 11 12 13 15 17 18 20 27 28 30 37 47 52 53 57 59 63 65 80 81 82 85 87 90 93 95 98 99
4 9 18 19 21 24 25 29 33 37 40 42 47 48 54 62 66 70 71 72 73 75 76 80 83 86 87 89 94 99
5 11 12 20 21 26 27 30 31 32 33 40 44 45 46 49 54 56 57 60 61 62 63 64 65 66 74 75 76 78 79 85 91 96
6 15 17 24 37 39 48 54 57 59 60 61 67 69 70 71 79 80 84 90 93 94 97 99
7 15 18 20 21 23 24 36 38 41 43 44 53 54 61 62 65 66 70 73 74 77 79 81 87 89 90 92 95
8 10 15 16 17 19 21 22 25 27 31 39 41 45 50 51 53 57 60 61 67 68 69 73 74 77 81 85 86 88 90 91
9 11 14 15 21 23 24 26 27 28 30 33 34 35 40 41 50 62 64 65 66 67 68 71 73 78 84 86 87 88 94 95 97 98
10 11 12 13 16 17 22 24 25 26 36 37 38 39 41 43 48 50 52 57 59 62 63 64 65 66 67 70 81 89 93 97 98
11 12 14 15 18 20 24 25 27 35 36 43 49 51 52 55 60 69 71 72 76 80 83 85 86 90
12 16 22 23 25 35 36 38 42 45 52 54 61 63 70 78 79 81 84 88 91 94 96 98 99
13 16 22 23 24 27 30 39 46 48 50 53 56 61 63 64 73 74 84 85 86 88 89 91 94
14 15 19 20 23 26 30 32 33 35 36 40 41 44 45 48 49 50 57 58 59 64 66 73 76 79 80 82 84 87 88 91 95 96 97
15 19 20 22 23 24 27 32 34 37 39 41 43 50 52 55 59 60 61 62 63 64 69 70 72 76 80 81 83 95
16 18 24 29 30 32 34 45 46 50 51 53 57 60 62 64 70 75 87
17 18 21 22 24 25 33 44 45 50 51 56 58 63 66 67 69 71 73 76 78 81 85 86 87 98
18 20 21 23 24 33 36 37 39 40 41 42 45 51 53 54 55 57 59 61 62 67 77 80 82 83 84 86 94 96 97 99
19 20 22 28 33 37 38 47 50 51 52 53 56 64 67 68 69 71 72 77 79 86 91 92 95 99
20 21 22 23 30 31 34 36 37 38 40 41 43 50 55 56 58 59 61 67 74 75 76 77 79 83 88 91 93 95 97 99
21 22 27 33 34 36 37 38 49 50 52 57 58 64 65 71 72 76 81 90 99
22 23 24 29 41 45 46 51 53 54 66 67 68 71 72 75 77 81 82 85 86 88 98 99
23 28 29 30 31 33 34 35 51 52 55 61 64 66 67 71 73 78 83 85 86 88
24 25 27 30 32 40 47 49 53 55 56 69 71 72 81 89 90 93 95
25 28 29 33 37 39 45 47 55 58 60 69 71 77 81 87 89 91 95 98
26 34 37 39 40 53 55 56 60 66 73 76 81 83 84 85 90 91 92 94 99
27 28 33 41 43 44 45 47 48 50 51 57 58 60 68 70 75 76 77 81 86 87 95 96
28 38 43 44 46 47 55 56 57 58 65 66 76 78 79 80 82 83 85 87 89 92 93
29 33 34 40 44 46 53 54 56 60 61 72 79 81 84 89 94
30 31 34 40 50 52 55 56 63 66 68 74 76 81 85 91 95 98
31 34 39 41 42 44 48 49 52 53 54 60 74 76 77 78 83 84 85 95 97
32 37 38 48 50 53 54 55 60 61 66 70 73 75 76 78 83 85 88 90 91 93 96
33 38 40 43 44 47 51 55 59 62 63 64 67 78 86 91 93 98
34 39 44 48 54 55 57 63 67 70 79 82 83 85 87 90 92 94 95 96
35 36 37 38 43 47 48 52 53 56 58 59 65 73 75 76 78 79 84 86 96 99
36 38 46 47 48 52 53 55 56 57 58 63 68 69 71 73 76 77 79 85 90 96 98
37 39 42 44 47 50 51 52 53 66 67 71 76 87 89 91 92 93 97
38 42 50 52 54 58 60 61 65 73 76 80 83 84 89 90 93 95 96 97
39 43 44 45 56 60 63 64 67 68 76 77 78 79 80 82 89 90 91 92
40 41 44 45 47 50 51 52 54 56 57 58 60 64 70 72 74 85 87 91 93 96 98
41 52 53 61 68 71 73 74 76 79 93 95
42 43 47 51 52 55 57 60 65 67 77 79 81 92 97 99
43 44 46 66 75 76 79 81 92 93 96 99
44 48 49 50 54 57 58 61 68 73 75 76 80 82 86 97 98 99
45 56 57 60 64 67 68 75 80 81 82 86 88 89 93 97
46 48 49 50 52 53 65 66 70 71 73 79 87 97
47 51 55 57 60 65 68 71 79 80 83 96
48 49 53 55 56 57 58 63 65 68 71 72 77 84 85 94 95 97 99
49 66 69 75 76 81 82 89 90 91 93 99
50 51 52 54 55 60 61 65 66 71 74 75 81 85 93 96 98
51 52 53 57 58 60 61 63 67 69 71 73 75 78 81 84 86 88 89 90 91 94 98 99
52 56 61 64 66 68 71 73 74 76 81 82 84 89 90 93 97 99
53 56 67 68 71 72 75 83 87 89 92 94 96 97
54 57 59 61 69 76 77 79 82 86 87 88 91 93 96 98
55 64 66 67 71 72 75 77 79 80 86 90 91 93
56 58 60 61 62 66 67 71 80 86 93 94 98
57 63 69 71 72 73 78 79 83 86 87 89 91 93
58 59 60 69 71 73 75 80 81 82 83 98
59 60 62 64 73 75 79 80 83 89 90 91 95
60 66 67 69 70 72 73 80 81 84 85 87
61 66 67 68 70 79 80 84 85 86 91 94 95 96 97 98
62 67 68 69 78 80 81 86 92 93 97 99
63 64 65 73 75 84 90 91 97 99
64 65 66 71 72 73 77 80 81 82 86 94
65 72 74 75 78 80 86 91 99
66 68 73 74 76 77 79 81 82 88 91 94 99
67 68 73 79 82 83 84 86 88 98
68 69 93 94 96
69 71 72 85 86 89 91 92 98
70 77 80 82 89 90 91 92 97
71 80 83 85 86 87 89 91 93
72 73 75 79 82 86 87 92 93 99
73 74 76 79 82 84 90 94
74 84 87 89 93 94 97
75 77 79 88 99
76 90 91 92 97 98 99
77 96 98
78 81 82 83 85 87 93 94 96
79 82 89 93 94 95 98
80 84 88 95 96 98 99
81 93 97 98
82 84 91 94 99
83 90 91 92 93
84 88 93 95
85 86 87 91 92 95
86 87 95 97
87 92 93 95 96
88 90 95 97 99
89 91 95 98
90 97
91
92 94 96
93 98
94
95 96 99
96
97 98
98
99

!87