#RandomGeneratorGraph.py
# GMT Thu Jul  6 08:51:53 2023
# 
35 88 18 65 41 89 56 31
88 24 38 0 3 26 73
24 14 6 41 29 98 93
18 30 57 47 51 82 63
69 95 8 52 31 50 12 48
95 26 40 0 63 74 66
50 91 52 56 20 54 37
91 51 43 54 30 11 92
62 83 9 4 48 86 99 51
83 16 94 64 15 10 32
51 64 1 70 30
64 36 58 87 96 29
14 98 93 46 77 27 31
65 74 96 19 33 28 21
36 48 75 16 93 44 67
48 57 61 97 60
1 99 93 73 59 7 16
99 92 76 46 22 71
7 30 76 75 61 55 8
30 92 44 89
59 68 13 72 84 79 87
68 13 54 46 11 22 15
75 20 85 67 98 3
17 71 42 37 11 74 55 73
71 97 85 41 89 33
47 84 28 31 74 55 81
84 19 38 34 27 46
5 78 87 96 3 27 94 66
78 73 76 58 34 56 82
6 43 61 10 97 82 72
43 28 94 29 66 56
87 93 46 20 34
80 90 98 45 13 86 8 49
90 31 10 21 8 44 63
96 76 19 26 29
61 53 21 32 77
73 32 45 40
10 49 12 4 98
49 29 97 60 0 23
31 2 55
2 54 40 21 16 28 79
54 44 66 45
22 32 60 77 3 53
32 81 38 42
74 79 0 70
79 53 9 15 56
16 41 81 3
9 39 20 38 89 70
29 76 21
77 98 97 19 63
98 44
19 92 39 20
20 67 15
67 21 11 92 25
40 57 25 39 23
25 42 23 85 44 57
42 94 52 8 0
3 39 52
23 81 94 12 70
81 15 13 28
93 41 33
28 33 63
39 56 4 63
38 55 12 8
12 85 94 89
4 63 97 55 27
63
41 92 0
85 72 26 60
94 86
13 0 76 33
27 72 58 26
76 70
58 66 34 55 60
66 86 33
97 72
26 57 82
92 45
21 70
0
72 37 33
33
46 53 52
15 37 44
8 53
56 53
44
37 86 11 34
86 89 52
60 34 45
52 45
34 82
55
11 82 57
45 89
89
57 70
53 82
70
82

!74