#RandomGeneratorGraph.py
# GMT Thu Jul  6 08:51:49 2023
# 
68 88
88
73 78
78
16 29
29
69 74
74
58 83
83
0 63
63
55 96
96
49 59
59
11 87
87
19 94
94
22 50
50
10 24
24
39 66
66
1 36
36
18 92
92
37 75
75
21 30
30
8 51
51
77 86
86
62 95
95
26 47
47
13 56
56
5 85
85
12 42
42
44 71
71
60 91
91
17 84
84
70 99
99
28 35
35
76 81
81
43 90
90
57 89
89
20 67
67
25 97
97
3 14
14
72 98
98
32 53
53
31 33
33
40 45
45
7 54
54
15 61
61
23 38
38
2 6
6
34 41
41
9 82
82
65 80
80
48 64
64
27 93
93
4 52
52
46 79
79

!50