#RandomGeneratorGraph.py
# GMT Tue Apr 11 16:25:21 2023
# 
0 1 3 6 8 13 15 20 21 22 24 27 30 33 35 38 42 54 56 58 60 62 65 68 71 74 76 78 80 82 83 86 88 90 94 95 98 103 104 106 107 109 114 117 118 128 134 137 138 144
1 6 11 13 15 18 19 22 24 25 29 31 33 37 39 43 44 45 52 56 57 59 60 67 71 73 74 76 79 80 81 82 84 86 88 90 92 98 99 104 105 107 108 111 120 124 128 129 133 139 146
2 5 14 17 18 23 24 25 26 28 30 31 32 33 35 38 40 44 57 62 63 64 65 69 75 76 79 83 84 86 87 97 99 102 103 106 108 114 117 118 122 126 128 129 133 139 142 145
3 4 8 12 16 21 22 25 27 28 30 35 36 37 41 42 44 48 53 54 55 65 67 70 71 74 80 83 85 87 88 91 92 93 96 100 101 102 103 108 110 112 113 118 120 121 122 125 127 131 134 139 141 144 145 149
4 10 16 19 20 24 26 27 29 36 38 41 43 44 46 50 52 54 56 58 59 60 65 67 72 73 80 81 82 88 91 92 93 94 106 110 115 118 119 122 127 131 137 138 143 144 146 148
5 6 9 10 11 13 22 27 28 31 33 38 44 52 55 58 63 65 67 71 74 77 78 88 90 95 96 101 102 109 110 117 122 123 125 127 130 134 135 138 143 145 146 147
6 10 15 17 22 24 34 36 39 40 43 44 45 51 52 53 54 58 60 67 73 77 79 80 82 85 87 98 99 104 105 112 114 116 117 119 123 124 126 128 133 136 137 141
7 10 12 13 15 23 25 31 32 34 35 36 38 57 60 62 67 70 72 76 77 78 86 88 90 93 95 98 105 106 114 115 119 130 134 135 137 140 141 146
8 18 20 27 35 36 39 40 43 46 49 51 52 53 60 62 64 65 69 71 73 77 79 82 87 90 92 95 100 103 106 109 112 117 124 125 127 137 138 148
9 11 19 22 24 29 30 33 37 40 42 48 50 59 61 62 64 65 71 84 85 86 88 89 91 92 93 96 102 107 109 114 117 119 120 127 132 135 139 144 145 148
10 12 13 16 19 24 31 34 40 41 49 51 55 63 65 66 69 73 76 78 85 100 102 111 112 114 120 121 122 125 131 135 136 141 142 145
11 12 14 16 34 35 36 38 40 42 44 47 55 59 61 64 68 69 71 72 75 76 83 85 86 90 94 96 97 99 101 103 106 121 123 128 130 134 136 138 139 145
12 13 14 16 19 22 28 32 35 36 37 49 50 52 54 56 57 58 62 64 65 68 71 74 75 76 77 88 112 113 114 118 120 121 123 124 129 132 141 144 149
13 14 18 33 34 39 40 47 49 54 55 58 61 67 70 72 75 76 78 82 83 85 89 93 94 96 97 100 104 109 114 119 122 123 124 125 133 134 139 148
14 18 22 27 29 30 32 38 39 46 50 51 62 63 64 65 66 78 83 84 88 90 92 93 94 97 99 104 107 108 110 111 120 121 122 127 128 131 134 135 142 143 145 146 148 149
15 18 19 35 37 40 41 43 52 67 74 76 83 91 96 98 101 102 103 110 111 112 116 119 122 123 126 127 128 129 130 137 139 140 142 143 144 145 146
16 18 20 21 22 24 27 29 32 33 34 35 37 44 45 46 59 61 64 67 69 72 81 87 88 93 96 98 100 105 113 118 119 126 130 135 141 142 147
17 25 29 31 32 33 35 36 39 43 44 61 65 67 68 72 73 75 79 84 86 87 93 98 104 108 110 112 115 116 117 124 125 127 131 133 138 142 143 147 149
18 19 23 26 27 31 33 34 35 36 37 38 42 44 45 60 65 72 76 78 80 84 85 86 87 88 92 104 107 108 110 115 117 120 121 125 129 133 135 138 141 149
19 22 23 24 27 28 41 43 44 45 49 50 51 55 56 57 58 60 61 69 70 78 81 89 90 93 99 103 104 105 108 112 113 120 121 124 128 139 142
20 21 23 26 28 35 36 38 42 43 44 46 47 50 51 56 59 61 62 64 65 69 72 73 76 85 91 94 99 101 103 104 105 108 109 110 112 116 117 118 119 121 123 125 132 141 143 145 147
21 26 29 30 35 39 43 47 48 49 52 56 57 60 61 63 64 67 69 71 77 80 85 86 92 94 96 100 104 105 113 114 115 119 122 124 126 134 135 137 144 146 147 149
22 24 29 30 31 35 37 39 45 47 49 52 55 56 57 61 71 73 74 76 79 85 89 90 91 92 93 95 98 99 102 103 114 120 128 129 131 132 134 137 141 143 144 145 146 148 149
23 26 27 30 32 33 34 40 42 45 46 48 51 52 57 58 59 61 62 68 70 74 75 86 90 95 98 103 104 106 107 109 111 113 118 121 125 133 137 140 143 144 149
24 27 31 36 38 47 51 54 57 59 60 63 65 67 76 79 81 84 85 87 89 92 93 99 100 103 104 105 108 115 116 123 124 126 128 129 133 138 143 147
25 29 30 31 35 36 38 39 42 47 49 51 53 54 56 59 60 62 64 67 68 69 72 74 75 78 80 81 82 85 90 91 92 94 97 100 102 103 104 112 116 119 123 125 131 136 142 143 147 148 149
26 29 32 33 34 36 37 38 43 46 49 58 59 61 64 66 69 72 74 76 80 82 87 88 94 95 99 108 114 119 129 130 132 133 135 138 142 144 147 148 149
27 43 44 45 55 56 62 65 69 71 73 76 78 81 87 89 91 92 93 94 98 104 106 109 113 114 115 119 120 125 133 134 139 149
28 31 33 41 50 54 56 60 63 65 68 75 76 77 80 82 83 84 90 93 94 97 100 102 105 110 111 114 116 117 121 124 125 135 139 141 148
29 32 33 35 36 41 42 46 51 57 62 65 70 74 91 92 93 95 100 101 109 110 111 116 117 121 124 127 130 131 134 135 138 141 142 147
30 33 37 40 43 49 51 53 57 59 62 63 64 66 67 69 70 71 72 73 74 81 85 86 101 107 108 109 110 117 123 126 132 137 138 143
31 35 38 39 44 48 56 62 64 67 73 78 80 88 89 95 96 100 101 104 105 107 109 111 117 118 119 123 127 138 141 143 144 145 148 149
32 33 35 42 44 45 47 59 62 66 67 72 73 83 90 92 102 105 110 112 114 122 131 132 135 145 149
33 34 39 40 44 46 47 53 54 55 58 61 65 70 73 77 81 84 94 95 96 97 99 102 103 104 106 109 111 114 115 119 120 124 125 126 127 134 136 141 144 145 146 149
34 35 36 41 47 48 50 60 63 67 70 71 73 76 82 92 93 97 98 105 110 111 116 121 125 128 130 131 136 139 142 147
35 38 43 46 47 48 50 52 57 59 63 71 77 81 83 88 91 101 102 104 105 106 116 120 123 127 128 129 130 138 140 141 144 148
36 39 42 46 49 51 52 58 61 64 72 73 74 76 80 82 89 91 92 96 99 110 117 118 120 121 123 124 125 135 138 143 147 148
37 43 56 57 59 65 72 75 76 78 83 85 96 97 98 99 104 107 115 117 120 122 125 129 132 133 136 137 139 140 142 149
38 43 45 47 48 51 54 56 57 65 67 68 71 73 76 87 88 91 96 97 99 111 113 116 117 124 126 132 133 139 148 149
39 46 48 50 52 54 55 57 60 62 67 68 69 75 76 79 82 83 85 87 94 98 99 102 106 107 114 115 118 122 123 128 129 131 135 139 142 144 146 147 149
40 44 46 53 54 55 60 61 69 70 75 76 80 82 88 89 90 91 93 96 97 99 103 113 115 116 127 131 132 133 138 140 142 146 147 148
41 42 46 51 54 57 65 67 71 74 78 79 83 87 90 96 100 102 103 105 106 109 110 114 115 116 120 122 124 128 133 134 135 136 137 139 141 142 143 145
42 49 52 58 62 63 65 67 70 81 84 85 87 89 93 97 98 100 102 104 107 109 112 113 118 119 121 138 145 146
43 44 51 54 55 58 61 62 68 71 74 76 79 84 85 87 90 91 99 100 104 106 107 114 117 128 129 131 132 134 135 142 143 145
44 47 53 57 64 66 68 71 74 81 84 88 93 94 96 114 117 118 122 124 130 131 134 138 144 146
45 49 58 61 66 68 69 75 76 85 88 94 95 97 103 105 109 110 113 121 122 129 131 137 138 140 142 143 146 147 149
46 49 56 58 59 61 68 70 74 78 82 84 86 87 93 96 98 101 103 108 109 111 112 113 114 115 127 128 130 132 133 136 140 141 144 149
47 49 50 52 53 57 60 66 67 68 72 77 81 84 85 92 94 106 112 116 119 121 126 134 136 139 144 149
48 49 52 53 54 56 59 60 61 62 64 66 70 71 72 79 80 84 93 96 99 102 103 111 112 114 118 119 120 126 128 133 140 146 147
49 51 52 57 62 66 69 72 73 74 77 81 83 91 92 93 94 101 105 106 110 115 120 126 127 134 140 146 148
50 51 57 60 62 64 67 74 80 83 85 90 96 98 100 112 114 121 124 132 133 137 143 145 146 147 149
51 56 60 62 63 69 74 76 80 84 85 87 88 90 92 96 97 101 106 111 113 123 125 129 135 136 147 148
52 54 56 57 67 76 83 84 86 101 102 106 107 108 116 117 118 121 125 126 127 128 134 135 141 142
53 55 60 61 63 64 66 68 77 78 79 80 88 89 92 94 99 105 107 109 114 116 119 121 122 124 125 126 128 129 131 132 135 149
54 57 59 66 71 75 77 80 85 91 95 101 129 130 134 135 140 142 145 149
55 60 67 70 77 80 81 87 89 92 99 101 104 107 111 112 115 116 117 118 121 126 133 134 139 141 142 149
56 57 60 61 62 63 68 71 72 73 78 80 85 86 88 90 97 104 105 106 108 111 116 119 121 129 131 135 136 141 148 149
57 59 60 63 65 69 70 72 73 74 78 82 89 92 102 106 107 108 110 111 112 115 116 121 123 124 133 134 138 147
58 64 69 73 75 76 78 80 81 89 90 91 92 93 100 107 112 115 118 122 126 128 131 134 135 141 142 143 145
59 65 66 69 70 76 78 79 82 83 89 97 105 109 117 122 128 131 133 138 145
60 61 62 65 71 78 79 82 87 89 93 94 97 98 101 102 105 106 108 112 117 121 122 123 127 130 138 139 145 147 148 149
61 64 67 74 78 90 91 93 99 100 105 106 111 112 114 117 122 125 128 130 131 139 141 143
62 68 70 74 77 79 81 82 84 87 94 96 100 101 104 109 114 115 117 125 127 133 135 141 143 144 145 149
63 66 68 71 74 89 90 93 97 99 100 103 111 114 115 117 121 123 125 127 128 131 139 141 142 144 145
64 65 66 67 68 74 75 79 81 82 83 85 87 89 90 100 101 110 115 117 119 130 133 135 138 140 142 147
65 67 68 69 72 74 76 78 80 81 85 86 88 103 105 111 112 116 117 121 128 129 134 142
66 67 70 75 77 78 79 83 87 88 96 100 101 106 112 115 120 121 127 133 135 140 141 147 148
67 69 71 74 79 82 83 91 93 94 96 103 104 108 112 124 128 129 132 133 135 137 144 148
68 81 83 84 85 87 97 99 109 114 118 121 122 123 124 125 129 130 131 132 142 143
69 71 72 75 76 79 83 84 88 93 95 96 108 110 114 118 121 128 133 134 137 138 140 143
70 73 75 78 83 85 91 92 102 104 105 106 110 113 119 122 126 128 130 133 137 141 142 149
71 72 76 77 79 80 81 83 87 88 89 90 95 96 98 99 101 106 110 136
72 75 77 78 82 83 84 85 92 97 98 102 103 105 110 112 116 118 123 125 127 132 135 141 145 147
73 77 82 85 89 92 94 98 102 106 108 109 125 133 136 137 139 141 146
74 80 82 84 85 86 91 92 93 94 102 103 104 107 109 111 113 129 139 144 146 147 149
75 78 82 83 84 86 87 88 95 99 100 102 104 105 109 110 111 112 118 123 124 131 132 134 143 145 146 147
76 77 78 81 93 94 95 99 101 102 103 104 109 111 112 118 119 121 123 124 133 141 146
77 83 87 88 91 92 93 96 99 100 103 106 107 108 110 114 115 117 118 119 124 125 128 129 130 133 138
78 79 84 85 89 90 91 98 102 104 109 117 119 123 126 129 134 135 143 148 149
79 82 87 92 95 105 108 110 112 113 116 117 118 121 122 124 137 139 140 143
80 85 88 92 95 98 100 102 106 107 110 111 113 115 118 119 121 123 125 133 135 149
81 82 84 86 91 94 96 97 100 105 106 107 120 131 133 136 140 142 146
82 86 95 100 103 105 109 110 111 119 121 125 126 127 129 131 132 133 136 137 139 143 147
83 84 86 88 90 91 93 97 100 102 106 113 126 132 135 137 140 141 147
84 85 88 89 94 101 102 105 115 117 119 120 123 124 126 127 129 133 137 142 143 145 147 149
85 89 91 95 96 99 102 104 115 117 123 127 129 133 135 136 144 145 146
86 94 95 98 100 103 104 109 111 117 119 120 121 125 126 127 133 136 143 144
87 88 89 92 94 95 97 101 104 105 106 109 112 114 119 128 134 139 141 148
88 92 96 98 101 102 104 116 119 126 128 132 133 136 139 140 147
89 93 95 96 97 101 106 108 110 111 113 117 119 121 128 129 135 137 147 148
90 94 100 102 103 104 106 108 110 111 113 114 119 120 125 126 132 139 147
91 93 98 103 110 113 121 122 123 125 132 134 135 138 142 144 148
92 94 98 103 104 107 111 112 114 116 120 121 124 129 130 133 134 138 141 144
93 94 97 99 100 108 113 115 119 121 123 140 145 149
94 96 99 109 113 120 123 132 133 135 137 142 146
95 101 104 107 111 112 113 117 119 120 121 123 124 126 129 132 135 138 143 146
96 97 102 104 106 109 110 113 117 119 121 122 125 131 132 136 138 145 146 147
97 102 104 107 108 111 112 113 121 122 123 124 126 128 130 131 132 140 144 148
98 105 109 113 116 119 123 125 130 133 137 140 145
99 106 108 112 115 119 121 122 123 125 128 129 131 137
100 102 104 106 107 112 119 122 126 130 131 133 136 140 141 145 147
101 103 104 105 108 113 118 119 121 123 124 125 126 132 137 140 149
102 105 107 109 115 116 121 122 124 128 129 139 140 144 145 147 149
103 104 105 107 109 112 117 118 119 122 128 129 131 134 137 140 144 149
104 108 118 119 123 124 128 130 131 135 136 137 138 141 142 146
105 107 109 110 113 117 119 120 122 130 142
106 107 111 113 116 125 126 129 132 138 142
107 116 120 123 124 132 134 140 143 145 148
108 111 113 115 116 117 118 120 122 127 128 129 133 135 139 141 143 147 148
109 117 119 121 124 126 129 136 145
110 114 115 120 121 122 123 130 132 133 134 136 142 143 148
111 112 116 120 124 126 127 134 136 142 147
112 113 114 115 120 127 129 130 136 137 138 140 141 147 148
113 118 119 121 125 133 135 141 143 145
114 117 118 119 122 125 126 132 135 138 142 143 145 148
115 116 120 121 123 127 132 133 139 141 142 145 146 148
116 117 120 121 122 123 124 125 133 135 138 144 145 146 147
117 118 123 127 128 132 134 135 136 137 140 145 146
118 119 124 127 148
119 120 122 125 143 145 146
120 124 135 137 148
121 125 126 131 132 133 139 147 148 149
122 126 127 129 131 132 133 137 141 143 144 147
123 126 128 129 132 133 135 136 141 142 147 148
124 132 136 137 138 139 142 145 146 148
125 127 128 132 135 138 139 141 142 144
126 127 132 133 136 138 140 143 147 148
127 134 138 140 144 145 147 148
128 129 132 139 143 149
129 131 135 136 137 138 139 147 148
130 135 138 141 149
131 134 138 140 149
132 137 139 141 149
133 137 140 143 147 149
134 138 139 140 142
135 137 138 140 141 144 145 146
136 139 149
137 146
138 143 146 147 149
139 142 146
140 142 146
141 142 143
142 144 147 148
143 144 145 147
144 145 146 148
145
146 147 149
147 149
148 149
149

!139