#RandomGeneratorGraph.py
# GMT Tue Apr 11 16:25:34 2023
# 
79 88 24
88 93
35 97 40
97 69
52 58 11
58 48
54 77 82
77 20
18 99 96
99 8
45 92 15
92 29
46 57 14
57 44
0 23 39
23 5
31 56 87
56 3
4 94 37
94 64
7 74 2
74 67
93 98
17 51 60
51 19
2 96
96
60 10
26 53 25
53 59
5 30
30 9
24 65
65 78
69 42
38 73 37
73 86
8 32
32 66
72 86 70
86
47 66 43
66
48 3
75 76 12
76 29
34 62 11
62 71
39 9
21 89 49
89 71
43 82
82
59 83
19 36
36 85
10 33
33 98
71
16 83 13
83
49 70
70
13 95
11
12 63
63 78
67 81
81 68
9
25 80
28 61 40
61 85
20 87
87
84 90 91
90 6
15 22
6 42
42
1 55 27
55 27
85
22 41
41 14
91 95
95
14
68 44
29
78
3
50 80 64
80
40
64
44
98
27
37

!55