#RandomGeneratorGraph.py
# GMT Tue Apr 11 16:25:37 2023
# 
26 85 82 66 58
85 5 22 63
49 87 1 16 7
87 89 1 20
62 72 45 78 12
72 82 71 90
25 32 27 84 18
32 91 34 81
16 29 83 2
29 43 97 71
82 91 76
61 70 55 45 69
70 33 23 18
0 51 37 97 58
51 64 79 81
89 43 17 46
30 64 48 95 23
64 84 60
36 80 55 59 42
80 20 50 68
1 53 7
38 44 50 86 37
44 86 20 15
14 22 11 15 57
22 76 65
11 4 52 42
43 94 93
94 96 78 40
7 19 4
19 35 76 96
55 68 79
68 97 24
4 66 41
66 47 60
48 93 69 41
79 99 56
99 78 93 98
8 57 27 13 23
57 39 67
59 75 95 33
75 92 47 93
93
15 77 24
46 50 90 73
50 58
9 65 69 37 95
65 17 28
5 84 91 20
52 81 76 41
81 3
96 10 33
41 21
92 2 91 53
86 90 35
35 83 12
83 6 97
27 40 53
88 95 17 28 34
95
37 2
47 10 84
10 6 77
76
84
3 12 21 56
74 77 40 42 2
77 28
21 31 69
33 34
24 67 54
67 63 60
23 56
56 28
71 73 98
45 18 90
78 12
17 73
73 39
90
69
20
6 63 58
63 31
40 60
91
12
60
39 98 13
98 54
97
53 31
13 34 54
58
34
31 54
18 42
42
2
28
54

!67