#RandomGeneratorGraph.py
# GMT Thu Jul  6 08:51:53 2023
# 
67 68 17 95 71 21 13 19 22
68 21 93 13 11 47 85 75
18 26 58 53 9 88 12 82 41
26 2 13 16 79 96 91 77
17 58 48 69 32 50 96 63
58 40 29 87 36 3 14
47 80 6 7 37 32 85 14
80 36 90 89 84 93 82 22
36 57 30 79 82 4 81
5 83 69 54 21 43 61 15 19
83 24 46 95 25 1 31 97
48 63 42 75 84 69 87 82
63 32 35 37 8 78 73
28 94 34 37 74 51 78 82 35
94 77 88 61 98 8 87 55
29 59 81 76 19 69 96 22
59 2 16 57 90 55 45 78
25 43 9 65 41 31 8 20
43 55 72 39 1 99 70
51 64 86 34 71 84 74 30
64 85 46 42 69 96 77 37
2 35 11 90 75 10 19
23 91 77 86 71 15 65 60 19
91 32 11 0 72 78 20
24 41 1 35 4 86 62 79
55 61 30 88 52 39
61 34 87 35 19 33
1 90 37 45 40 7
90 12 53 86 74
57 15 95 99 49 38 0
69 6 53 15
77 89 27 41 74
21 41 38 20 79 60
41 93 78 46
9 76 20 15 97 56 86
76 20 70 62 16 44 66
50 95 52 11 14 60 7 10
95 46 38 22 14
30 98 73 16 31 6
98 49 56 7 99 60 92
20 81 7 3
81 45 11 52 44 74
86 99 62 38
3 37 14 13 49 44 53
37 71 70
32 54 84 7 97
93 72 88 65 10 54
49 38 33 89 42 45
89 0 88 75 13 8
6 4 74 92 44 0
40 44 13 38 42 78 73
92 96 27 19 22 85 66
96 44 31 34
0 60 27 4 62
14 54 72 66
12 71 8 79 60 45 31
34 27 46 73 44
88 79 33 53
44 70
27 11 52 56 46
35 72 31 4
54 13 22 52 39
87 97 65 22 66
97 33 85 66 31
72 70 73 82
13 45
16 73 82 66 42
73 33 15
65 33 53 75 70
46 31 10
84 99 85 75 71
39 79 7 74 78 8
42 85 53 62
85 99
19 56
79 66
71 15 11
45 60 15
53 7
8 60 10
60
62 70 22 52
15
56 99 66 4 52
99 82
52 10
11 38
22
33 4 75
7
78 4
75 70
66
31
4
38 10
70
74 10
82
10

!74