#RandomGeneratorDifficultGraph.py
# GMT Tue Jul 18 16:24:14 2023
# 
0 4 5 13 15 17 19 24 25 28 31 33 36 38 39 46 55 61 69 71 73 77 85 88 91 96 97
1 4 16 29 49 58 65 73 74 81 84 90 99
2 25 29 38 51 56 63 68 70 71 72 75 76 80
3 11 12 13 14 15 16 18 25 35 46 57 64 70 73 84 97 99
4 9 14 36 42 48 49 50 52 53 59 66 74 76 81 85 96
5 18 19 20 22 24 27 43 44 47 60 66 68 69 78 85 86 99
6 9 12 25 27 30 35 36 41 45 51 52 58 60 64 65 67 69 76 77 81 84 85 90 92
7 10 17 18 19 29 31 39 45 46 47 48 51 56 59 60 67 71 74 78 79 83 84 87 88 90 91 93 98
8 10 12 16 37 38 39 41 49 57 59 70 76 77 79 81 84 88 89 91
9 18 23 28 32 35 40 46 47 54 56 61 67 77 79 85 92 94
10 16 25 26 29 31 33 38 61 66 70 74 81 88 95 99
11 16 33 38 41 42 47 55 57 65 69 91 93 97
12 14 16 22 32 44 56 64 68 75 77 84 85 86 88 89 91
13 14 16 23 24 28 31 33 44 52 53 60 63 69 70 87 88 91 95 98
14 16 17 20 32 33 37 42 46 47 67 70 71 74 76 80 81 87 98
15 24 27 32 37 44 56 57 58 63 65 66 74 83 84 85 90 92 93 95
16 19 24 34 36 38 39 56 60 74 78 80 82 86 90 91 99
17 18 27 29 41 46 55 57 60 63 66 67 70 81 84 86 93 97
18 19 21 22 34 39 42 45 48 49 64 69 70 75 76 82 89
19 21 26 33 40 48 50 51 61 70 73 75 88 90 91 97 98
20 26 36 40 43 45 50 52 53 61 65 67 68 75 85 92 93 94 95 97 99
21 23 33 38 51 55 58 67 69 76 85 89 92 99
22 34 35 36 48 49 50 54 64 67 69 71 76 92
23 24 25 32 34 35 41 42 45 50 52 58 59 63 65 70 73 75 77 79 82 84 93
24 31 33 35 39 46 48 70 72 74 77 81 97
25 29 30 41 42 64 65 67 77 81 94 95 96
26 27 30 42 52 55 57 77 79 81 83 91 93
27 30 34 39 44 59 83 90 91 95
28 29 32 37 38 44 46 54 58 65 73 76 79 85 99
29 30 34 43 60 65 66 67 71 78 79 84 88 96 98
30 35 37 41 42 53 59 72 73 80 87 92 97
31 32 39 43 54 61 62 80 84 85 93 94 97 98 99
32 34 44 46 52 55 56 60 71 76 92 94 96 99
33 37 38 51 53 55 62 68 70 77 91 92 96 99
34 35 36 38 51 59 66 70 97
35 36 43 45 47 52 54 60 69 70 77 80 85 87 91 93
36 48 49 50 51 57 70 72 74 83 86 88 89 91 98
37 38 44 46 52 53 55 59 73 74 75 90 91 98
38 49 51 54 55 57 62 63 67 69 80 84 87 91 93 94 96
39 51 69 70 72 89 90 97
40 43 51 54 62 75 81 86 87 92
41 49 55 60 63 70 83 86 88 90
42 47 64 68 74 77 82 86 87 93 98
43 52 65 67 70 72 74 77 78 88 90 98
44 48 49 53 54 55 58 63 65 68 83 84 90 96
45 53 55 56 62 74 77 78 79 87 93 95 99
46 49 51 56 68 83 84 90 95 99
47 55 63 71 74 81 82 87 94 99
48 50 52 56 58 59 60 65 70 74 92 97
49 51 52 55 56 59 65 70 72 74 75 76 79 87 91 98
50 54 69 79 81 82 84 86 91 92
51 52 55 66 78 87
52 53 62 63 70 71 80 84 85 86 88 89 91 97
53 61 65 80 82 84 85 86 92
54 57 62 63 65 68 72 74 82 92 93 95
55 58 63 64 71 83 84 85 91 97
56 57 62 66 71 72 75 78 80 83 92 93
57 77 82 86 91 96
58 65 76 86 88 89 98
59 64 70 73 76 83 88 90
60 64 66 80 82 85 94 98
61 64 66 67 69 79 80 81 82 86 94 95 97
62 63 67 68 70 71 78 87 91 93
63 78 83 85 86 94 96
64 75 83 87 91 93
65 68 72 76 85 92 95
66 81 85 87 92
67 75 76 77 79 85 99
68 75 88 89 92
69 78 79 81 84 91 94
70 75 79 81 91 94
71 81 82 83 92
72 76 79 81 88 90 91 93 97
73 86 93
74 84 87 92
75 82 83 86 91
76 85 86 88 90 95
77 83 86 90 93 99
78 85
79 97 99
80 84 90 97
81
82 86 96
83
84 93 99
85 90 92 95 96
86 94 98
87 92 94 95 98
88 95
89 95
90 97
91 98
92 99
93
94
95
96 97
97 99
98
99

!82