#RandomGeneratorDifficultGraph.py
# GMT Tue Jul 18 09:41:40 2023
# 
0 1 5 6 9 11 13 14 16 17 20 21 23 25 26 27 28 30 32 36 37 39 40 42 43 44 45 47 48 50 51 52 54 55 56 57 59 60 61 62 63 64 65 66 69 70 72 73 76 77 78 80 81 82 84 85 86 87 88 90 91 93 94 95 96 97 98
1 2 3 6 8 9 10 13 15 16 18 20 23 25 26 27 28 29 31 32 33 34 35 37 38 39 40 41 42 44 46 49 52 53 54 55 56 59 62 63 65 70 72 73 74 75 76 77 79 80 81 83 86 88 93 94 95 97 98
2 6 8 10 11 12 14 17 18 19 21 22 23 24 25 26 27 29 30 32 33 38 39 43 44 46 48 50 51 53 54 56 58 60 61 62 64 66 68 70 71 72 73 74 76 77 78 80 81 83 84 87 88 89 91 92 94 96 97 98 99
3 5 8 11 12 13 14 16 17 18 22 24 25 26 28 29 30 31 32 35 37 38 39 43 44 45 46 47 48 49 50 54 55 57 58 60 64 66 68 69 70 71 73 74 76 77 78 79 80 83 85 86 88 91 93 94 96 97 98
4 5 11 13 14 16 18 19 20 21 22 24 25 26 28 29 31 32 33 34 36 37 38 41 46 47 49 51 52 53 55 56 61 63 64 67 69 70 71 73 74 75 76 78 79 81 82 83 85 86 90 91 92 94 95 96 98
5 6 7 8 12 13 17 21 23 24 25 26 28 29 31 32 35 36 37 38 40 42 43 44 45 50 51 52 53 54 56 57 59 63 67 69 73 75 76 78 80 82 83 84 85 87 88 89 90 91 92 95 96 97 98
6 7 10 11 13 14 16 17 18 19 21 23 24 25 27 28 29 30 31 32 33 34 35 39 41 43 45 47 49 51 52 53 55 56 58 59 60 61 62 64 66 69 71 72 73 75 77 78 79 81 83 84 85 86 88 89 90 91 92 93 96 97 98 99
7 8 10 11 12 13 14 15 16 17 20 22 24 25 26 27 29 31 35 36 37 38 39 40 41 43 44 45 46 47 51 54 56 57 59 60 63 65 68 69 71 72 73 74 76 78 79 82 83 84 85 86 88 89 90 91 93 94 95 97
8 9 10 12 13 16 18 20 22 23 24 25 27 28 29 30 32 33 34 35 36 37 39 43 44 46 48 49 50 52 53 54 55 57 58 59 60 62 64 65 66 67 69 72 74 76 77 78 79 80 81 82 83 85 86 87 89 91 92 93 94 95 96 97 98 99
9 10 13 15 16 17 20 22 23 27 28 29 30 31 34 37 38 39 40 41 42 43 45 46 52 53 54 56 58 59 60 66 67 68 69 70 73 75 76 79 81 85 86 87 88 89 90 91 94 95 96 98 99
10 11 13 14 15 16 17 20 21 22 23 25 26 27 28 29 31 33 34 35 36 40 42 43 44 45 46 47 48 49 52 53 54 57 61 62 65 66 67 68 70 71 74 75 76 80 81 85 88 89 90 93 95 97 99
11 12 13 14 15 16 17 18 21 22 26 28 31 32 36 37 40 41 42 43 47 50 51 52 53 54 55 58 59 60 62 65 67 68 70 71 72 74 75 77 78 79 80 81 82 84 85 86 87 89 92 94 95 98 99
12 14 16 17 23 24 25 26 28 30 31 33 37 38 40 41 43 45 50 51 55 56 59 60 61 62 63 65 66 67 68 69 70 71 72 73 76 78 79 83 84 85 88 89 90 92 93 96 98 99
13 15 16 18 19 23 25 26 27 28 29 30 32 33 36 37 38 39 40 41 42 43 45 46 47 48 49 50 53 55 56 57 59 60 64 65 66 69 70 71 72 73 74 75 76 77 81 82 83 84 86 88 90 91 92 93 96 97
14 15 16 17 22 23 24 26 27 28 29 32 33 35 36 37 38 39 40 42 43 44 46 47 50 52 53 54 55 57 58 59 65 66 70 71 73 75 76 77 79 80 81 82 83 85 86 87 89 90 91 92 93 95 97 98 99
15 16 17 18 19 20 23 28 29 30 31 32 33 34 36 37 38 41 42 43 44 46 48 51 53 54 56 57 58 59 61 62 63 64 65 66 68 69 72 74 76 77 84 86 87 88 90 91 94 97 98 99
16 17 18 20 21 22 23 24 26 29 34 35 36 37 38 39 40 43 45 46 50 51 52 54 55 58 60 61 62 63 65 66 67 68 69 72 73 75 77 81 82 83 85 88 92 94 98 99
17 18 19 20 21 23 24 25 26 27 28 29 30 34 37 39 40 42 44 50 51 54 55 56 57 60 62 63 65 66 70 71 72 73 74 75 76 79 80 81 84 85 86 87 88 89 90 91 92 93 94 95 97 99
18 19 20 21 23 24 26 27 30 31 32 33 35 36 37 40 41 43 45 47 48 49 52 54 57 58 59 60 61 62 63 65 66 67 68 69 70 71 77 79 80 82 85 87 90 91 93 97 98
19 21 22 23 25 26 27 29 30 35 37 38 43 44 53 57 58 59 60 61 63 67 68 69 72 78 79 80 81 82 83 85 86 88 89 91 92 93 94 95 96 97 98
20 21 22 23 24 25 26 27 29 30 31 35 36 37 38 40 42 43 44 45 46 47 48 49 50 51 52 53 54 56 58 59 60 61 62 63 64 67 70 74 75 76 77 79 80 81 82 85 86 91 93 94 95 97
21 22 23 24 25 26 27 29 30 34 35 36 37 40 43 44 48 51 53 54 55 57 58 60 63 64 65 66 67 69 71 73 79 80 81 83 84 85 86 88 90 92 93 94 96 97 99
22 23 25 26 29 30 31 33 34 35 36 40 41 42 44 46 47 49 50 51 52 54 55 56 58 60 62 63 66 68 69 70 71 75 77 78 79 82 83 85 86 87 88 89 90 91 94 95 96 97 98
23 24 25 26 28 29 31 33 35 36 40 42 43 44 46 47 48 49 50 53 55 56 57 58 60 61 62 63 64 67 69 70 72 73 75 76 78 80 81 83 85 87 88 89 91 93 95 99
24 25 27 28 29 32 33 34 37 38 40 41 42 43 44 45 46 49 50 54 57 58 59 60 61 62 65 67 68 71 72 73 79 80 81 83 84 86 87 88 89 90 91 92 93 94 95 96 99
25 26 28 29 31 32 33 34 38 39 40 41 45 47 48 49 50 51 52 53 55 56 57 58 59 60 61 62 63 64 65 68 69 70 72 73 76 77 80 82 83 84 85 86 87 89 91 94 96 97 99
26 27 28 31 33 34 35 36 37 46 49 50 53 54 57 59 61 63 64 66 67 69 72 73 75 76 77 78 80 82 85 86 87 89 90 91 93 94 96 97
27 29 30 32 34 35 37 39 40 42 44 45 47 49 50 51 53 54 55 56 58 59 61 62 64 65 67 70 72 73 77 79 81 84 86 88 90 91 92 95 96 97
28 29 31 32 35 36 37 38 41 42 43 47 50 51 52 53 54 55 57 58 62 63 64 66 67 71 72 73 74 75 76 77 79 80 82 86 94 95 97 99
29 30 31 32 35 38 39 40 41 42 43 46 47 50 51 52 53 56 60 65 66 67 68 70 71 74 75 77 78 79 80 82 85 86 89 91 92 93 94
30 31 32 33 34 37 39 40 43 46 47 48 49 51 52 53 54 55 56 61 62 63 65 66 67 70 71 72 73 75 78 82 83 84 86 89 91 94 95 96 97 98 99
31 32 34 35 38 39 42 44 46 47 49 54 55 56 57 58 59 60 61 65 66 67 70 71 77 79 81 82 83 84 85 89 90 91 93 95 96 98 99
32 33 34 35 38 40 41 42 47 49 51 52 53 55 56 57 59 61 62 65 67 68 69 73 77 78 79 83 85 86 87 88 89 91 92 93 94 95 96 98 99
33 34 36 37 39 40 41 42 44 45 47 50 52 53 56 57 60 61 63 65 66 70 71 73 74 80 81 82 83 84 85 87 89 90 91 92 93 94 95 96 97
34 35 36 38 39 41 42 43 47 48 49 51 54 56 57 58 59 60 63 64 65 66 70 71 72 73 75 76 77 82 84 85 89 90 93 94 95 97 98 99
35 38 39 40 42 44 45 47 51 54 55 56 57 59 60 65 68 70 72 76 77 79 80 82 84 85 86 88 89 94 95 98
36 37 38 40 42 45 46 47 50 51 55 56 61 63 65 67 68 72 73 75 78 79 80 82 84 85 87 88 90 91 92 93 94 98
37 39 41 42 44 45 47 51 55 58 60 63 64 65 66 67 68 69 70 72 74 76 77 79 80 82 83 86 92 94 96 97 99
38 39 41 43 44 45 46 48 49 50 51 52 53 55 57 58 59 60 65 66 69 72 73 76 78 79 84 85 87 88 99
39 40 42 44 46 47 48 49 51 52 53 54 55 56 57 62 64 66 69 70 71 72 74 75 77 79 82 84 86 88 89 90 91 92 97 98 99
40 41 42 44 47 48 49 50 51 53 56 57 58 59 62 64 65 67 69 73 74 76 77 78 79 80 82 88 89 93 94 97 98 99
41 42 49 50 51 52 54 55 57 58 59 61 62 63 64 66 68 69 74 76 77 78 80 83 86 88 90 91 97
42 43 44 45 47 48 49 50 52 54 56 57 59 60 61 63 64 65 66 67 70 71 73 74 76 77 78 79 80 81 82 83 84 86 90 91 92 93 95 96 97 98 99
43 44 45 46 47 48 50 51 52 53 56 57 58 59 60 62 63 64 65 66 67 70 71 72 73 74 78 80 81 83 85 86 89 90 91 94 95 96 98
44 45 48 49 52 53 56 57 58 60 62 63 64 65 69 71 72 73 74 75 76 79 80 81 83 84 85 87 88 89 90 94 98
45 48 49 50 51 52 54 55 56 57 58 59 63 64 65 66 67 73 76 77 78 79 80 81 83 84 85 86 90 94 97 98
46 47 48 50 51 52 53 54 56 57 59 61 64 65 66 67 70 71 73 75 78 81 82 83 85 86 90 91 92 94 96 98 99
47 48 49 50 51 54 55 56 59 60 62 63 64 67 69 70 71 72 73 75 77 78 80 81 82 84 86 90 91 92 95 96 97 98
48 49 50 52 54 56 57 58 60 62 63 64 68 69 70 72 74 75 76 77 82 83 86 87 88 89 90 92 96 98
49 50 51 53 54 55 56 57 58 60 64 65 67 68 69 70 71 72 75 76 77 81 84 86 90 91 93 96 98
50 51 53 55 56 57 59 61 62 64 66 67 69 71 72 73 74 75 77 78 80 82 83 84 86 87 88 90 95 97 98
51 52 54 55 56 58 59 60 62 64 66 68 71 72 73 74 78 79 80 82 83 84 88 90 94 97 98 99
52 53 54 55 56 57 58 63 64 65 67 68 72 73 74 76 77 80 81 84 85 89 90 91 93 94 95 96 97 98 99
53 54 56 57 59 61 62 63 64 65 67 70 71 72 74 75 77 79 80 81 84 87 88 89 90 91 93 97 99
54 56 57 58 59 61 62 63 64 66 68 70 71 72 74 75 77 80 81 82 83 84 86 87 88 89 90 91 92 93 94 95 96 97
55 56 57 59 60 61 63 64 66 68 71 72 73 76 78 79 80 81 83 84 85 88 89 91 92 93 94 95 97 98
56 59 60 61 64 65 68 71 72 74 75 78 79 80 83 88 92 93 94 95 99
57 58 59 62 63 64 65 67 70 71 72 74 76 77 80 81 83 84 85 87 88 89 91 92 93 94 97 98 99
58 59 60 63 66 67 68 69 70 71 74 76 78 80 84 86 88 89 93 96 97 98 99
59 60 61 62 66 68 69 71 72 73 75 76 77 78 79 80 81 82 86 91 93 96 97 98
60 61 63 64 66 67 68 71 74 77 79 80 81 82 83 84 87 89 90 91 92 93 97 98 99
61 62 63 66 67 68 69 70 72 73 74 76 77 78 79 80 81 82 84 87 88 89 90 92 93 95 96 98 99
62 63 64 65 67 68 69 70 71 74 79 81 82 83 84 87 90 91 93 94 95 96 98 99
63 64 65 69 70 71 74 75 77 79 80 81 82 84 86 88 90 92 93 95 97 98 99
64 67 68 69 72 73 74 75 76 77 78 82 83 84 90 91 93 94 98 99
65 66 67 70 71 72 73 75 76 77 81 84 85 86 87 90 93 94 95 96 97 98 99
66 71 73 74 75 76 77 78 80 83 85 90 92 93 95 97 98 99
67 68 73 76 77 78 83 85 91 93 94 95 98
68 70 73 74 75 76 77 79 81 82 87 88 90 92 93 94 96 97 98 99
69 71 73 75 77 78 79 80 81 82 83 85 86 87 88 90 92 93 95 98
70 72 74 77 78 79 81 83 84 85 86 89 90 94 95 97 98 99
71 72 73 74 75 77 84 85 87 89 93 94 95 97 99
72 73 74 76 78 80 82 83 84 88 89 90 92 93 94 96 97 99
73 74 78 79 80 81 83 84 86 87 88 90 91 92 95 99
74 75 76 77 79 81 82 83 89 90 91 92 93 94 95 96 97 99
75 76 77 78 81 85 86 87 89 91 93 95 96 97 98 99
76 77 78 80 81 82 83 84 85 86 87 88 92 93 94 98
77 81 82 83 84 85 86 88 90 91 93 97 98 99
78 82 83 84 85 86 88 90 91 92 93 94 95 97 98 99
79 80 81 82 83 84 85 86 87 88 89 91 92 93 94 95 97
80 81 82 83 84 85 86 88 89 90 92 94 95 96 98 99
81 82 84 85 86 87 92 94 96 97 98
82 83 84 85 86 87 92 94 95 96 98 99
83 84 85 88 89 90 91 92 94 95 96 99
84 85 86 87 88 89 91 92 94 97 99
85 87 90 93 94 95 96 99
86 88 89 90 91 93 94 97 98 99
87 90 93 95 96 97
88 89 91 92 93 97 98 99
89 91 92 94 97 99
90 92 93 96 98 99
91 95 96 97 98
92 94 98 99
93 95 96 97 98
94 95 97 98 99
95 96 97 98
96 98 99
97 98 99
98
99

!93