#RandomGeneratorDifficultGraph.py
# GMT Thu Jul 20 14:28:17 2023
# 
0 3 4 8 11 12 13 14 18 19 20 21 22 23 24 25 27 28 29 30 31 32 33 36 43 46 49 50 51 53 55 58 59 62 63 64 66 68 70 73 74 76 77 78 79 82 86 88 90 91 93 94 96 97 99
1 3 4 5 7 9 11 12 14 15 17 18 20 21 22 25 26 27 28 35 36 38 39 40 42 43 44 45 46 48 50 51 52 53 54 55 56 57 59 63 64 65 66 70 71 72 73 74 75 76 78 79 80 81 82 83 84 85 87 91 92 93 94 95 96 97 98
2 3 4 7 9 10 12 13 16 17 18 19 20 21 22 23 24 26 28 29 30 31 33 34 35 36 41 45 46 47 49 50 51 56 57 58 59 60 63 65 66 68 69 70 71 75 76 77 80 81 82 83 86 87 89 91 93 96 97 98 99
3 4 6 7 8 9 13 15 20 22 26 27 32 38 41 43 44 46 48 49 50 51 52 54 55 56 60 62 63 64 65 66 68 71 75 76 77 78 79 80 81 83 84 85 86 88 90 91 93 95 99
4 6 8 9 13 14 15 16 17 19 21 22 23 24 25 26 27 28 31 34 35 36 37 39 40 42 45 47 50 59 62 63 64 66 67 69 71 72 73 74 78 79 80 82 83 85 86 88 89 90 91 92 93 94 95 96 98 99
5 7 8 10 12 13 15 18 20 21 23 25 26 27 31 32 33 34 35 37 41 42 44 45 46 47 48 50 53 55 56 57 58 59 60 61 64 67 68 69 70 71 72 73 74 75 80 82 83 86 87 88 89 90 91 94 95 96 99
6 10 11 12 13 14 19 20 24 25 26 27 29 30 34 35 36 39 41 42 43 45 47 49 51 52 53 54 55 57 61 62 63 64 65 66 67 68 69 70 71 72 75 80 81 83 84 86 87 88 89 91 92 93 95 96 97 98
7 8 9 10 13 16 17 20 23 25 26 27 28 30 32 33 35 36 37 38 39 40 42 45 47 48 49 50 51 53 56 57 58 59 60 61 62 66 67 68 70 71 72 74 76 77 80 82 87 89 90 92 97 98
8 9 10 12 13 14 18 20 21 24 26 27 28 29 30 31 32 33 34 36 37 38 39 41 42 43 44 46 47 48 49 53 54 55 56 57 61 62 63 64 65 66 67 72 73 76 77 79 81 83 85 86 87 90 91 96 97 99
9 12 16 18 19 22 23 26 28 29 35 36 37 38 40 43 45 46 47 48 50 51 52 53 54 56 57 58 63 64 66 67 69 71 72 73 74 75 78 79 82 83 84 86 87 88 89 90 91 92 93 99
10 11 13 14 16 17 18 20 22 23 24 25 27 30 32 33 34 35 37 39 40 42 43 44 45 46 47 48 49 51 52 58 60 61 62 64 69 72 73 74 75 80 84 85 86 89 92 94 95 96 98 99
11 13 15 16 17 18 19 20 23 26 27 30 32 33 35 36 37 39 42 46 47 48 49 50 51 52 53 54 55 56 58 59 60 61 62 66 67 68 69 70 71 72 75 76 78 79 80 81 82 83 84 85 87 88 89 93 95 96 97 98 99
12 13 14 17 18 20 21 23 24 28 31 33 34 36 37 40 42 43 45 46 52 54 55 56 57 58 60 62 64 65 66 69 70 71 72 74 77 78 79 80 81 83 85 87 89 92 93 94 98
13 16 17 18 19 24 25 26 27 28 31 35 36 40 41 42 43 44 45 48 50 52 54 57 58 60 61 62 63 64 65 66 68 70 74 75 76 77 80 84 86 87 89 91 92 94 95 96 97 99
14 15 16 17 18 19 20 21 22 24 25 26 30 32 33 34 35 36 41 45 47 48 49 53 55 57 58 59 62 64 68 69 71 74 75 76 80 83 84 85 87 88 90 92 93 99
15 18 20 21 22 23 30 34 36 37 40 42 43 46 48 49 50 51 52 53 55 56 57 58 59 62 63 64 65 68 69 70 72 74 75 77 78 80 81 82 83 84 89 91 93 94 95 98
16 17 18 19 20 22 25 26 27 28 29 30 32 35 37 38 43 44 47 50 51 52 54 56 58 60 61 63 66 67 68 70 71 72 73 74 75 76 77 79 80 81 84 85 86 88 91 92 93 96 98
17 18 19 24 25 28 29 30 31 33 34 35 37 41 42 43 44 45 46 47 51 52 53 54 55 56 58 62 63 65 66 70 71 72 73 74 77 78 79 81 83 84 86 87 88 89 92 93 94 95 98
18 19 20 21 22 23 25 26 27 28 29 33 37 40 41 42 46 48 49 50 51 54 56 57 58 59 60 61 64 65 68 69 71 73 74 76 77 78 79 80 81 83 84 85 89 90 91 92 94 96 97 98
19 20 21 23 24 25 26 28 29 30 31 32 33 34 38 40 41 42 44 45 46 47 48 51 52 58 61 62 65 67 70 71 73 74 75 76 77 79 80 82 83 84 86 87 88 89 91 92 93 94 97 98 99
20 22 23 25 27 28 29 31 32 34 35 36 37 39 40 42 43 47 48 49 51 52 53 54 56 59 60 61 63 64 65 67 69 71 73 74 75 76 77 79 81 82 83 84 85 86 87 88 90 92 96 98 99
21 23 25 26 27 28 31 33 34 35 36 37 38 39 40 42 43 44 46 47 49 51 52 53 54 55 59 60 63 64 65 70 71 72 73 74 75 77 83 86 88 89 91 93 95 96 97 98
22 23 24 25 26 29 31 32 33 34 36 37 39 41 43 44 46 48 49 50 51 52 53 55 57 58 59 60 63 64 65 66 70 71 72 73 76 77 79 89 90 91 92 93 95 97 98 99
23 25 27 29 33 36 37 38 43 45 46 47 49 50 51 52 53 60 62 64 65 68 70 71 74 75 76 77 78 79 82 84 85 86 91 92 94 95 98
24 25 26 27 29 31 32 33 34 35 37 38 39 40 44 45 49 51 52 55 56 57 58 59 60 63 67 68 72 73 74 75 82 85 86 87 89 90 91 93 94 96 97
25 27 28 30 31 32 33 34 36 37 39 41 43 44 47 49 50 51 52 54 55 57 58 59 60 62 64 65 66 68 71 72 73 74 75 76 78 79 80 81 82 83 85 89 90 92 93 95 97 99
26 27 28 30 31 33 34 35 38 41 42 45 46 47 52 54 62 63 64 65 67 68 69 72 73 76 77 78 79 82 85 87 88 92 95 98 99
27 29 30 32 34 35 36 37 38 41 42 43 45 47 48 49 51 52 53 54 56 57 59 60 61 63 66 68 70 73 77 80 82 83 85 88 89 91 92 94 95 99
28 29 30 32 33 37 40 42 44 46 48 49 50 55 56 58 59 66 69 70 71 73 74 77 78 79 80 82 84 86 89 90 91 92 94 95 96 97
29 33 34 35 37 39 40 41 43 44 46 47 48 50 51 52 54 55 56 58 59 60 61 63 64 65 66 67 71 73 74 75 76 77 79 81 82 83 84 85 87 89 92 93 94 95 96 97 99
30 31 32 33 36 37 39 43 44 46 48 50 51 52 53 54 56 57 58 59 60 62 63 65 67 69 70 71 72 73 74 77 78 80 83 85 88 90 92 93 95 96 98 99
31 32 33 34 35 36 37 41 43 44 45 47 48 49 50 52 53 54 55 56 59 60 61 63 64 66 68 69 70 72 73 74 76 78 82 83 84 86 87 94 95
32 33 34 36 39 40 41 42 43 45 46 47 50 51 52 53 55 56 57 58 59 60 61 63 64 65 67 68 69 72 75 76 78 80 81 82 83 84 85 86 87 89 94
33 35 37 38 39 40 41 42 43 44 45 47 56 58 59 60 62 63 64 65 67 68 69 70 71 72 73 74 76 77 78 81 82 84 86 87 89 90 92 93 94 95 96 97 98 99
34 35 36 37 39 40 41 42 43 44 45 47 49 50 51 52 53 54 55 56 57 58 59 60 63 64 65 67 69 70 71 72 73 74 75 77 78 79 81 82 85 89 90 91 93 94 95 96 97 98 99
35 37 38 39 40 42 48 50 55 57 58 59 60 62 64 67 68 70 71 72 74 75 76 77 78 79 80 81 82 84 85 87 90 92 96 98
36 38 40 41 43 44 45 46 47 50 54 55 57 59 60 61 62 63 66 67 68 71 72 73 74 77 79 80 81 83 86 90 92 94 95 96 97
37 38 42 43 45 46 48 51 52 53 54 55 57 58 59 60 61 63 64 65 66 67 68 69 71 73 75 80 83 87 88 89 90 91 93 94 95 97 98
38 40 42 44 46 47 48 49 50 51 52 54 56 60 61 64 66 67 68 69 73 74 79 80 81 83 85 88 89 90 91 92 93 96 97 98 99
39 40 41 42 44 45 46 48 51 52 54 56 60 61 62 65 66 68 69 70 73 75 77 78 79 80 83 84 86 87 90 91 95 97 99
40 41 42 44 46 47 48 49 50 52 55 58 59 61 63 65 66 68 69 70 71 72 73 74 75 76 77 78 80 82 85 87 91 92 94 96 98 99
41 43 45 46 47 48 51 52 53 54 55 56 57 59 60 63 65 66 68 69 72 74 75 77 79 81 82 83 88 89 90 91 92 93 96 98
42 43 44 50 54 57 58 62 63 66 67 69 70 71 72 74 75 76 77 80 82 83 84 85 86 88 89 91 92 93 94 95 97 99
43 44 47 48 50 52 57 60 62 63 64 67 68 71 72 73 76 78 82 84 85 86 88 90 91 92 93 95 96 97 98
44 45 46 48 49 51 52 54 55 56 57 58 61 65 67 68 69 70 74 76 77 78 79 82 85 88 89 90 93 94 95 97 98
45 46 47 48 50 52 53 54 55 57 58 60 61 62 63 64 66 68 69 71 72 75 78 81 83 85 87 89 91 94 97 98
46 48 49 53 54 55 56 58 59 61 63 64 66 72 73 74 75 80 81 82 83 85 88 89 90 91 93 94 96 97 98
47 52 54 55 57 58 59 60 61 64 65 66 69 70 71 72 75 76 79 84 85 87 89 90 91 92 93 95 96 97
48 52 53 55 57 58 60 64 66 68 69 70 71 72 74 75 76 78 82 83 84 85 86 87 88 89 90 93 94 95 97
49 50 51 52 54 55 56 57 58 60 62 63 64 65 66 68 69 70 71 74 76 78 80 83 86 89 91 92 93 94 96 97 98 99
50 51 52 53 54 57 58 63 64 65 67 68 69 70 71 72 74 75 76 77 78 79 80 81 82 84 86 89 91 93 96 97 99
51 52 53 57 58 62 65 66 68 70 72 73 74 75 76 77 80 83 86 87 88 90 95 97 98 99
52 54 55 56 57 58 59 60 62 63 66 67 68 69 71 72 76 77 80 81 82 84 87 88 89 90 92 93 94 95 96 97 99
53 54 55 56 57 59 60 62 64 65 66 67 68 69 70 71 74 77 78 79 80 81 82 83 85 88 89 91 93 94 95 97 98 99
54 58 59 60 61 63 64 65 66 67 68 70 71 74 78 79 83 84 86 87 91 92 93 97 98 99
55 57 59 60 61 62 63 64 65 68 70 72 73 74 75 77 78 79 81 82 83 84 85 88 89 90 91 93 95 98 99
56 58 59 60 64 65 66 69 70 74 77 78 80 81 82 83 84 85 87 88 90 92 93 94 95 96 98
57 58 59 60 65 67 68 70 72 74 75 77 80 81 83 85 87 89 90 91 94 95 96 98 99
58 59 61 64 69 70 71 74 75 77 78 79 80 81 82 83 86 87 88 89 91 93 94 96 97
59 60 61 65 67 68 69 70 71 73 75 76 78 81 82 83 87 88 89 93 95 97
60 61 63 64 65 66 68 71 72 73 74 77 78 80 81 82 83 84 85 86 89 93 96 97
61 62 63 64 68 69 71 74 76 80 81 82 83 84 86 88 89 90 91 92 94 97 98
62 63 65 66 68 70 72 75 76 77 78 80 81 86 87 88 91 93 94 95 96 97 98
63 66 67 68 70 71 74 76 77 78 80 81 83 86 87 88 89 90 91 93 95 96 97 99
64 65 68 70 71 73 75 76 82 83 85 87 88 89 92 93 94 95 97
65 67 68 69 73 75 78 80 81 82 83 85 86 87 88 92 94 96 99
66 67 68 69 73 74 76 77 78 80 81 82 83 85 86 87 88 89 90 91 92 94 95 96 97 98
67 72 73 74 76 78 79 80 81 82 83 86 87 88 90 92 94 99
68 70 71 72 73 74 75 79 80 81 82 87 89 91 92 93 95 98 99
69 70 71 72 75 77 78 80 81 83 84 85 87 89 90 92 93 94 96 97
70 71 74 77 78 79 81 82 84 86 88 89 90 91 92 93 94 95 96
71 72 73 74 75 77 79 80 84 85 87 88 89 91 92 94 95 96 98 99
72 74 76 77 79 82 83 85 87 89 90 91 92 93 94 95 96 97 98 99
73 75 76 77 78 79 81 84 86 89 92 96 97 98
74 75 76 77 78 79 80 83 84 85 86 91 95 96 98 99
75 76 77 79 80 81 82 83 85 86 88 89 91 93 94 96 97
76 78 80 81 82 84 87 88 92 93 97 98 99
77 78 79 80 81 82 83 84 86 87 88 93 94 99
78 79 80 87 89 91 92 93 94 96 97 98
79 80 82 83 84 87 88 89 90 91 93 95 99
80 81 84 86 87 88 90 91 92 95 96 98
81 82 84 85 87 88 89 91 92 95 97 99
82 83 85 86 90 96
83 84 85 87 88 89 91 92 94 95 96 97 99
84 86 88 89 90 91 92 93 94 95 96 97 99
85 86 87 88 89 92 93 94 95 97 99
86 87 90 91 92 93 94 95 97 98
87 89 90 96 97 99
88 90 91 92 94 96 97 99
89 91 93 96 98 99
90 91 95 96 97 98 99
91 94 95 96
92 93 95 96 97 98
93 96 98
94 95 96 97
95 97 99
96 99
97 98
98
99

!92