#RandomGeneratorGraph.py
# GMT Fri Apr  7 10:20:04 2023
# 
0 31 32 48 60 74 86 92
1 10 24 46 51 57 59 90 99
2 7 12 35 39 63
3 10 30 36 53 60 75 82 91
4 11 26 36 38 39 41 50 86 94 95
5 16 34 35 57 59 74 93
6 17 24 66 79 84 93 97
7 15 16 25 34 36 43 45 57 59 60 78 86
8 31 32 35 36 42 46 51 71 90 93 94 95
9 12 13 46 52 58 67 71 73 76 79 93
10 11 21 23 38 39 40 54 65 66 76 77 82 85 97
11 14 23 64 69 72 96
12 32 38 48 54 56 62 67 90
13 32 48 61 63 69 71 81
14 32 43 51 55 74 90 93
15 22 28 36 41 48 58 60 74 76 77 82 91
16 30 34 41 52 66 81 93
17 19 23 24 25 48 75 86 94 95
18 23 24 41 43 53 59 63 70 92 94
19 38 41 42 51 58 61 78 81 88
20 23 24 28 40 57 68 72 73 82 86 98
21 25 29 57 69 74 75 83 91 95
22 43 54 60 69 83
23 51 52 53 61 63 75 92
24 41 65 69 73 81 84 91
25 32 57 67 84 88
26 29 32 36 48 51 52 56 68 70 74 78 98
27 49 53 54 70 82 90
28 80 92
29 35 38 67 78 86 89
30 35 46 68 72 93 99
31 43 64 67 71 82 84 93 94
32 37 56 61 62 73 78
33 34 72 73 74 76 86 88 94
34 35 47 66 70 80
35 41 62 71 82 83
36 42 46 80 82 96
37 42 49 53 60 68 75 84 94
38 40 42 69 85 99
39 47 57 59 66 75 76 78 86
40 41 48 70 77 82 85 99
41 54 58 68 69 70 78 88 96
42 55 66 67 75
43 62 80
44 55 65 91 94 95
45 57 59 60 94 95
46 86 90 97 98
47 58 62 84 92
48 58 77 84 94 98
49 53 54 61 66 84
50 51 52 62 70 71 95
51 60 68 76 99
52 69 78 80 84 85 99
53 74 96
54 67 73 94
55 67 85 89
56 62 77 86 96
57 60 68 76 82 83 94 98 99
58 66 80
59 68 76 80 89 93
60 63 79 92 96
61 87
62 77 92 94 98
63 81 85 88
64 91 94
65 77 93 98
66 80 89 93 95
67 70 75 80 85 93 95
68 69 78 92
69 70 79 97
70 71 75 78 82
71 72 77 90 91
72 75 92 95
73 96
74 78 89
75 95
76 77 84 97
77 81 85 97
78 90 91
79 88 89 93 97
80 81
81 82
82 84 91 98
83 84 88
84 91 98
85 92 94
86 91
87
88 94 96
89 94 96
90 97 98 99
91 93
92 93
93
94 98
95 96
96
97
98 99
99

!73