#RandomGeneratorDifficultGraph.py
# GMT Tue Jul 18 16:23:06 2023
# 
0 1 3 5 6 8 13 15 16 17 18 22 23 25 35 36 39 44 47 49 55 56 59 63 64 65 67 72 74 77 80 83 85 90 91 92 93
1 2 3 4 10 12 14 19 22 26 27 30 37 38 40 44 47 52 53 57 63 64 74 76 81 94 95 97 99
2 4 5 8 15 28 31 36 41 51 55 58 59 63 64 65 66 68 69 82 85 87
3 9 15 16 21 23 29 31 32 34 39 41 49 50 57 58 62 63 73 75 91 92 94 97 99
4 6 7 8 10 17 23 25 33 34 41 43 44 45 48 51 55 58 67 78 81 82 83 86 89 92 93 99
5 15 24 26 28 30 35 54 55 65 66 73 80 84 85 86 87 88 94 96
6 10 11 14 16 17 27 28 29 31 35 37 47 51 53 54 55 59 60 69 77 82 83 85 86 93 98
7 9 10 12 13 19 26 27 32 33 36 40 41 48 60 61 63 64 74 76 80 83 85 92
8 16 20 22 24 29 32 33 39 40 41 43 47 49 53 54 55 57 63 65 75 77 82 86 90 91 93 96
9 10 11 12 13 15 19 20 21 26 29 38 42 45 46 50 51 53 55 56 63 64 66 68 70 72 73 74 76 80 87 95 96 99
10 14 15 19 21 27 28 31 33 39 40 51 55 56 57 59 60 62 68 75 78 85 89 90 95 97 98 99
11 13 16 20 25 30 37 44 46 47 48 50 54 56 58 61 68 75 80 84 87 89 92 93 96
12 20 22 24 31 33 36 43 47 49 52 54 56 60 61 62 68 69 83 89 90 92 94 98 99
13 17 19 21 22 24 26 27 30 32 35 36 37 39 44 53 55 58 59 61 63 66 74 75 76 78 81 87 88 89 92 94
14 15 22 25 26 27 28 32 34 41 47 48 50 56 59 61 62 63 73 74 78 87 88 90 92 94 99
15 21 22 25 29 31 34 36 37 39 46 47 48 49 52 53 54 57 60 61 71 77 85 88 89 96 97
16 24 26 27 31 34 35 37 39 42 44 45 47 49 59 64 66 68 69 77 82 86 87 88 94 97 98
17 19 20 23 29 31 32 34 37 40 46 52 60 61 63 66 69 70 71 76 79 80 81 84 85 87 90 91 96 98
18 20 22 23 24 26 30 32 33 34 37 38 40 47 51 54 63 65 71 72 76 79 80 83 84 86 91 92 93 94 95 96 97
19 22 24 26 29 30 34 40 45 55 56 59 67 75 77 82 89 93 96 97 99
20 26 28 29 32 35 38 39 41 44 46 48 50 51 59 61 63 64 65 67 73 77 78 80 81 83 85 86 91
21 23 26 27 28 29 34 40 43 50 51 52 62 63 64 65 66 67 68 69 73 74 76 80 82 83 85 90 93 95 99
22 23 25 26 28 31 39 41 43 45 47 56 57 60 64 65 68 69 70 79 87 88 91 93
23 34 41 43 44 45 48 49 52 53 54 56 57 59 67 68 70 73 79 86 87 88 95 97
24 25 31 33 34 35 36 39 41 43 44 48 52 57 58 59 60 63 70 76 79 81 84 89 91 92 93 97
25 29 30 35 36 37 39 42 44 48 49 62 63 66 69 75 83 84 85 88 92 95
26 40 42 46 48 52 55 58 63 64 65 67 70 71 77 82 90 92 93 94 95 97
27 28 38 46 47 54 55 58 59 61 63 66 67 68 70 75 84 88 97 98
28 30 34 36 38 40 44 50 55 60 70 73 75 78 82 86 90 95
29 30 33 36 37 38 41 53 67 71 74 80 83 85 89 91 92 93 99
30 34 38 40 46 51 57 58 60 67 69 77 88 90 92 95 99
31 34 35 40 41 44 45 58 60 71 75 76 81 82 83 89 90 92 95 98
32 33 34 35 37 39 40 42 43 45 55 60 61 64 66 67 70 71 73 74 75 76 77 91 95 99
33 39 41 42 45 48 54 59 60 65 67 73 84 87 88 89 90
34 35 36 37 38 40 44 50 53 58 59 66 69 75 79 80 83 84 85 88 97 98
35 37 38 39 43 46 47 51 55 56 60 61 63 65 67 76 77 78 79 81 82 86 87 90 92 95
36 39 40 41 44 45 47 48 49 51 52 56 58 64 67 68 69 72 73 74 75 78 85 91 93
37 38 42 45 47 50 62 65 68 71 80 81 82 91 95 98 99
38 39 43 44 51 54 56 57 60 61 63 69 71 74 77 81 88 90 92 95 97 99
39 40 41 43 47 53 54 61 62 74 84 86 88
40 41 49 53 54 57 59 60 66 72 76 77 89 94 99
41 46 52 54 56 57 59 60 69 75 76 77 79 80 82 88 91 92 94 98
42 45 49 54 60 63 71 72 74 82 83 84 88 89 92
43 45 46 57 59 60 61 62 64 66 69 70 71 88 89 97
44 50 51 63 69 70 73 75 81 89 90 91 94 95 97
45 46 50 53 58 59 60 65 69 70 73 77 81 87 88 91 93 94 95 99
46 49 50 52 53 55 59 62 63 64 68 71 72 73 75 81 82 87 88 89 92 94 95 96 97 99
47 51 55 56 61 66 70 72 73 77 82 84 87 93 98 99
48 49 52 57 58 60 62 63 69 71 74 75 78 80 83 91 96
49 52 54 58 59 61 65 70 71 73 76 77 79 86 87 88 92 97
50 55 60 64 68 78 80 81 87 90 94
51 52 59 61 63 68 71 73 77 81 83 87 89 95 96 99
52 54 55 61 62 76 78 82 83 89
53 54 62 76 86 87 89 92 98
54 56 60 62 64 65 75 76 77 79 82 87 90 96 97 98 99
55 57 58 59 61 75 80 84 86 92 94 96 99
56 57 59 60 61 62 63 69 78 80 82 84 86 92
57 58 59 64 66 67 69 75 76 77 83 84 86 87 93 98
58 59 61 64 65 68 69 70 73 79 87 89 91 99
59 63 66 67 74 75 86 89 96
60 61 63 64 65 67 68 76 77 79 85 87 92
61 63 66 67 68 74 80 81 82 83 85 91 96 99
62 75 77 78 80 82 85 86 88 90 93
63 64 65 68 69 71 74 76 78 85 89 90 91 97 98
64 68 74 75 80 87 88 89 90 91 95
65 66 69 71 72 74 79 81 82 86 87 88 89 92 93 95 96 97 98
66 67 73 81 86 89 90 93 94 96 97
67 73 74 75 79 80 82 89
68 71 72 73 79 83 85 89 93 99
69 70 72 76 77 78 79 82 87 95 97
70 71 75 76 77 85 87 91 97
71 74 89 90 93 95 98 99
72 75 77 78 82 83 95 96
73 76 77 79 80 87 90 93 98
74 78 81 82 83 86 87 91 92 93 99
75 77 82 92 96
76 82 99
77 82 84 85 87 91 95 99
78 79 81 82 84 91 93 98
79 80 81 82 83 86 90 91 94 99
80 82 83 84 90 93 96 97 98
81 83 86 89 91 97 99
82 83 84 85 87 89 92 96 98
83 84 85 86 94
84 85 88
85 86 88 89 94 98 99
86 89 96 97 99
87 89 92 95 98
88 97
89 94 97
90 93 96 98
91 92
92 94
93
94 98 99
95 98
96 97 98 99
97 99
98
99

!87