#RandomGeneratorDifficultGraph.py
# GMT Tue Jul 18 12:48:12 2023
# 
0 4 8 9 10 12 14 19 22 26 30 31 35 39 40 41 43 45 48 52 53 55 59 62 63 66 67 69 71 74 75 78 85 86 87 88 89 90 96 98
1 5 6 8 10 11 12 15 22 23 24 25 26 31 36 39 40 44 53 54 59 60 63 68 71 74 79 81 83 84 89 91 94 96 97 98
2 3 5 6 7 9 10 11 12 15 16 19 22 24 26 32 36 40 41 42 43 44 45 49 50 52 53 55 58 62 63 69 70 74 75 78 79 80 82 86 87 91 92 93 96 98
3 4 11 14 19 29 30 32 33 34 35 37 38 40 41 42 43 46 51 56 57 59 63 65 67 68 71 72 73 75 76 78 80 82 83 85 87 88 89 90 91 95 99
4 6 12 13 14 15 18 19 21 23 24 28 29 32 39 40 41 43 47 48 49 50 51 54 55 58 61 65 73 74 75 79 80 81 83 84 85 89 93 96 97 99
5 6 8 11 13 14 16 17 18 19 20 21 22 23 27 29 33 37 38 40 42 43 45 46 51 52 58 62 68 70 72 73 74 75 76 79 82 83 93 95
6 7 8 9 11 14 17 21 23 24 27 28 29 30 31 32 36 38 45 49 50 52 56 59 60 62 63 67 68 70 75 80 81 82 84 87 89 90 92 95
7 9 13 15 17 18 19 21 25 27 28 30 31 32 35 38 40 44 45 48 49 50 52 53 56 58 60 64 67 68 69 71 72 76 77 80 82 85 87 88 90 96 98 99
8 9 12 17 22 23 24 27 30 31 32 37 38 39 40 41 43 44 46 48 49 52 53 58 59 60 61 66 68 69 76 79 80 81 84 89 90 91 92 94 96
9 20 21 25 26 28 30 31 34 35 38 39 43 46 48 49 51 52 53 54 56 58 60 61 65 69 74 77 78 82 86 89 92 93 94
10 11 12 14 16 17 18 22 25 26 29 34 37 41 42 44 46 48 50 54 58 59 61 62 64 68 70 75 80 83 85 89 92 96 97 98 99
11 12 17 19 21 30 33 35 36 37 38 39 40 43 53 56 58 63 64 67 71 75 76 77 81 86 87 89 90 91 92 93 94 97
12 15 17 20 21 24 25 26 27 35 37 38 42 46 49 50 51 53 55 59 60 63 64 66 70 72 79 80 81 89 91 94 95 99
13 14 16 21 23 27 28 29 30 31 33 34 35 36 40 42 43 44 46 55 56 59 62 63 65 67 72 73 76 78 82 84 85 86 87 90 92 99
14 20 23 24 27 29 33 37 38 43 47 50 51 52 53 54 55 58 63 65 71 74 76 77 78 87 88 90 95 96 97
15 17 22 23 24 26 30 35 38 39 44 45 46 47 51 52 56 59 63 64 65 66 71 74 76 79 81 84 85 86 88 90 91 92 95 99
16 17 19 21 25 27 30 34 35 36 49 51 52 53 55 59 64 66 68 70 72 74 85 86 89 90 93 94 95 99
17 18 19 21 22 23 27 31 34 36 37 39 41 43 44 45 47 49 50 51 53 59 63 64 65 68 72 73 74 77 78 80 83 84 87 90 91 93 94 96 99
18 19 21 25 27 30 33 34 38 39 40 41 45 46 49 50 53 54 55 60 67 68 73 74 76 79 80 81 82 83 84 86 87 88 92 93 94 96 97
19 21 22 27 35 36 43 49 52 59 69 71 74 75 77 79 81 83 85 91 95 96
20 22 25 27 30 32 34 38 44 46 47 48 52 54 55 56 57 59 65 67 68 70 72 73 78 79 80 81 84 86 87 91 95 99
21 22 23 24 26 27 28 32 33 37 42 44 45 46 55 59 60 62 63 71 76 80 84 85 87 88 91 93 97 98 99
22 23 30 33 34 36 37 41 42 52 53 55 58 62 68 70 79 80 82 85 88 89 91 94 95 96 99
23 26 33 34 40 41 42 43 46 51 52 54 55 56 57 59 61 67 68 69 72 76 78 82 84 85 87 88 89 90 92 94
24 27 29 34 39 41 44 46 49 51 53 56 57 59 61 62 63 64 65 71 72 83 84 87 91 94
25 28 30 32 34 37 38 39 40 41 43 44 46 48 50 51 52 55 56 59 61 63 64 67 68 69 71 79 93 94 96 97 98 99
26 35 41 42 43 46 48 52 55 56 58 59 65 66 69 72 73 77 79 85 86 89 90 93 94 97 98
27 33 42 52 58 61 63 64 65 67 68 69 74 77 80 82 83 89 92 94 96
28 32 33 38 41 42 46 47 48 49 50 51 53 56 57 62 63 67 70 71 72 73 77 78 80 82 83 86 88 89 90 91 92 94 95 97 98
29 32 38 41 47 51 52 56 72 75 77 82 83 86 89 91 93 95 98 99
30 32 35 37 39 40 41 43 46 49 50 55 56 59 60 64 67 69 70 72 75 77 78 82 84 87 95
31 33 34 36 40 41 46 48 50 56 57 62 68 72 77 78 80 82 85 87 89 91 94 95 96 98 99
32 39 43 44 45 47 51 52 53 54 55 60 61 66 69 70 77 78 80 82 87 90 96 98
33 35 36 38 39 41 42 43 44 48 50 51 52 55 56 57 60 62 66 70 74 78 80 82 88 92 94 99
34 36 38 40 42 44 45 46 50 52 54 56 57 64 66 67 68 70 73 74 77 79 81 85 90 92 94 95
35 38 40 42 43 44 49 50 53 54 57 59 60 65 66 69 72 76 78 80 84 87 88 94 95
36 40 41 43 44 46 48 51 53 59 60 61 63 66 71 73 74 76 80 81 82 83 87 89 90 93 94 95 97 98
37 39 42 43 46 50 52 53 54 55 56 58 59 60 61 62 64 67 68 74 75 76 77 78 81 83 84 87 88 93 95 98 99
38 39 44 45 47 48 53 54 55 56 58 61 62 66 68 69 70 72 74 78 84 85 86 88 89 92 95 96 98
39 41 45 46 47 50 51 52 55 59 61 62 64 65 66 69 77 78 85 90 91 94
40 42 43 49 51 52 53 59 62 63 64 65 67 69 74 76 78 79 85 86 87 93 98 99
41 43 45 46 48 51 54 56 61 76 80 81 82 84 87 90 93 95 96 97 98 99
42 45 47 52 55 57 59 60 61 63 65 69 73 78 81 83 84 87 92 93 94 96 98 99
43 45 46 47 56 61 63 64 66 71 73 74 75 77 81 85 90 91 92 94 95
44 45 48 49 50 53 54 57 61 62 64 65 66 68 69 70 71 74 76 77 78 80 81 83 87 92 94 98
45 53 58 59 62 64 71 74 76 77 83 84 85 86 87 88 92 93 99
46 47 50 51 54 56 58 59 65 66 67 69 70 71 74 76 79 80 81 82 83 85 86 88 89 91 93 94 95
47 49 52 56 57 58 59 61 62 63 68 71 76 79 82 83 88 90 95 97 98
48 49 51 56 58 59 62 63 64 65 78 79 83 84 85 87 91 92 95 98 99
49 51 53 55 57 61 65 67 69 70 75 80 81 83 87 89 91 92 93 94 95 97
50 51 56 59 66 69 72 73 74 75 78 82 83 85 89 91 92
51 55 57 62 65 66 68 69 73 74 75 78 79 81 84 87 91 94 96 99
52 55 56 64 66 67 68 69 73 74 75 77 79 80 83 84 85 87 90 98 99
53 54 55 58 59 60 64 65 66 68 74 76 78 79 92 93 94 95 97 98
54 57 58 59 60 62 63 64 68 73 78 81 83 86 88 92 98
55 56 63 64 68 70 71 73 76 77 84 86 87 88 91 93 94 97
56 58 59 60 66 69 75 79 81 82 86 92 94 95 97 98
57 59 62 64 66 67 70 71 88 90 92 94 96 97 98 99
58 64 66 67 69 71 75 78 80 82 83 85 86 89 90 97 98
59 62 67 72 81 87 88 91 92
60 61 63 64 73 79 81 82 86 89 91 98 99
61 74 76 84 86 87 88 89 90 91 94 97 99
62 72 74 75 76 78 79 80 82 85 86 87 88 89 91 94 95 97 98
63 67 68 69 70 71 73 74 77 84 85 88 90 91
64 66 70 71 81 86 90 92 93 95
65 66 67 69 72 73 74 78 79 83 85 95 96 99
66 74 75 76 81 84 90 94 95
67 68 69 71 73 75 85 86 88 89 95 96 97 98
68 71 73 79 81 82 83 87 88 89 90 91 96
69 72 73 75 76 77 78 79 80 82 84 89 91 92 95 97 99
70 72 73 79 80 81 86 88 89 90 93 95 97 99
71 74 77 78 79 80 81 83 84 86 87 88 90 92 95 97 98 99
72 74 76 78 81 84 86 88 89 90 93 94 97
73 75 81 85 86 88 89 90 93 96
74 77 79 82 83 89 91 92 94 95 99
75 77 81 82 83 84 89 90 98
76 79 81 83 86 88 89 93 95 98
77 78 85 88 90 92 94 95
78 80 81 82 84 86 88 92 95 97
79 80 81 87 89 92
80 81 82 86 87 88 89 90 91 93 94 95 96 97 98
81 82 92 93 94 96 97
82 83 91 92 94 95 96 97 98 99
83 88 92 99
84 86 87 92 94 99
85 86 87 92 93 95 97 98
86 90 91 92 93 95 97 98 99
87 88 91 92 95 97 99
88 89 91 92 94 95
89 90 91
90 92 93 96 98 99
91 93 94 97
92 96
93 97
94 95 97 98 99
95 97 99
96 97 98
97 98 99
98
99

!90