#RandomGeneratorDifficultGraph.py
# GMT Tue Jul 18 16:23:52 2023
# 
0 3 5 13 15 17 22 25 35 36 39 47 49 55 56 59 65 72 74 80 83 91 92 93
1 2 3 4 10 14 19 22 26 27 30 38 40 44 47 57 76 95 99
2 28 31 36 41 55 58 63 66 68 69 82 85 87
3 9 21 23 29 31 32 34 39 41 49 57 58 62 91 92 94
4 6 7 8 17 23 25 33 34 43 44 45 58 67 81 92 99
5 24 28 30 35 54 55 65 66 80 85 86 87 88 94 96
6 10 11 14 16 17 27 28 29 35 37 53 54 60 69 77 82 83 85 86 93
7 9 10 12 19 26 33 36 40 48 60 63 64 74 76 92
8 24 29 32 33 39 41 43 49 53 54 57 63 65 77 86 91 93 96
9 10 11 13 15 20 29 38 45 46 50 51 56 64 68 73 74 76 80 87 95 96 99
10 14 15 19 21 28 31 33 39 40 51 55 56 60 62 68 78 85 89 90 95 97 98 99
11 13 16 20 25 37 46 47 48 50 54 56 58 61 68 75 84 89 93
12 20 22 24 31 33 43 47 49 52 56 60 61 62 68 92 99
13 17 19 24 26 30 35 36 53 55 58 59 61 63 66 76 87 88 89 92 94
14 25 27 28 32 34 41 47 50 59 61 63 73 87 88 92 94 99
15 21 29 36 37 46 48 49 53 54 57 61 71 77 88 97
16 26 31 34 39 45 47 59 64 68 69 77 82 87 88 94 97 98
17 20 23 29 31 32 40 46 52 60 63 66 69 71 76 79 90 91 96
18 20 22 23 24 26 32 33 34 40 47 51 54 63 71 79 80 83 86 91 92 96
19 22 26 29 30 40 45 55 56 59 75 82 93 96 99
20 28 29 32 41 44 46 48 50 51 59 61 65 67 73 77 80 81
21 23 26 27 28 29 34 40 50 51 62 63 66 67 69 73 76 82 83 90 95 99
22 23 26 28 31 41 45 47 57 64 65 68 70 79 87 88 93
23 41 48 49 52 53 54 56 59 67 68 70 73 88 95 97
24 25 31 33 35 39 41 43 44 48 52 60 70 76 79 81 84 91 92
25 29 30 36 37 42 49 66 69 75 83 84 85 88 95
26 40 42 46 48 52 64 70 71 77 82 90 93 94 95
27 28 38 47 54 55 63 66 67 75 84 97 98
28 40 44 50 55 70 73 75 78 82
29 30 36 37 41 53 67 71 80 91 92 93 99
30 34 38 40 46 58 60 67 77 90 92
31 34 35 40 41 44 45 58 71 75 76 81 82 89 90 92 98
32 33 34 35 39 40 43 61 66 67 71 74 75 91 99
33 39 41 48 54 59 60 65 67 73 87 89 90
34 35 36 37 38 44 50 53 58 59 66 75 79 80 83 84 85 97 98
35 37 38 39 43 46 51 55 56 63 65 67 77 78 79 81 86 87 90 92 95
36 39 41 47 48 49 51 56 64 67 69 72 73 75 85 93
37 38 42 45 47 50 68 80 81 82 91 95 98 99
38 51 56 61 69 71 74 77 88 90 92 95 99
39 40 41 47 54 62 74 86 88
40 41 49 53 57 66 77 89
41 46 54 56 60 75 76 80 82 88 91 94 98
42 45 54 60 63 72 82 83 84 88 89 92
43 45 57 61 64 66 69 70 71 88 89 97
44 50 51 63 69 70 73 75 89 90 91 94 95
45 50 58 59 60 65 69 70 73 77 81 87 88 94 99
46 64 68 71 73 75 81 82 87 88 92 94 95 96 97 99
47 51 55 56 66 72 73 77 84 87 93 98
48 49 52 57 58 60 62 63 69 71 74 75 78 80 91 96
49 54 58 61 65 71 73 76 77 79 87 88 92 97
50 60 68 78 80 81 87 90
51 52 61 63 71 73 77 81 83 87 95 96
52 55 62 76 82 83 89
53 62 87 92 98
54 56 60 62 65 76 77 87 90 96 97 98
55 57 58 59 75 80 84 86 92 94 96 99
56 57 59 60 61 62 63 80 86 92
57 58 59 64 66 67 69 76 77 84 86 87 93
58 59 61 64 65 68 70 79 87 89 91 99
59 63 66 67 74 75 96
60 61 63 64 65 67 76 77 79 85 87
61 63 68 74 80 82 83 85 91 96
62 75 77 78 80 82 85 86 88 90
63 64 65 68 69 74 76 78 85 89 90 91 97 98
64 68 75 88 91
65 66 69 71 72 74 79 81 82 87 93 95 97
66 67 73 89 90 94 96 97
67 73 74 75 80
68 72 73 79 83 85 89
69 72 77 82 87
70 85 87 91 97
71 74 89 90 93 95 98 99
72 75 77 78 82 83 95 96
73 76 79 87 93 98
74 78 81 82 86 87 93
75 77 96
76 82 99
77 82 87 91 95 99
78 79 81 82 84
79 80 81 82 83 86 90 99
80 82 83 84 90 93 96 98
81 83 86 89 97
82 83 84 87 92 96 98
83 84 86
84 88
85 86 89
86 96 97 99
87 89 92 98
88
89
90 93 96
91
92 94
93
94 98 99
95 98
96 98
97
98
99

!84