#RandomGeneratorGraph.py
# GMT Sat Apr  8 15:17:24 2023
# 
0 1 2 3 4 5 6 7 11 12 13 15 16 17 18 19 20 22 23 24 25 26 27 28 29 30 31 32 34 35 36 37 39 40 41 43 44 45 48
1 2 3 4 5 6 7 8 10 11 12 13 14 15 16 17 18 20 21 23 24 25 26 29 30 31 32 33 34 35 36 37 38 39 41 42 43 45 46 47 48
2 3 4 5 6 7 10 11 12 13 14 15 16 19 20 21 22 23 24 25 26 27 28 29 30 31 32 34 35 37 38 39 40 41 43 44 45 48 49
3 4 5 6 7 8 9 11 12 14 17 18 19 20 24 25 26 27 28 29 30 31 33 35 36 37 38 39 40 42 43 45 47 48 49
4 5 7 8 9 10 11 14 16 19 21 22 24 25 27 28 29 31 32 33 36 37 38 39 40 41 42 43 44 45 46 47 48
5 6 7 8 9 10 11 13 14 15 16 17 18 19 20 21 22 23 24 25 27 28 29 30 31 32 33 34 35 36 37 38 39 40 41 42 43 44 47 48 49
6 8 9 12 13 14 15 17 18 19 20 21 22 25 26 27 28 29 31 32 34 35 36 38 41 42 43 44 45 46 47 48 49
7 9 10 12 13 14 15 16 17 18 19 20 21 22 23 24 26 27 28 29 30 31 32 33 34 35 36 37 39 40 41 42 43 44 45 46 47 48 49
8 10 13 14 16 17 18 19 22 24 26 28 30 31 32 34 37 38 39 42 44 45 47 48 49
9 10 11 12 13 14 15 16 17 18 19 20 22 23 24 25 27 28 29 30 31 32 34 35 36 37 38 39 40 41 42 44 45 46 49
10 11 12 13 16 17 18 19 20 21 22 23 24 25 26 28 30 31 32 34 35 36 37 38 39 40 41 42 43 45 46 47
11 13 14 15 16 17 18 20 21 22 24 25 26 29 30 31 32 33 35 36 38 39 41 43 44 45 46 47 48 49
12 13 15 16 18 20 21 22 23 24 26 27 28 29 30 32 33 35 36 39 40 41 43 45 46 47 49
13 14 17 18 19 20 21 22 24 25 26 27 30 31 32 33 34 35 36 37 38 39 40 41 42 43 44 45 47 48 49
14 15 16 17 18 19 20 21 23 24 26 27 28 29 30 31 32 33 34 35 36 39 40 41 43 44 45 46 47 48
15 16 17 18 20 21 23 24 25 26 28 29 31 32 34 36 37 38 39 41 44 45 46 47 48
16 17 18 19 21 22 23 25 27 28 29 30 31 34 35 37 39 40 41 42 43 44 45 47 48 49
17 18 20 21 22 24 25 26 27 28 29 31 32 33 36 37 40 42 43 44 45 46 47 49
18 21 23 25 26 27 28 29 31 32 33 35 36 37 38 41 42 43 44 45 47 48 49
19 20 22 23 24 25 28 30 31 33 34 35 37 38 39 41 43 44 46 47 49
20 21 22 24 25 26 27 28 29 31 32 33 34 35 36 37 38 40 41 42 44 46 47 48 49
21 22 23 24 26 27 28 29 31 32 33 34 35 36 37 38 39 41 43 45 46 47 48 49
22 23 24 25 26 27 28 30 31 32 33 34 35 39 40 42 44 45 46 47 48 49
23 24 25 26 27 28 29 31 32 33 34 36 37 38 39 40 41 42 43 44 46 47 48
24 25 26 27 28 29 31 33 34 35 38 41 46 47 48 49
25 26 27 32 33 36 38 39 40 43 45 46 48 49
26 27 28 30 31 32 33 34 35 36 37 38 39 40 41 43 44 47 48 49
27 28 29 30 31 32 33 35 36 37 39 41 42 43 44 45 46 48 49
28 29 30 31 32 33 34 35 36 37 38 39 41 43 46 47 48 49
29 30 31 32 33 34 35 37 39 41 42 43 44 46 48
30 31 32 35 36 38 39 41 42 43 44 45 46 47 49
31 32 33 34 35 36 37 39 40 41 42 43 44 45 46 47 48 49
32 34 35 36 37 38 39 40 42 43 45 46 47 48 49
33 34 35 36 37 38 40 41 43 44 45 46 49
34 35 36 37 38 39 40 41 42 43 44 45 46 47 48
35 37 38 39 40 41 42 43 44 45 49
36 37 38 39 40 42 43 44 46 47 48 49
37 38 39 41 42 43 45 48
38 39 41 42 44 45 46 47 48 49
39 40 42 43 45 46
40 42 43 45 46 47 48 49
41 42 44 46 47 48 49
42 43 44 46 47 48 49
43 44 45 46 47 48
44 45 46 47 48 49
45 46 47 48 49
46 47 49
47 49
48 49
49

!46