#RandomGeneratorDifficultGraph.py
# GMT Tue Jul 18 12:47:41 2023
# 
0 5 7 8 9 10 11 12 13 14 15 17 18 19 21 24 25 28 30 35 39 40 42 44 45 46 47 48 50 54 55 56 57 59 60 61 62 64 65 67 68 71 72 75 76 77 78 79 80 81 82 86 89 90 97 99
1 4 5 8 9 11 17 19 20 21 23 24 28 29 30 31 32 33 36 39 40 41 42 43 45 46 47 49 51 58 61 64 65 66 68 69 70 73 76 77 79 80 81 84 85 86 87 89 91 93 94 95 96 98 99
2 4 5 7 9 10 16 17 19 21 22 23 24 25 30 31 32 34 35 39 40 43 45 46 48 49 50 52 53 55 58 60 62 63 64 65 68 70 71 72 74 76 77 78 80 84 85 89 90 95 96 99
3 6 9 10 13 16 18 19 23 25 26 28 29 30 31 32 36 37 39 41 42 43 45 46 47 49 56 57 58 61 62 63 65 66 67 68 69 71 75 76 79 80 81 82 85 90 91 92 96
4 6 9 13 14 16 21 22 25 26 27 30 33 34 35 36 39 42 46 48 49 50 51 52 54 55 58 62 65 70 71 74 76 80 83 84 87 91 92 95
5 6 7 8 12 13 14 16 17 19 21 22 23 26 28 29 30 34 35 36 37 39 42 44 46 49 50 53 54 55 57 58 59 60 61 62 63 65 67 68 69 71 72 73 75 77 78 81 82 84 88 91 92 93 94 95 96
6 7 11 12 14 17 18 19 21 22 24 26 27 28 29 31 32 33 34 36 37 38 39 42 43 44 45 48 50 51 52 54 59 60 62 64 68 69 70 71 73 75 78 79 81 84 88 89 91 92 93 95 97
7 8 9 12 14 15 19 21 22 23 26 28 30 31 33 35 37 38 41 43 44 47 50 51 52 55 56 57 60 62 63 65 71 75 76 79 80 82 83 84 85 87 88 92 94
8 9 10 11 12 14 15 17 18 19 21 24 25 26 27 28 29 30 31 32 33 34 37 38 39 42 43 44 46 47 50 51 54 56 63 65 66 67 68 69 72 75 78 79 82 83 84 85 86 88 92 94 95 96 97 98 99
9 10 12 14 17 18 19 20 21 24 25 27 28 31 32 34 37 39 40 41 43 44 46 47 48 50 51 56 57 58 61 62 63 64 65 66 70 71 73 74 75 77 83 84 88 90 93 95 98 99
10 14 15 18 20 21 23 27 29 30 32 37 41 42 45 48 49 51 52 54 55 57 58 62 63 64 65 66 67 68 70 73 74 77 78 80 81 83 84 88 89 91 92 94
11 12 13 14 15 16 20 21 22 24 25 26 29 30 31 37 39 45 52 54 61 63 65 67 68 69 70 76 78 85 86 87 90 91 94 96 97 99
12 13 15 17 18 19 24 26 27 28 30 33 34 35 36 37 38 39 41 46 47 51 52 53 54 55 56 58 59 60 62 65 69 71 75 78 86 87 93 95 97
13 15 16 17 18 20 23 24 25 31 32 34 35 38 39 41 45 47 48 51 53 55 57 58 59 61 62 63 64 65 67 68 69 71 74 77 78 79 81 82 83 90 91 92 93 95 96 97 98
14 17 19 23 24 25 26 27 31 33 37 39 40 41 42 43 46 50 53 58 60 63 64 65 66 67 68 69 70 77 80 83 86 88 89 90 91 92 93 95 97 99
15 17 21 23 27 28 29 33 37 38 40 42 43 46 47 49 53 57 58 59 61 63 66 73 76 79 80 82 83 85 86 89 92 93 94 95 96
16 18 19 22 23 27 28 32 38 39 40 42 44 47 49 52 56 59 60 61 62 63 66 67 68 69 73 74 75 77 78 79 81 82 86 87 89 90 92 93 94 97 99
17 18 19 25 27 29 30 31 33 35 36 37 38 39 40 45 46 48 49 50 51 52 53 54 56 57 58 61 62 63 65 68 69 70 71 72 75 76 78 82 83 84 87 88 89 90 91 92 95 96 98 99
18 20 22 23 25 27 28 30 32 33 35 36 37 38 41 47 49 52 55 56 57 60 62 63 64 66 68 70 75 76 78 80 81 82 84 85 87 89 90 97 99
19 21 22 24 26 27 29 31 33 39 42 43 45 47 50 52 54 55 61 63 64 68 69 71 72 75 76 77 79 80 81 82 86 95 96 98 99
20 21 23 24 25 26 27 32 33 35 36 37 38 40 43 47 48 49 50 56 58 60 62 65 67 68 69 70 71 74 75 76 80 83 88 91 92 94 95 97 98 99
21 23 24 28 29 30 31 33 36 41 42 43 48 50 51 52 53 57 58 59 61 65 66 67 69 70 71 72 74 75 76 80 83 84 88 89 91 94 95 98 99
22 23 24 29 30 32 33 34 37 39 41 44 45 46 53 54 55 56 57 59 62 63 64 67 68 69 74 75 76 79 81 83 84 85 86 88 89 92 93 94 95 98 99
23 24 31 32 37 39 43 44 46 47 48 51 52 53 57 60 62 63 65 66 70 72 73 74 75 76 78 79 80 81 82 83 85 86 87 88 91 93 94 95
24 25 30 32 33 34 35 36 37 43 45 46 47 48 49 53 54 55 56 58 60 61 62 64 65 66 67 72 74 75 76 78 79 81 82 83 84 86 87 91 92 95 98
25 26 27 28 29 31 32 36 37 38 43 44 47 53 55 57 58 59 60 62 63 65 70 71 72 73 74 80 82 85 86 90 93 95
26 27 29 30 33 35 36 38 40 41 43 44 46 48 51 52 53 55 56 57 59 61 67 68 71 73 78 80 81 82 85 86 87 88 92 97 98
27 28 30 33 35 39 41 48 49 53 55 58 63 64 65 66 67 70 71 72 76 79 80 81 82 83 84 85 87 91 92 93 95 96
28 33 37 39 42 43 44 47 51 55 61 63 64 67 69 71 72 75 76 78 80 82 83 86 87 92 93 97 98 99
29 32 33 35 37 38 39 40 45 48 49 52 54 55 57 61 62 64 65 71 73 74 75 77 80 81 82 83 84 86 88 92 94 97 99
30 31 32 34 38 39 40 43 44 45 46 48 49 50 52 53 55 58 60 61 64 65 67 69 71 73 81 82 83 84 85 87 89 90 91 92 93 98
31 32 33 36 38 39 41 44 45 46 47 49 50 51 56 57 58 59 63 65 66 67 70 73 74 76 79 80 82 83 86 87 90 93 94 96 97
32 34 35 38 39 41 44 45 50 51 52 53 54 55 56 57 62 64 65 68 69 71 73 74 75 78 79 80 82 83 85 87 89 90 92 95 96 97 99
33 34 35 38 40 41 42 43 44 48 50 51 52 53 54 55 58 61 62 63 64 65 66 67 69 70 74 76 77 78 80 81 83 86 87 88 91 93 96 98 99
34 36 39 40 42 46 49 54 56 57 60 61 62 63 65 66 69 71 73 75 76 79 80 81 83 86 87 90 91 96 98
35 36 37 38 39 40 41 43 44 45 47 50 51 56 58 60 62 64 66 67 68 70 71 73 74 75 76 78 82 83 88 90 91 92 95 96 97
36 37 39 44 45 46 49 50 51 54 55 57 58 59 60 62 63 66 68 69 71 72 74 80 82 83 85 86 88 89 90 91 93 95 97 98 99
37 38 39 43 44 46 47 48 49 51 52 55 56 58 59 62 63 64 66 67 68 69 70 71 74 76 77 79 80 81 82 83 85 86 87 88 89 97
38 39 42 43 49 50 52 53 55 57 58 59 61 62 68 69 70 73 75 76 77 79 81 83 86 88 89 90 91 93 94 96 99
39 42 46 47 50 51 52 54 56 60 61 66 67 68 69 70 75 76 77 80 83 84 86 87 91 92 93 94 97 98 99
40 41 45 47 52 57 59 62 63 65 66 67 68 69 72 75 77 80 81 82 84 85 86 88 90 91 92 93 95 96 98
41 43 45 47 49 52 57 59 60 61 62 67 68 70 71 74 76 77 78 80 83 84 86 92 97
42 46 47 48 52 54 57 59 62 63 64 65 69 71 74 75 77 81 82 83 84 87 88 90 92 94 99
43 44 45 47 48 49 50 51 52 53 54 56 57 59 60 61 65 66 67 68 72 73 75 79 80 83 86 90 91 92 94 96 98 99
44 45 46 51 65 67 70 71 72 73 76 77 82 84 86 87 93 95 96 99
45 46 47 48 52 53 57 60 62 64 67 69 72 74 79 80 81 82 84 88 89 91 93 98 99
46 48 51 52 53 56 60 61 67 68 70 73 74 75 76 80 82 93 94 95 97 98
47 49 52 64 65 68 69 72 74 75 78 81 82 83 88 89 90 91 92 95 97 99
48 49 50 51 52 53 55 56 60 62 63 64 67 68 69 72 73 76 80 82 83 86 87 88 89 90 91 93 95 97 99
49 51 55 56 63 64 65 66 67 74 76 78 79 84 86 87 94 95 97 98 99
50 52 53 55 58 60 61 62 68 69 71 72 76 80 81 83 84 85 87 90 91 92 96 97 98 99
51 52 53 55 56 59 60 61 64 66 67 69 70 73 74 76 78 79 82 83 84 88 90 92 93 98
52 53 55 56 59 61 63 66 67 70 71 72 73 74 75 77 79 86 87 88 93 94 95 98
53 54 55 58 59 60 61 63 65 66 67 68 70 72 73 74 77 78 80 81 85 87 88 89 90 92 97 98 99
54 55 56 58 60 64 68 69 72 74 79 81 83 84 86 88 89 91 92 95
55 57 58 59 61 63 64 70 74 79 80 81 82 85 86 89 90 91 92 93 94 95 97
56 57 59 60 62 63 64 65 68 69 76 78 79 80 83 84 85 91 92 96 97 98 99
57 60 61 62 65 67 68 69 74 77 78 80 81 82 83 85 89 91 92 96 97 99
58 60 62 63 65 70 74 75 76 78 80 81 83 84 86 88 89 90 92 93 99
59 60 61 63 65 67 68 70 73 76 78 83 84 85 86 87 88 89 92 94 96 99
60 61 62 67 69 71 72 74 75 78 79 80 82 85 86 89 91 93 94 95 98
61 66 67 72 73 78 79 80 83 87 89 90 94 96
62 64 65 66 67 69 72 74 75 77 78 79 81 82 84 85 87 88 89 91 92 93 95 96 97 98
63 64 66 68 71 73 74 75 76 79 86 89 90 91 92 93 94 95 99
64 65 69 73 74 78 79 80 86 88 90 91 92 94 96 97 98
65 67 68 73 74 76 78 80 82 83 84 85 86 87 90 92 98 99
66 67 69 71 78 80 81 82 83 85 87 88 89 90 92 94 95 96 99
67 68 73 74 78 79 81 82 83 85 86 89 93 94 96 97 98 99
68 69 70 72 74 77 78 80 81 82 83 85 86 88 89 90 92 93 94 95 96 97 98 99
69 70 71 72 80 81 83 84 86 90 91 92 93 95 97 99
70 71 72 73 75 76 77 78 79 81 83 90 92 94
71 72 73 74 75 78 80 86 88 90 93 94 95 97 98 99
72 74 75 78 79 87 88 89 92 94 96 97
73 74 79 81 84 85 87 89 90 92 93 94 96 97 98
74 76 79 82 83 85 87 88 89 90 91 94 97
75 76 78 80 81 82 84 85 87 88 91 92 93 99
76 83 84 86 90 94 95 97 99
77 78 82 85 87 93 94 97 98 99
78 79 80 87 88 91 92 93 94 95 96 97 98
79 80 81 83 86 87 90 91 92 94 95 96 97
80 82 85 86 87 88 93 97 99
81 82 83 85 87 88 92 95 97 99
82 83 85 86 87 88 90 93 96 98 99
83 84 89 92 95 97 98 99
84 85 87 92 93 94 96 97 98
85 90 91 92 93 94 95 96 97 98
86 88 89 91 92 95 97
87 89 91 92 94 96 97 99
88 91 92 94 97 98 99
89 92
90 91 92 93 95 96 99
91 93 95 96 97 98
92 94 95 96
93 94 96
94 96 98
95 98 99
96 97
97 98 99
98
99

!91