#RandomGeneratorDifficultGraph.py
# GMT Tue Jul 18 09:41:40 2023
# 
0 2 4 6 11 12 14 15 16 20 22 23 24 25 26 27 28 29 32 35 37 38 39 43 44 46 47 48 49 51 52 53 54 56 57 58 60 62 63 64 67 68 69 70 74 75 78 79 80 82 83 85 86 88 90 91 92 93 95 96 99
1 2 7 9 10 11 12 13 15 18 19 22 23 24 27 29 30 32 33 34 36 37 39 41 43 47 48 50 51 52 53 54 55 56 57 60 64 65 66 67 69 73 75 79 81 82 84 85 86 88 89 90 91 92 93 94 95 96 99
2 4 5 7 11 12 13 14 16 18 21 23 24 26 27 28 29 31 35 37 38 41 44 45 47 49 50 55 56 60 62 66 67 69 71 72 73 75 77 80 81 82 83 84 85 88 89 92 93 99
3 5 6 7 8 9 10 11 12 15 16 21 22 24 25 27 28 31 32 33 35 36 37 41 42 43 44 46 49 50 51 58 59 61 64 68 69 70 72 73 75 78 84 87 88 89 90 91 92 93 94 96
4 7 8 9 10 12 13 15 18 19 20 22 23 27 28 29 31 32 33 35 36 37 38 41 43 47 50 51 52 54 55 58 61 62 63 64 65 68 69 70 71 72 73 74 75 76 78 79 82 84 85 87 89 90 91 94 95 99
5 12 16 17 22 23 24 27 29 30 35 37 38 39 41 43 44 45 47 49 50 52 53 54 55 58 59 61 63 65 68 69 70 71 73 74 75 76 77 78 79 82 84 85 86 87 88 90 91 92 93 94 95 96 97 98
6 7 9 11 12 17 18 19 22 23 25 26 33 34 36 38 42 44 45 48 50 53 54 55 56 58 59 61 62 66 67 69 70 73 75 77 78 82 87 88 89 90 91 95 96 99
7 8 10 11 12 15 16 17 18 19 20 21 24 25 26 27 28 29 31 34 36 37 38 41 42 45 47 48 49 51 52 54 56 59 60 61 62 64 65 66 68 69 70 71 72 73 74 75 78 80 81 82 83 84 85 86 87 88 89 90 92 93 94 95 96 97 98 99
8 12 13 14 15 21 22 23 24 25 26 27 29 30 32 34 35 36 37 39 42 43 49 52 54 57 58 60 61 64 65 66 68 70 72 76 77 79 80 81 82 84 86 89 90 91 92 93 95 96 98 99
9 10 11 12 14 16 18 20 21 23 24 26 28 29 32 33 34 36 37 38 39 40 42 45 46 47 48 49 50 56 58 63 65 66 67 70 71 72 75 77 78 80 81 84 86 87 88 89 90 91 93 94 95 96 97 99
10 11 12 13 14 16 17 18 19 20 24 25 26 27 30 31 35 39 41 48 49 50 54 56 57 60 62 63 64 66 71 74 76 78 79 81 83 84 87 88 89 90 91 93 94 97 98 99
11 12 13 14 15 17 18 19 22 26 28 30 32 34 35 36 37 38 39 40 41 45 46 47 48 49 50 52 53 54 56 57 58 59 63 64 66 67 71 75 76 78 79 80 88 90 91 93 95 96 97 98 99
12 13 14 17 19 20 21 24 25 26 27 28 30 31 32 33 35 36 38 40 41 45 48 49 50 51 52 53 54 55 56 57 61 62 63 65 66 67 68 69 70 73 74 77 78 79 80 82 83 85 87 88 89 90 91 92 93 96 97 99
13 15 16 17 18 19 20 21 22 23 24 25 26 27 28 29 30 32 33 36 39 41 42 43 45 49 50 51 52 53 55 57 58 61 63 64 65 66 67 69 70 71 73 79 80 82 85 87 88 89 90 92 95 97
14 15 17 19 20 22 24 25 26 28 29 30 31 32 36 41 44 45 51 53 55 56 57 60 61 63 64 65 66 70 72 77 79 80 82 85 86 87 88 92 94 95 96 97 98
15 16 17 18 25 26 27 29 33 34 35 36 37 38 39 40 42 43 45 46 47 48 49 50 51 52 56 57 58 59 62 64 65 66 68 69 70 71 72 73 74 77 79 80 81 82 83 84 85 86 87 88 89 90 91 92 95 98 99
16 20 21 22 23 26 27 28 31 32 34 36 37 39 40 42 44 46 47 48 51 52 53 56 58 59 60 63 65 68 69 70 71 72 73 74 77 79 80 83 84 88 89 91 93 94 95 96 97 98
17 19 20 21 22 24 26 29 31 32 33 38 40 41 44 47 48 49 50 51 53 54 55 56 60 61 63 66 67 70 71 72 74 76 78 79 80 83 84 86 87 92 93 95 97
18 19 21 23 24 26 29 33 34 35 36 37 38 40 41 44 46 47 48 49 51 53 56 57 58 59 60 63 65 67 70 71 72 73 75 76 78 80 82 84 85 87 88 89 90 91 92 93 96 97 99
19 21 22 23 24 27 30 32 33 36 37 40 42 43 44 45 46 47 49 51 52 54 56 57 58 59 61 65 66 67 68 69 70 76 77 78 79 80 81 82 84 85 87 89 90 91 92 93 96 97 98 99
20 21 23 24 26 27 28 30 31 34 35 36 37 38 39 40 41 43 46 47 48 49 50 51 53 54 55 56 58 59 60 61 62 64 68 71 73 75 76 77 78 81 82 83 85 86 87 88 90 91 92 93 94 95 97 99
21 22 23 24 28 29 30 31 32 35 37 38 40 41 43 44 45 46 47 49 51 52 53 54 55 56 57 58 59 61 62 63 64 65 66 67 68 69 70 71 77 78 80 82 86 87 89 90 91 93 94 95 96 97 99
22 25 26 27 29 30 32 34 35 37 38 39 40 41 43 44 45 46 48 51 52 54 55 61 63 64 70 71 72 73 75 79 80 81 82 84 85 86 87 88 90 92 93 95 96 97
23 24 25 26 27 29 31 32 33 34 38 39 40 44 46 47 48 52 53 54 55 56 59 60 66 67 68 70 73 74 76 77 83 84 85 86 87 88 92 93 94 95 96 97 98
24 26 28 29 30 31 32 33 34 35 36 38 40 42 43 44 45 46 48 49 52 53 55 56 59 60 61 62 63 65 66 67 68 69 72 75 77 78 79 80 81 82 85 86 87 90 91 92 94 95 96 97 98
25 26 28 29 30 31 32 33 35 36 37 39 41 43 45 47 48 49 52 56 60 64 65 66 67 69 72 73 75 77 80 81 85 86 87 88 89 90 93 94 96 99
26 28 29 30 34 35 37 38 39 41 42 44 45 46 47 49 50 51 54 56 57 59 60 63 64 65 66 67 69 70 71 72 73 74 75 76 77 78 79 80 81 82 83 84 85 86 87 92 96 97 98
27 29 30 36 37 40 42 43 44 47 48 49 51 52 54 55 57 60 61 62 63 65 66 67 68 70 71 73 74 75 76 77 78 79 80 83 87 88 90 91 92 93 95 96 97 99
28 29 30 32 33 35 38 39 43 44 45 51 52 53 54 55 59 60 61 67 68 71 75 77 83 84 85 86 89 92 97
29 31 34 35 36 37 38 41 42 50 51 52 53 55 56 57 59 60 64 65 66 67 70 72 74 77 79 82 85 89 91 92 96 99
30 31 32 34 37 38 40 41 43 44 45 46 48 51 53 54 55 57 61 62 65 68 69 70 71 74 75 76 78 81 83 84 85 86 87 88 89 92 96 97 98 99
31 33 36 37 38 39 40 41 42 44 45 46 47 49 51 53 54 56 57 59 60 61 62 63 65 67 68 69 71 72 74 75 76 77 78 79 82 83 85 87 90 92 94 96 98 99
32 34 35 36 37 38 39 41 44 47 50 52 54 55 56 59 62 63 64 65 66 67 68 70 71 72 73 75 76 77 78 79 80 81 83 85 86 87 89 90 91 93 95 97 98
33 35 37 38 42 43 44 45 47 48 49 51 52 53 54 55 56 57 62 64 65 68 70 72 75 77 78 79 80 83 85 86 87 89 90 91 92 93 95 96 97 98 99
34 35 36 37 38 39 40 41 42 43 46 48 49 50 51 52 55 57 60 61 62 64 65 66 67 68 70 71 73 74 77 78 79 81 83 84 85 86 88 89 92 93 95 97 99
35 37 39 40 41 42 43 45 46 48 50 51 55 56 58 59 61 62 63 64 67 69 70 71 73 75 76 80 83 85 87 88 89 90 91 92 94 96 97
36 38 42 43 44 45 46 50 52 53 54 55 56 58 61 62 65 66 67 68 69 70 71 75 77 78 80 82 84 85 86 87 88 90 91 94 95 96 97 98 99
37 38 39 40 41 42 43 45 48 50 51 52 53 56 58 60 61 62 63 65 67 68 71 73 74 76 77 80 81 82 83 84 88 89 90 92 95 97 98 99
38 39 40 41 42 44 45 46 47 48 49 50 51 52 53 54 56 57 58 59 62 65 67 68 69 70 71 74 76 78 82 83 84 85 86 87 89 90 92 94 95 96 97 98
39 40 42 43 45 46 48 49 50 51 52 53 55 58 59 60 61 62 63 64 65 68 70 71 72 74 75 76 77 78 79 80 82 84 87 88 89 90 91 92 93 94 96 97
40 42 43 44 47 49 50 51 53 54 55 56 57 60 61 63 65 66 70 73 74 75 76 77 79 80 81 82 83 84 86 88 89 91 92 93 94 96 99
41 42 44 45 46 50 51 53 54 55 56 57 60 61 63 64 65 66 67 68 69 71 74 79 82 84 86 87 88 89 93 94 95 97 99
42 43 45 47 50 53 55 56 57 58 59 60 62 63 68 70 72 73 74 76 77 78 79 82 83 84 85 86 87 90 92 95 96 97 98
43 44 45 48 49 50 51 52 53 54 56 59 61 62 63 65 66 67 69 70 71 72 73 74 75 77 83 87 91 93 94 95 96 98
44 46 48 53 54 56 57 58 67 68 69 70 72 74 75 77 78 79 80 84 85 86 87 88 89 90 91 92 94 95 96 97 99
45 46 47 48 50 52 53 56 58 62 63 65 66 67 68 70 71 73 74 77 78 80 82 83 86 88 89 90 92 93 94 95 96
46 47 49 50 52 54 57 58 60 61 62 64 65 68 70 72 74 75 79 80 81 82 83 84 85 86 88 89 90 91 92 95 96 99
47 48 50 51 52 57 58 60 61 63 72 73 74 77 79 80 82 83 84 85 86 90 92 96 98 99
48 50 51 52 53 55 56 57 58 59 61 66 67 69 72 73 77 78 79 80 81 82 83 85 87 88 91 93 94 95 97 98 99
49 50 52 54 55 58 59 60 62 63 64 65 66 68 72 74 77 79 81 82 85 87 94 97
50 53 55 56 59 63 64 66 70 71 73 78 82 83 87 88 90 91 92 96 97 98 99
51 53 54 57 58 59 60 62 63 65 66 69 71 75 76 79 80 82 84 85 86 88 89 90 93 94 96 98
52 54 55 61 64 65 66 67 68 69 70 72 73 75 77 78 79 80 83 84 88 89 90 91 93 94 96 97
53 54 56 59 60 61 64 66 68 69 70 71 72 73 74 75 77 81 83 85 86 87 89 90 92 93 94 97 98 99
54 55 58 59 61 64 68 69 70 71 74 75 76 77 78 81 85 86 87 88 89 90 91 93 95 98 99
55 57 59 60 61 62 64 65 66 67 71 72 73 74 75 77 78 79 80 81 83 84 86 87 88 89 91 92 94 95 96 97 98
56 59 62 67 69 70 73 74 75 76 77 80 81 84 85 87 90 91 92 93 95 96 99
57 62 63 64 67 68 69 71 73 75 76 77 78 79 80 82 83 85 86 87 90 91 92 93 95 97 98 99
58 59 60 64 65 66 68 69 70 72 74 75 76 77 78 79 82 84 87 88 89 90 92 94 95 96 99
59 62 63 64 65 66 67 68 70 71 74 75 77 79 83 84 87 88 89 93 94 95 97 98 99
60 62 63 64 65 68 70 73 74 76 78 79 81 82 84 85 89 90 91 93 94 95 96 97 98
61 65 68 69 71 73 75 76 77 79 81 82 83 84 85 86 87 88 90 91 92 94 96 97 98 99
62 63 64 67 69 70 72 74 75 77 78 80 83 84 86 87 89 90 91 92 95 96 97 98 99
63 65 68 69 70 75 76 78 79 80 81 82 88 91 92 93 97 99
64 65 66 68 71 74 76 77 78 79 80 84 87 88 90 91 94 95 96 98
65 66 70 71 73 74 75 76 77 78 79 82 84 85 86 87 88 90 91 93 94 95 96 98 99
66 68 73 75 76 79 82 84 85 86 87 89 90 92 94 96 97 98
67 69 71 72 73 74 76 78 79 80 81 82 83 87 91 93 96 98
68 69 70 71 72 74 75 76 80 82 83 84 85 87 89 90 92 93 96 97 98 99
69 70 72 73 75 77 78 81 82 83 89 90 91 92 93 94 95 98 99
70 71 72 73 74 75 76 77 78 80 82 87 88 89 90 91 92 93 95 96 98
71 72 73 75 76 78 79 80 81 82 83 86 87 88 90 93 94 98
72 74 76 77 78 79 84 86 87 88 90 92 94 98 99
73 74 76 79 80 83 84 87 88 89 90 91 94 95 97 98 99
74 75 76 78 79 81 83 84 86 89 90 91 92 94 95 96 97
75 78 79 80 83 85 86 87 89 90 92 93 94 95 97 98 99
76 77 78 79 82 83 84 87 90 91 92 93 96 98
77 79 80 82 83 87 92 93 95 96 97 98
78 80 81 84 86 87 88 91 92 96 98 99
79 81 89 92 94 96
80 83 85 86 88 89 92 93 95 96 97 98
81 82 85 88 92 93 94 97 98 99
82 83 86 87 90 93 94 95 96 97 99
83 84 86 87 90 91 95 97 99
84 86 87 92 93 94 96 98 99
85 87 88 91 92 94 95 96 98
86 87 88 95 96 98 99
87 88 90 91 93 94 96 97 98 99
88 90 91 92 93 94 95 96
89 92 93 95 96 98
90 91 93 96 98 99
91 92 93 94 95 96 97 98
92 95 96 97 99
93 95 96 97
94 95 97 98 99
95 98 99
96 98
97 98
98 99
99

!92