#RandomGeneratorDifficultGraph.py
# GMT Mon Jul 17 14:33:58 2023
# 
0 1 2 4 6 7 9 10 11 13 18 23 24 25 30 31 35 37 45 47 57 61 63 69 70 74 76 77 80 82 84 85 89 90 91 92 95 96
1 2 4 7 8 11 13 15 16 17 20 25 28 31 37 38 42 43 46 50 53 60 63 68 75 82 83 90 93
2 7 15 30 31 33 34 37 40 41 42 54 57 58 60 66 67 68 69 70 75 78 80 82 84 97 99
3 6 10 14 17 20 22 25 34 35 39 48 49 50 54 55 61 66 69 73 76 79 83 84 87 89 90 91 95
4 5 6 7 11 25 26 29 33 36 43 45 49 53 55 57 61 62 64 65 72 75 81 83 85 87 91 92 93
5 10 12 13 14 17 23 24 34 46 50 53 56 59 60 62 65 66 67 68 74 78 79 87 93 96 98
6 7 9 16 29 30 31 34 36 37 38 39 44 48 50 54 56 67 68 75 76 77 78 79 80 81 82 83 86 90 98
7 8 10 12 15 20 22 27 28 32 33 34 39 40 41 44 45 48 49 51 55 57 67 70 71 74 75 76 78 79 80 81 88 90 92 95 96
8 15 16 17 18 21 23 27 28 32 39 42 50 51 54 56 58 59 61 63 72 75 83 87 94 95
9 16 20 23 31 32 37 39 41 42 43 46 50 53 55 58 61 63 67 68 72 73 75 81 82 83 85 88 90 94
10 11 14 23 27 29 30 31 33 35 37 38 40 45 52 58 59 60 65 66 69 72 74 85 89 91 92 97
11 14 17 18 21 22 25 26 30 31 34 38 47 49 52 55 56 58 63 72 73 74 77 78 79 82 83 89
12 14 16 22 23 24 29 31 34 35 37 39 44 46 47 48 49 50 54 56 60 63 69 71 72 75 77 81 83 92 93 94 95 96 99
13 16 17 22 29 32 35 36 37 39 43 49 51 57 58 59 63 66 67 69 71 86 87 88 90 91 93 96 97 99
14 20 23 24 26 28 30 32 34 36 40 42 45 51 52 54 56 58 64 65 72 73 74 76 78 90 95 96
15 16 21 24 25 26 31 34 35 36 43 46 55 58 61 62 64 65 68 71 73 77 82 85 86 87 88 89 91 92 97 99
16 21 23 24 25 29 30 31 32 34 36 40 46 48 49 50 52 56 57 61 67 77 79 82 83 88 95 96 97 99
17 18 20 25 26 27 29 32 34 37 41 44 46 49 52 54 58 63 68 70 72 74 75 76 78 81 82 91 93 94 99
18 21 22 25 27 29 30 33 34 37 41 43 45 53 58 64 72 79 80 81 84 87 89 92 93 96 97 98
19 22 23 26 27 29 30 31 32 35 36 37 43 45 47 57 58 61 62 65 70 71 72 74 78 82 87 96
20 22 26 27 28 30 31 32 33 36 38 41 43 44 46 49 55 56 63 66 75 79 87 88 89 91 94 96
21 26 30 32 36 42 46 54 56 62 67 69 70 72 74 76 78 80 83 86 89 90
22 24 28 29 32 36 37 38 49 50 53 57 61 64 65 70 75 80 85 90 91 98
23 25 31 35 37 40 42 50 51 54 57 61 66 68 72 76 83 85 95
24 25 28 32 38 46 55 57 58 62 64 65 67 72 73 78 80 83 86 89 93 94 96 98 99
25 27 30 32 38 40 41 42 45 47 48 49 50 51 52 62 68 69 74 75 77 78 81 82 84 85 88 90 96
26 32 33 36 39 44 45 49 53 55 63 80 81 83 91 93
27 33 36 38 40 42 43 45 46 52 55 61 64 67 80 89 90 95
28 30 32 39 43 47 50 51 56 63 65 67 69 71 80 81 86 91 92 94
29 32 37 40 44 46 48 52 53 54 56 65 67 70 73 76 77 82 83 84 86 87 93 95 98
30 33 35 36 37 43 44 46 47 48 54 58 64 66 67 69 71 74 77 81 84 91 93 97
31 34 36 40 41 42 46 49 54 56 71 78 92 97
32 36 37 43 45 46 49 51 56 60 70 74 76 78 83 85 88 90 92 94 96 99
33 34 36 43 48 50 52 54 55 56 63 70 72 75 81 84 85 87 88 91 92 95 97 98
34 38 49 54 55 62 79 80 81 83 87 88 89 90 91 92 94 95 97 98 99
35 37 39 40 41 44 47 48 52 57 59 62 65 69 70 72 75 78 81 85 87 91 94 97
36 41 44 46 49 51 54 56 57 80 82 84 86 89 93 98
37 45 47 49 52 56 64 65 69 74 75 85 87 89 90 93
38 43 44 48 53 59 60 64 77 80 84 87 94 96 97 98 99
39 49 50 51 52 55 56 58 65 66 67 69 73 79 82 85 89 91 96 99
40 44 50 53 55 58 61 70 71 83 89 91 94 96 97
41 45 47 56 60 63 70 72 78 86 87 88 89 92 94 95 98
42 45 48 52 53 54 61 62 64 67 77 81 85 89 93 95
43 45 46 48 50 56 60 64 68 74 78 86 87 91 93 96 97
44 50 53 69 70 72 75 82 84 88 89 92 95 96 97 98
45 47 50 52 55 65 77 80 87 90 96 97 98
46 51 55 57 65 66 67 68 69 71 78 80 82 86 87 93 96 99
47 49 51 58 63 65 66 71 73 75 80 82 83 90 91 93 95 98
48 49 52 55 59 63 68 69 70 75 81 83 84 86 91 94 95 97 99
49 59 60 62 66 67 68 77 79 84 86 90
50 51 52 54 56 58 67 74 77 79 86 87 88 89 91 93 94 98
51 52 53 56 58 62 72 83 84 88 92 97 98
52 54 55 56 57 61 62 68 69 71 72 74 76 77 78 80 85 87 91 92 93 97
53 60 66 69 73 76 78 88 89
54 55 57 60 62 63 67 68 72 73 75 78 85 91 92 96
55 58 59 63 67 69 71 77 78 82 85 86 88 96
56 57 59 60 61 66 68 72 78 79 87 88
57 60 64 68 79 86 87 88 89
58 59 60 63 65 67 70 73 76 79 86 99
59 61 62 68 69 70 80 86 87 88 93 94 95
60 61 68 69 70 71 74 75 85 86 88 90 92 95
61 66 67 72 80 83 86 93
62 64 65 67 68 69 74 76 79 83 91 97 99
63 65 67 68 69 71 75 78 80 82 90 95 97 98 99
64 68 72 73 74 76 78 84 88 93 97 98
65 66 74 78 79 80 83 84 87 88 90 95 96 98
66 67 70 73 75 76 81 83 84 87 88 92
67 71 75 76 81 87 88 89 92 93 95
68 69 72 74 75 78 79 86 89 93 96 97 98
69 72 88 93 97 98 99
70 71 73 78 79 84 88 89 92 94 95 96 97 98
71 72 73 74 76 77 78 82 83 88 89 94 95 99
72 73 74 78 82 84 88 93 98
73 82 84 85 88 94
74 75 81 87 91
75 80 85 86 89 98
76 77 81 91 92 93 94 95 98
77 78 81 87 90 91 92 96
78 82 90 91 92 99
79 81 82 84 85 89 91 92 96 98
80 82 96
81 84 90 91 93 94 98 99
82 84 93 94 96
83 85 86 88
84 85 89 92 97 98
85 86 89 91 93 95 97 99
86 93
87 88 94 95 96
88 89 91 92 94
89 90 94
90 93 95 97
91 93 99
92 93 94 95
93 94 96
94 98
95 99
96 99
97
98 99
99

!88