#RandomGeneratorDifficultGraph.py
# GMT Tue Jul 18 16:25:29 2023
# 
0 11 13 16 22 24 27 44 51 57 61 68 96 97
1 23 33 41 44 56 57 61 67 87 97 99
2 11 48 49 51 56 59 63 74 87
3 20 25 27 41 63 71 89
4 34 41 52 54 64 65 74 84
5 14 17 34 39 42 52 55 62 74 76 82 85
6 9 40 41 47 48 58 76 78 79 85 88
7 34 41 44 45 48 90 96
8 9 33 43 61 65 68 78 87 99
9 15 36 38 45 50 60 67 93
10 33 34 45 57 81 89 94
11 13 24 29 33 39 40 62 73 92 97
12 15 24 56 63 69 77 83 91 96
13 17 24 25 39 42 68 72 86 89 94 97
14 15 35 36 51 54 65 73 76 78 84
15 23 34 68 69 79
16 20 31 34 40 64 73 74 77 87 99
17 20 25 28 44 57 69
18 35 61 72 86 96
19 25 71 90 92
20 21 37 48 59 63 74 80 96
21 25 31 33 55 57 62 69 72 85 86 95
22 26 28 33 37 43 53 71
23 28 44 53 73 96
24 38 46 48 49 56 66 81 88 91 95 96
25 29 30 37 67 89 92
26 42 45 55 57 75 78 83 90 92
27 50 58 64 71
28 33 41 54 65 91
29 31 32 56 72 73 85 88 90 91
30 76 86
31 58 67 77 83
32 53 55 59 60 65 67 82
33 40 42 59 68 70 91 95
34 41 42 46 57 70 82 86 87
35 38 40 48 52 53 56 57 61 77 81 93
36 60 77 78 79 84
37 42 49 50 51 60 62 64 83 89
38 45 47 59 66 71 77 83 90 98
39 56 99
40 52 58 61 65 75 77 78 99
41 43 55 57 59 75
42 52 55 56 60 70 75
43 48 55 60 61 67 73 77 79 84
44 48 53 65 71 74 77
45 51 52 56 86 90 91
46 49 59 68 75 77 87 93
47 52 59 71 79 88
48 53 67 69 70 75 77 82 84
49 53 58 60 68 77 80 92 95 97
50 51 57 59 67 78 81 92 94
51 62 73 86 92 94
52 54 60 62 75 82 88 89 93
53 68 93
54 70 75
55 61 62 74 90 92
56 71
57 63 65 66 69 73 75 76 96
58 70 73 74
59 74
60 61 65 68 70 80
61 90 99
62 64 72 80 95
63 75 98
64 76 80 82
65 68 74 75 81 85 87 95
66 70 82 92 93 94
67 80 93
68 70 81 94
69 77 87 91 96
70 73 77 82 87
71 76 92 97
72 76 78 79 83
73 84 92 96
74 77 80 84 85 86 91 99
75 79 94
76 78 80 88 94 98
77 87
78 79 80 82 88 92 94
79
80 94
81 85 98
82 93
83 87 99
84 93
85 86 87 96
86 87 88 93
87 96
88 90 95
89 92
90
91 97
92 97
93
94
95 96 97
96 97
97
98
99

!74