#RandomGeneratorDifficultGraph.py
# GMT Mon Jul 17 14:33:57 2023
# 
0 3 11 13 15 17 25 27 29 30 31 33 36 38 40 46 48 49 57 66 68 71 73 79 80 87 91 96 97
1 2 4 6 9 13 14 15 18 22 23 29 30 38 43 44 48 49 50 53 57 61 66 71 74 75 76 77 84 87 88 91 92 95
2 3 4 5 18 26 35 36 40 52 54 57 58 59 61 62 63 67 72 79 80 81 89 91 98
3 6 9 10 11 15 19 22 31 34 36 39 40 41 46 52 53 54 57 59 60 61 62 68 79 82 88 91 93 96
4 9 10 12 15 20 21 24 31 32 34 37 41 43 49 50 53 61 64 70 76 80 83 85 88 93 95 96 97 98 99
5 12 15 16 22 24 33 34 41 48 51 52 53 56 59 62 64 66 69 71 73 83 85 88 92 95 96 98
6 15 17 19 21 22 24 25 32 36 38 43 47 49 50 51 52 54 59 63 68 71 72 73 75 78 87 93 98
7 11 12 13 17 25 26 27 34 37 38 42 46 52 53 55 56 59 61 64 76 79 82 85 87 97 99
8 11 14 18 22 29 30 32 35 38 39 48 55 65 68 80 81 82 83 87 91 92 93 95 98
9 10 16 24 26 29 32 34 40 41 42 44 51 52 54 56 58 59 61 63 69 70 71 72 74 75 78 79 83 88 93 99
10 12 15 18 25 26 34 36 37 42 45 48 49 55 58 73 75 76 77 86 88 89 97
11 20 28 29 31 40 46 47 48 49 54 57 58 61 67 69 72 77 79 83 94 95 97 98
12 15 17 18 24 25 28 32 33 35 40 44 51 52 53 55 56 59 60 62 68 69 74 76 79 81 86 88 93 95
13 15 16 17 20 28 30 35 38 40 41 42 43 45 54 57 61 66 68 69 73 78 79 80 81 83 86 88 92 94 97
14 15 16 20 24 27 32 34 43 44 49 51 64 65 66 69 70 71 83 85 88
15 16 20 24 30 31 36 38 39 43 45 46 48 52 58 60 61 64 66 75 77 82 83 84 91 92 93 96 97
16 18 19 22 26 32 34 42 43 44 45 46 51 58 68 69 76 77 89 90 91 94
17 19 23 26 28 32 34 37 39 44 46 50 54 60 66 67 69 73 74 87 90 97
18 19 20 26 35 37 40 46 47 52 57 59 68 70 76 81 82 84 87 89 93 98
19 20 30 34 35 36 39 40 45 47 49 53 57 61 69 73 77 78 79 83 90 91 93
20 21 22 23 28 29 30 31 36 37 38 41 42 43 50 52 54 59 66 68 82 83 85 91
21 25 27 30 32 33 36 37 38 40 42 49 51 53 54 73 75 77 84 87 90
22 23 30 44 46 56 58 59 66 68 83 85 86 91 93
23 24 25 27 28 31 32 33 36 38 41 42 46 48 49 55 58 64 65 69 70 75 81 83 86 87 89 90 92 97 98
24 25 26 34 36 38 40 45 51 54 61 65 73 77 79 81 85 91 93 94 95 96 97 98
25 28 29 32 33 52 59 62 63 67 69 72 73 75 77 81 83 84 89 91 98 99
26 30 40 44 45 53 58 63 64 71 75 78 83 84 88 90 91 92 94 95
27 31 32 33 35 36 40 41 45 48 49 50 53 57 65 66 67 71 75 78 82 94 95 97
28 29 42 43 44 48 51 52 58 63 64 70 73 76 77 79 84 85 89 91 93 97
29 30 35 43 44 48 49 51 52 53 57 58 59 63 67 68 69 70 71 72 78 80 82 84 86 97
30 36 38 39 40 41 47 54 58 60 61 67 70 72 75 78 81 88 90
31 32 39 42 47 48 50 62 75 77 79 80 81 85 86 90 91 99
32 34 35 41 43 51 55 58 59 62 64 65 66 67 68 84 88 92 93 94 95 98 99
33 34 36 38 39 41 42 49 53 61 63 65 67 74 75 84 90 92 93 97 99
34 36 37 40 47 48 51 53 55 56 60 64 66 67 68 76 77 79 80 81 82 88 89
35 37 39 49 55 56 62 63 65 78 82 85 91 92 93 95 97 99
36 38 40 41 42 44 50 52 53 54 55 61 66 71 75 78 81 82 85 90 91 94 96 98
37 44 45 48 50 51 57 61 65 66 68 69 74 76 79 80 86 90 91 92
38 40 41 53 55 58 62 70 74 75 76 77 79 80 84 90 91 92 97 98
39 40 42 43 49 51 53 55 57 62 63 68 73 79 82 88 90 92 93 94 97
40 42 44 47 54 60 62 63 68 69 72 77 78 79 81 86 89 90 94 98
41 44 48 50 51 53 55 62 63 64 66 68 70 73 75 80 83 88 90 95 96 97 98 99
42 47 50 51 56 62 63 66 70 71 72 73 79 82 84 85 87
43 44 48 50 52 60 61 64 66 67 68 69 70 72 76 79 82 83 88 92 94 98 99
44 57 59 60 67 70 71 81 84 85 87 89 94
45 47 48 49 53 57 58 61 66 69 70 73 75 76 87 92 98
46 47 50 54 62 63 64 68 71 79 91 92 94 95 99
47 48 53 59 68 72 73 78 79 83 87 93 94 98
48 50 55 57 60 61 62 65 66 67 69 72 74 76 77 79 81 84 85 86 87 88 89
49 50 53 54 56 61 64 66 67 71 73 75 82 91 92 95 98
50 51 52 53 55 59 68 69 70 71 72 76 80 86 89 91 92 93 94 96 97 99
51 53 56 60 62 64 67 69 74 80 88 92 93 96
52 56 61 67 68 70 74 76 78 79 83 89 90 94 95 96 99
53 54 58 61 66 68 69 72 76 83 98 99
54 59 60 61 62 66 71 72 80 84 88 95 98
55 62 64 65 67 79 81 83 85 87 88 93 99
56 57 59 62 68 89 94 95 96
57 58 61 63 64 65 66 67 69 70 72 81 82 84 89 90
58 60 61 62 64 65 72 73 75 76 78 79 82 85 86 88 90 93 97 98 99
59 62 71 72 73 74 75 81 82 84 85 88 91 92 94
60 61 66 69 70 76 79 82 84 87 91 93 94 95 99
61 67 69 70 73 75 76 77 78 79 84 86 87 88 91 93 95 97
62 66 72 74 75 80 82 85 86 93 94 95
63 64 70 71 73 75 80 84 85 87 88 89 90 91 94 96 97 98
64 70 77 79 81 82 83 90 91 94 96 97
65 69 72 77 78 79 80 85 92 95 98 99
66 81 82 83 86 89 92 95 96 99
67 70 71 80 83 84 85 90 95
68 69 70 71 72 73 74 79 81 92 94
69 71 77 79 85 90 97 98 99
70 71 72 82 84 88 90 92 99
71 74 75 77 83 85 90 94
72 74 79 83 84 92 94 96
73 75 78 80 83 86 96 97 99
74 75 85 87 89 92 96
75 85 90 95 98
76 77 78 80 83 84 86 95 98 99
77 79 80 82 97
78 82 84 85 86 88 94 95 96 98
79 83 84 85 87 90 91
80 82 86 87 89 99
81 85 88 90
82 83 85 91 93 96 97 98
83 87 90 93 95 99
84 85 88 92
85 87 88 89 91 93 95 98
86 87 91 93 97
87 88 90 94 95 98
88 93 98
89 90 92
90 94 97 99
91 92 93 94 96 99
92
93 95 98
94 99
95 97
96 99
97 99
98 99
99

!86