#RandomGeneratorDifficultGraph.py
# GMT Tue Jul 18 16:23:23 2023
# 
0 2 4 6 11 14 15 16 20 23 26 37 38 39 43 46 47 48 54 57 64 68 74 75 78 82 83 90 91 92
1 7 12 13 23 24 27 32 33 41 43 51 54 57 65 66 67 69 73 75 81 82 84 99
2 4 7 12 21 28 29 38 41 44 47 49 50 71 72 73 75 77 80 81 82 84 85 88 99
3 5 16 22 25 27 32 35 36 41 43 51 59 61 64 68 69 70 72 84 87 89 90 93 96
4 8 10 19 20 28 29 31 32 33 35 36 38 43 47 61 68 69 70 78 84 85 87 89 90 94 95 99
5 12 16 22 23 24 30 37 38 39 41 44 45 49 52 53 55 59 61 69 71 74 75 76 77 78 90 91 94 96
6 7 11 18 19 23 26 34 36 42 44 45 48 50 53 54 55 56 58 61 66 67 73 75 77 78 82 87 89 90 96
7 8 10 15 19 20 24 26 27 28 36 37 41 42 47 48 51 54 56 59 60 62 65 66 70 71 72 74 75 78 80 83 90 93 97
8 22 27 34 36 39 43 54 57 58 60 66 70 72 76 80 81 86 92 93 96 98
9 10 12 14 16 18 20 23 29 32 33 37 45 47 48 50 58 63 65 66 67 71 72 75 78 84 86 87 88 89 91 94 96 97 99
10 11 12 13 18 19 20 25 39 49 57 64 66 71 76 78 83 87 91
11 12 13 14 15 22 28 30 34 36 38 39 40 41 49 52 53 58 59 67 76 78 79 80 90 91 97 99
12 13 14 17 21 24 28 31 32 38 40 48 49 50 52 53 54 55 56 57 62 63 65 66 69 73 78 79 82 85 87 88 91 92 97
13 17 19 20 21 25 26 27 28 32 33 36 43 45 51 53 55 58 61 63 66 67 71 80 85 87 89 95
14 15 17 19 20 24 26 29 31 41 44 51 57 64 65 66 80 82 86 87 97
15 16 17 29 37 38 39 40 46 47 48 50 51 52 56 57 59 64 65 70 73 74 77 80 81 82 84 88 89 95
16 26 27 28 32 40 42 46 47 51 52 56 58 59 60 65 68 69 70 72 73 74 83 88 93 95
17 19 20 21 22 24 29 31 32 33 50 51 53 55 56 60 61 67 70 71 72 74 76 83 86 87 92 97
18 19 24 26 33 35 37 41 49 56 57 59 60 63 67 71 75 80 82 84 85 88 89 90 91 92 96 97 99
19 21 22 24 27 30 33 40 43 47 51 57 61 68 69 70 76 81 85 87 89 90 91 98 99
20 24 26 30 34 35 36 37 43 50 51 53 54 55 58 59 64 71 76 78 83 85 90 95
21 23 24 29 31 32 35 38 41 43 44 49 54 59 62 63 64 65 67 78 86 87 91 94 95 97
22 25 26 27 32 34 37 38 40 43 44 45 46 48 70 81 84 85 86 92 93 95 97
23 24 26 27 29 31 32 33 34 44 47 52 54 55 56 60 68 74 85 86 87 88 93 97 98
24 30 31 32 33 34 36 40 49 53 56 60 61 65 67 68 69 72 78 79 81 82 85 86 87 91 97 98
25 31 33 41 45 47 48 49 56 60 65 66 67 69 73 75 77 80 81 90 93 94
26 29 34 38 39 42 44 45 46 47 50 54 65 69 71 72 73 74 77 80 81 86 92 98
27 36 37 42 44 51 52 63 66 67 70 71 73 76 77 78 83 87 92 95 96
28 29 32 33 43 45 53 55 59 60 67 68 84 86 89
29 31 35 36 37 38 42 50 52 57 59 60 64 66 74 77 91 92
30 32 38 41 44 48 51 53 55 62 69 70 71 74 75 78 81 83 86 87 96 98
31 33 38 39 40 47 49 51 54 56 57 59 60 65 67 68 69 75 79 83 85 92 98 99
32 35 36 37 38 39 44 47 50 55 59 62 65 66 67 68 71 73 75 78 79 81 83 85 86 87 90 93 95 97 98
33 37 47 49 51 53 54 64 65 70 78 79 85 86 87 89 91 93 95 96
34 35 36 37 38 39 48 49 50 51 55 65 68 70 73 74 78 79 83 88 89 92 95 97
35 39 40 41 42 48 55 56 59 62 63 69 70 71 73 75 80 85 89 91 96 97
36 42 44 45 50 53 54 58 62 65 67 69 70 71 77 78 80 82 85 86 88 91 95 97 98 99
37 38 39 41 42 43 45 58 67 74 77 81 84 88 90 92 95 99
38 39 40 46 47 48 49 51 52 53 54 56 58 59 67 68 69 70 76 78 83 84 85 87 89 90 92 94 96 97
39 40 42 45 49 51 52 55 58 65 68 70 74 79 87 88 89 90 91 92 93
40 42 43 47 50 57 61 70 76 79 80 81 83 84 89 93 96 99
41 42 44 45 51 54 55 60 61 64 66 68 82 84 86 87 95 97
42 43 45 53 58 62 72 74 78 79 83 84 86 90 95 97
43 45 49 50 59 61 65 70 71 72 87 95 98
44 56 67 69 70 74 75 78 79 84 85 86 88 90 91 95 99
45 48 50 58 62 66 67 68 73 77 82 92 93 95
46 47 49 50 57 61 65 72 81 83 90 91 95 96 99
47 48 57 63 72 73 80 83 98 99
48 50 51 53 55 57 69 73 78 81 82 83 85 87 93 98 99
49 50 52 54 58 64 66 74 79 81 97
50 53 55 56 63 64 78 82 87 96 97
51 53 59 62 65 69 71 75 76 79 80 82 84 93 98
52 54 55 64 66 67 75 77 78 80 88 89 90 94 96 97
53 56 59 60 61 66 69 70 71 81 83 85 87 90 93 97
54 59 61 68 69 70 75 76 77 87 89 95 98 99
55 60 61 62 64 66 67 73 75 77 80 81 83 87 89 91 95
56 59 67 70 73 75 76 77 81 85 93 95
57 62 64 68 69 71 75 77 78 79 85 87 95 97
58 64 66 69 72 77 79 88 89 95 96
59 63 65 66 67 70 75 79 93 94 97
60 63 68 70 76 81 82 85 94
61 65 69 71 75 76 77 79 81 84 85 86 87 88 92 94
62 63 70 72 74 77 78 80 84 86 90 91 95 96
63 68 70 78 82 92 97
64 65 74 76 79 80 90 91 95 98
65 70 71 73 74 76 77 79 82 84 87 91 93 95 96 99
66 68 73 75 84 90 92 97 98
67 69 71 73 74 76 80 81 82 87 91 93 98
68 69 76 80 82 84 87 92 96 98
69 73 75 82 89 90 91 99
70 71 74 76 82 87 88 89 90 91 93 95 96 98
71 73 76 79 83 87 88 90 94
72 74 76 77 78 79 84 88 90 92 94 99
73 76 83 87 89 91 94 99
74 75 76 83 90 91 96
75 79 87 89 90 93 95 97 99
76 79 82 92 96
77 87 93
78 80 96
79 81 92 94
80 88 93 96
81 82 85 92 94 98 99
82 83 93 94 96 99
83 84 87 90 91
84 86 94
85 88 95
86 87 95
87 88 91 98 99
88 91 92 94 95 96
89 92 98
90 91 93 96 98
91 92 94 96 97
92
93 97
94 98 99
95 99
96 98
97 98
98 99
99

!86