#RandomGeneratorDifficultGraph.py
# GMT Tue Jul 18 16:23:18 2023
# 
0 4 13 16 26 33 36 41 44 47 49 53 57 70 71 72 76 86 98
1 5 7 8 12 13 15 20 27 28 30 31 32 35 37 38 39 42 44 45 47 52 55 59 62 70 72 75 76 77 80 89 90 92
2 5 7 8 20 23 29 31 34 35 38 40 43 44 48 53 54 55 61 70 72 73 79 80 82 85 87 88 89 91 95
3 16 17 19 20 30 34 40 42 43 45 46 47 50 53 63 65 70 71 72 78 79 81 82 83 84 87 88
4 6 17 18 20 21 27 29 30 32 33 39 44 46 47 50 61 65 74 80 81 88 89 96
5 8 11 14 18 19 21 23 26 28 29 32 33 35 38 39 42 46 50 52 54 59 61 63 64 65 66 67 71 74 78 83 84 88 96 99
6 10 11 14 15 19 24 26 28 30 31 35 36 37 41 46 48 50 60 63 67 76 79 81 84 86 91 92 98
7 8 9 12 19 26 27 30 32 33 34 35 37 42 55 56 57 58 59 61 69 75 76 78 80 81 86 89 91 94 98 99
8 9 14 18 19 21 27 29 30 34 35 36 38 40 41 47 49 55 57 60 62 63 68 69 73 79 87 92 93
9 11 17 18 25 31 32 34 35 36 38 39 43 46 52 57 61 62 66 70 71 73 76 77 82 84 87 89 90 91 92 93 97
10 17 23 25 29 31 36 49 59 60 61 62 70 74 75 77 78 83 84 92 97
11 19 20 28 30 33 41 46 50 51 52 53 60 63 66 69 72 73 74 76 84 89 90 91 95 97
12 17 20 21 23 24 27 30 33 36 39 41 50 58 60 62 64 66 69 74 75 83 85 88 90 93 98 99
13 17 19 24 27 28 30 32 33 36 43 44 45 46 47 48 52 54 56 60 63 65 70 74 75 78 85 94 97 98
14 17 19 21 28 33 41 43 45 47 50 53 55 58 64 65 66 74 97 98
15 21 24 29 33 36 42 45 51 54 55 61 67 72 74 77 78 79 83 84 85 86 88 91 93
16 20 21 22 25 30 32 36 43 58 61 62 65 78 81 85 86 87 89 92 93 95 96 99
17 19 20 23 24 25 33 40 43 50 52 53 55 65 66 69 71 76 78 79 85 86 90 91 98
18 26 35 37 41 42 43 46 56 64 73 74 79 80 82 87 90 96 98
19 21 22 24 26 31 32 33 36 41 47 49 50 55 60 62 70 88 93 96 99
20 25 27 28 37 40 41 44 47 53 57 62 67 70 73 78 81 82 83 87 91 92 94 96 97 98
21 25 29 30 32 39 40 42 45 46 47 49 54 60 61 62 63 66 71 74 75 81 85 90
22 25 26 40 44 45 46 47 49 52 53 57 59 73 76 78 79 80 88 90
23 25 28 33 35 36 37 41 47 53 55 60 61 62 64 65 71 75 78 87 90 92 93 97 98
24 25 27 29 30 31 36 40 42 44 48 54 55 59 60 61 77 82 83 84 89 90 93 94 98
25 26 33 34 38 40 48 58 59 65 69 74 81 83 89 92 94
26 31 32 41 46 53 55 59 62 68 69 72 73 74 78 79 83 85 88 90 97 98 99
27 29 30 32 34 35 38 42 44 47 49 53 62 63 71 74 75 82 84 87 88 89 95 96 98 99
28 29 35 39 42 47 48 49 53 59 60 64 65 67 68 69 73 79 85 87 92 93 95 96 98
29 33 35 38 39 40 45 49 58 59 62 64 68 69 70 76 78 82 83 84 87 89
30 32 35 43 45 51 52 53 55 59 62 63 67 68 74 76 88 93 95 96
31 35 36 37 40 47 48 51 54 57 61 62 64 68 69 73 84 91 92 93 97
32 35 36 39 44 49 51 58 59 60 64 72 73 80 86
33 35 36 39 40 44 47 48 50 52 58 61 64 65 67 70 74 77 81 84 87 88 89 90 94 95 99
34 35 37 41 47 51 53 55 64 66 70 73 74 78 79 82 86 91 93 94 95 96 98
35 41 46 49 54 56 61 65 66 72 73 77 79 92
36 41 43 47 53 54 57 60 61 62 63 69 71 72 74 84 87 97 99
37 40 41 44 49 62 65 67 68 71 75 77 83 91 93 97
38 40 41 42 44 47 52 56 58 61 67 70 73 77 79 83 84 88 89 91
39 43 44 46 53 58 62 65 67 68 69 78 79 82 83 87 88 97
40 43 46 48 49 51 67 74 79 80 85 93 95 98
41 45 49 51 53 55 58 61 63 64 66 68 70 74 78 79 82 83 85 88 90 98
42 50 52 57 69 70 72 75 84 88 95 98
43 47 48 53 56 61 76 77 79 85 89 95 98
44 50 55 58 59 60 66 76 78 82 89 90 94 98 99
45 46 51 55 68 70 71 72 73 77 80 98
46 47 50 51 52 53 59 62 63 71 74 76 80 82 84 87 88 91 93 95 97 99
47 52 54 57 59 64 67 70 75 81 82 84 86 87 89 90
48 49 51 55 59 63 65 66 69 73 78 80 81 83 85 93
49 52 58 63 65 66 67 69 71 72 74 81 85 87 89 92
50 58 59 60 61 62 63 70 76 85 94
51 62 68 72 82 84 86 91 92 96 98 99
52 53 56 58 59 66 71 73 74 75 76 78 80 88 94 95 96
53 54 55 59 65 67 70 73 79 85 86 90 94 98 99
54 57 58 61 69 70 74 83 84 85 86 87 89 90 92 94 96
55 56 57 62 63 64 71 84 86 88 90 91 92 98
56 57 59 64 65 68 69 84 90 94
57 59 62 63 65 66 67 68 69 73 74 76 77 78 79 86 87 90 97
58 65 66 69 78 80 83 87 90 91 92 95 96 99
59 63 68 76 77 79 81 82 84 85 87 90 92 94 95 97
60 62 64 65 66 68 70 79 86 90 91 93 97
61 62 63 72 74 80 85 88 89 90 91 92 95 96 99
62 63 67 70 73 82 92 94
63 64 71 72 74 75 78 89 91 98
64 67 68 69 72 75 76 80 82 83 92 94 96 98
65 68 83 85 93 95 98
66 67 68 73 76 77 85 88 92 93 95 96
67 71 78 79 83 87 88 94
68 71 76 79 80 81 83 84 85 88 89 90 93 96 97 98 99
69 72 80 81 82 83 84 85 88 94
70 73 74 80 83 84 89 92 97
71 73 76 77 78 79 90 96 99
72 74 75 77 78 87 88 94 95 98
73 75 77 79 80 81 85 89 93 95 96 97
74 75 76 77 80 89 91 92 93 94 95 99
75 77 79 80 82 83 89 90 91 93 97 98 99
76 79 84 85 86 90 94 96 98
77 79 80 83 87
78 89 95 99
79 81 82 86 90 91 98
80 81 86 91 93 95
81 82 84 85 86 91 94
82 89 90 97 98
83 93 94 96
84 91 92 95
85 87 91
86 93 94
87 91
88 89 92 93
89 93 94 95 96 98 99
90 94 96
91 94 97
92 97
93 94 97 99
94 98
95 98
96 99
97 98
98
99

!87