#RandomGeneratorGraph.py
# GMT Thu Jul  6 08:51:53 2023
# 
35 88 50 90 53 62 89 6 1 20
88 95 87 52 74 66 92 78 21
67 68 12 4 64 53 34 94 59 36
68 4 16 87 44 17 39 26 45
24 97 82 6 54 58 57 70 5 28
97 92 16 30 93 25 9 53 83
36 62 57 43 3 40 4 7 94
62 47 59 99 51 66 33 55
47 52 4 15 13 81 99 76 41
29 32 50 12 77 21 42 83 92 96
32 55 82 72 20 81 85 42 7
28 76 61 70 79 65 73 10 27
76 26 18 2 90 0 41 44
48 54 23 42 34 18 85 37 61 43
54 60 38 95 90 57 20 37
50 91 66 27 70 98 23 7
58 95 81 90 22 8 0 53 26
95 69 96 7 40 27 87
92 96 44 63 39 42 56
9 90 99 39 33 19 14 21 86
90 1 51 14 6
21 55 26 30 16 98 4
55 44 63 15 85 71 80
91 57 2 49 69 80 41 63 86
69 85 98 8 11 60 1 86
99 96 86 19 30 93 66
14 15 83 87 64 31 5 39
15 1 71 34 51 31 40
22 37 87 8 3 12 89 70 42
37 82 80 23 57 64 41
3 42 18 0 49 16 86 66
42 77 56 30
13 83 17 11 94 89 66 10 98
83 46 11 33 20 23
16 79 10 5 96 12
79 19 77 6 86 40 5 73
96 46 19 38 11
1 65 33 78 31 25
57 74 94 27 84
81 86 5 46 19 25 74
82 0 72 86 18 89 2
43 63 44 98 56 65 46 27
52 98 93 12 87 72 27 53
38 89 6 46 41 4 34 75
89 23 34 12 30
17 75 61 56 59 27 45 49
75 94 53 80 59 4 84 87
6 65 64 77 30
61 72 20 5 87 64 41
72 56 40 0 73 41
85 31 70 84 44 74
77 2 49 33 64 45
65 8 71 80 84 7
60 46 64 20 7 93 70 40
86 0
31 71 45 63 20 49
4 30 73
39 23 12 18 45 30
98 33 12 10
19 63 26 2 8
0 84 78 80
84 23 73 7 71
30 46
2 26 63 56 23
26 34 51 59
71 74 10 11 63
12 78
18 25 93 10 59
87 11
63 64
46 74 25
74 33 34 70
56 94 34 5
8 73 45 66 7
10 80 66 51
23 78
66 45
7 51
11 45 40 34
20 73 5
93 44 53 40 73
64 94
53 78 41
44 78 49
33 73 27
94 51 49
49 78 59
78 59
27 45
70 40 59
73
34
45
41 25
5 25
25 51 80
59
40
80 51
51

!74