#RandomGeneratorDifficultGraph.py
# GMT Tue Jul 18 16:23:53 2023
# 
0 7 11 13 16 21 22 24 25 27 44 51 57 61 65 67 68 70 73 75 77 89 96 97
1 9 10 14 17 22 23 31 33 41 44 45 48 55 56 57 61 67 87 97 99
2 11 15 22 30 37 48 49 51 56 57 59 62 63 71 73 74 77 87 90
3 20 25 27 29 32 33 41 63 71 78 84 87 89 90 96 98
4 6 12 30 34 38 41 46 51 52 53 54 58 59 64 65 74 77 81 82 84
5 14 17 34 39 40 42 52 55 57 59 62 74 76 77 82 85 98
6 9 11 24 35 40 41 45 47 48 58 59 76 78 79 85 88 93 97
7 24 30 34 41 44 45 48 50 81 85 90 92 95 96
8 9 10 11 17 19 33 43 49 50 59 61 65 68 78 83 87 93 99
9 15 28 36 37 38 41 45 47 48 50 60 67 71 77 83 89 92 93
10 12 14 24 31 33 34 35 45 46 48 51 57 59 81 89 90 94
11 13 24 26 29 33 39 40 51 55 60 62 63 69 73 77 78 92 97
12 15 21 24 30 42 44 56 61 62 63 69 75 77 83 85 87 91 96
13 14 17 20 24 25 39 42 55 57 68 72 73 80 86 89 94 97 98
14 15 19 24 35 36 51 54 59 62 65 68 73 76 78 84 90
15 23 24 29 30 34 54 65 67 68 69 70 72 76 79 98
16 19 20 24 31 33 34 38 40 56 57 58 62 64 66 73 74 77 78 87 98 99
17 18 19 20 25 28 38 44 57 64 65 66 69 79 86 91 94
18 24 35 41 50 61 69 72 83 85 86 90 91 96
19 22 25 32 33 36 37 41 48 71 81 90 92
20 21 37 45 48 49 57 59 63 67 71 73 74 80 86 88 96 97
21 23 25 26 31 33 35 55 57 62 69 72 85 86 95
22 26 28 33 37 43 50 53 54 58 59 68 71 80 82 86
23 28 41 44 49 53 56 59 73 78 85 96
24 35 38 40 42 46 48 49 56 58 62 66 71 81 88 91 92 95 96
25 29 30 37 47 48 59 67 78 89 92 94
26 28 31 32 39 42 43 45 47 48 55 57 62 72 75 78 79 80 83 89 90 92
27 39 43 47 50 58 64 71 88 99
28 33 41 43 47 52 54 65 66 75 91 97
29 31 32 42 54 56 57 68 72 73 77 85 87 88 90 91 94
30 32 76 84 86
31 33 42 49 58 67 70 75 76 77 83
32 35 43 53 55 59 60 65 66 67 69 82 86
33 40 42 46 59 68 70 71 74 81 91 95
34 35 41 42 44 46 47 53 57 63 70 71 82 86 87 91 94
35 36 38 40 41 48 50 51 52 53 56 57 61 62 64 65 68 69 72 77 79 81 87 93
36 37 41 55 58 60 65 72 74 77 78 79 84 98
37 41 42 44 49 50 51 58 60 62 63 64 66 70 83 89 90
38 45 47 49 50 59 62 63 66 71 74 76 77 83 90 98
39 40 47 55 56 57 63 66 90 95 96 99
40 52 56 57 58 61 65 73 75 77 78 80 90 99
41 42 43 44 55 57 59 70 71 72 75 79 82 87 88 93
42 51 52 55 56 60 64 68 69 70 75 76 91 95
43 48 55 60 61 67 73 76 77 79 84 85
44 48 53 57 59 65 71 74 77 80 83 87
45 51 52 56 62 75 86 90 91
46 49 58 59 68 75 77 87 93
47 52 59 62 68 71 79 88 89 94 98
48 53 67 69 70 72 75 77 82 84 88
49 52 53 58 59 60 67 68 76 77 80 87 92 95 97
50 51 57 59 67 74 78 81 82 88 92 93 94 98
51 52 53 58 60 62 73 86 90 92 94
52 54 58 60 61 62 64 69 75 76 82 88 89 92 93
53 67 68 71 73 93
54 60 68 70 74 75 77 98
55 61 62 74 80 83 85 87 90 92 98
56 59 71 75
57 63 65 66 69 70 73 74 75 76 88 96 98
58 69 70 72 73 74 76 80 91 92 94
59 65 74 77 88 95 97 99
60 61 65 68 70 79 80 81 98
61 90 94 99
62 64 70 72 78 80 89 95
63 72 74 75 89 91 96 98
64 76 80 82 87
65 68 74 75 76 78 80 81 84 85 87 88 95 99
66 69 70 78 82 84 92 93 94
67 69 80 83 93
68 70 77 78 81 85 87 90 92 93 94
69 77 81 83 87 90 91 96
70 73 74 77 78 82 87
71 76 83 92 97
72 76 78 79 83 88
73 82 83 84 92 93 96
74 77 80 84 85 86 91 97 98 99
75 79 81 82 89 94 99
76 78 80 81 88 91 94 98
77 79 80 83 87
78 79 80 82 85 88 92 94
79 88 90
80 89 94
81 82 85 98
82 93
83 87 93 94 98 99
84 87 93
85 86 87 90 91 96 97
86 87 88 92 93 98
87 94 96
88 90 92 95 98
89 90 92
90 95
91 97
92 95 97
93 94 98 99
94
95 96 97
96 97 99
97
98
99

!85