#RandomGeneratorDifficultGraph.py
# GMT Mon Jul 17 14:33:51 2023
# 
0 1 2 4 6 7 8 9 10 11 12 13 15 17 18 19 21 23 24 25 26 28 30 31 35 36 37 39 43 45 47 50 51 55 56 57 58 59 61 62 63 64 68 69 70 71 74 76 77 78 79 80 82 83 84 85 89 90 91 92 94 95 96 97 98 99
1 2 4 5 7 8 11 13 15 16 17 20 22 23 25 27 28 30 31 34 37 38 39 40 42 43 44 46 48 49 50 51 52 53 54 58 60 63 64 65 67 68 70 72 73 74 75 78 82 83 87 90 93 96 97 98
2 5 6 7 9 15 16 17 18 20 23 26 27 30 31 33 34 37 39 40 41 42 48 49 50 52 54 55 56 57 58 60 61 66 67 68 69 70 71 72 74 75 76 77 78 80 82 83 84 89 90 91 94 95 97 98 99
3 5 6 9 10 12 14 15 17 18 20 21 22 23 25 26 34 35 37 39 40 42 43 44 45 48 49 50 51 53 54 55 56 61 66 67 68 69 72 73 74 76 78 79 81 83 84 85 87 89 90 91 92 95 96 97 99
4 5 6 7 11 12 15 17 22 25 26 28 29 30 31 32 33 34 35 36 37 38 40 41 42 43 44 45 46 47 49 53 55 57 58 60 61 62 64 65 68 69 70 72 73 74 75 78 79 80 81 83 85 87 88 91 92 93 94 95 99
5 9 10 12 13 14 15 17 18 21 22 23 24 25 26 29 30 31 34 35 36 37 39 40 41 42 46 49 50 53 55 56 58 59 60 61 62 63 65 66 67 68 71 74 75 76 78 79 82 83 86 87 90 93 95 96 97 98 99
6 7 9 12 16 17 18 20 21 23 28 29 30 31 32 33 34 36 37 38 39 41 44 47 48 50 52 53 54 56 60 67 68 75 76 77 78 79 80 81 82 83 86 87 88 89 90 92 93 94 95 97 98 99
7 8 10 12 13 15 16 17 20 21 22 27 28 29 30 31 32 33 34 35 39 40 41 44 45 48 49 50 51 53 54 55 56 57 59 61 63 67 68 70 71 72 74 75 76 78 79 80 81 87 88 90 92 94 95 96
8 12 13 14 15 16 17 18 19 20 21 23 25 27 28 29 32 34 35 36 37 39 40 41 42 43 44 45 46 47 50 51 54 56 58 59 61 62 63 66 72 73 75 76 78 80 83 84 87 88 89 94 95 98
9 11 13 14 15 16 17 19 20 23 24 26 28 29 31 32 36 37 39 41 42 43 44 45 46 47 50 53 55 58 61 63 65 67 68 70 71 72 73 75 80 81 82 83 85 86 88 89 90 91 93 94 96 99
10 11 12 14 15 17 20 23 24 25 26 27 29 30 31 32 33 34 35 37 38 40 43 44 45 49 50 52 53 55 56 58 59 60 62 65 66 68 69 70 72 74 77 81 82 83 85 89 91 92 93 95 96 97 99
11 12 13 14 16 17 18 21 22 23 25 26 27 29 30 31 34 36 37 38 39 40 43 44 47 48 49 50 52 54 55 56 58 59 61 63 64 67 68 71 72 73 74 77 78 79 82 83 84 85 87 89 92 93 94 96 98
12 13 14 16 17 21 22 23 24 25 28 29 30 31 34 35 37 38 39 41 44 46 47 48 49 50 53 54 56 58 59 60 63 65 66 67 69 71 72 75 77 78 79 81 83 89 92 93 94 95 96 99
13 15 16 17 18 22 23 25 28 29 30 31 32 33 34 35 36 37 39 40 41 43 45 48 49 51 52 56 57 58 59 60 63 66 67 69 71 75 76 80 83 85 86 87 88 90 91 93 94 95 96 97 98 99
14 15 19 20 21 22 23 24 26 28 29 30 31 32 34 35 36 38 40 41 42 45 46 48 49 50 51 52 54 55 56 57 58 59 60 62 64 65 66 68 69 72 73 74 75 76 77 78 79 81 82 86 88 90 95 96
15 16 17 21 22 23 24 25 26 30 31 32 33 34 35 36 40 41 43 45 46 49 51 52 55 56 58 59 60 61 62 64 65 67 68 70 71 73 74 75 76 77 79 82 84 85 86 87 88 89 90 91 92 94 97 98 99
16 17 18 19 21 23 24 25 29 30 31 32 33 34 36 37 40 41 42 43 44 46 48 49 50 52 54 55 56 57 61 62 63 64 67 68 71 72 74 76 77 78 79 82 83 85 87 88 90 93 94 95 96 97 98 99
17 18 19 20 22 25 26 27 28 29 32 34 35 37 40 41 42 44 46 49 52 53 54 55 58 63 64 65 68 69 70 71 72 73 74 75 76 78 81 82 83 84 85 86 88 90 91 92 93 94 97 99
18 20 21 22 25 26 27 28 29 30 32 33 34 36 37 39 40 41 42 43 44 45 48 49 51 53 54 56 58 59 60 64 68 71 72 75 79 80 81 84 86 87 88 89 92 93 94 95 96 97 98
19 20 22 23 24 26 27 29 30 31 32 34 35 36 37 38 39 43 45 47 48 52 54 55 57 58 61 62 64 65 66 69 70 71 72 73 74 75 77 78 80 82 85 87 89 91 93 96 98
20 22 23 24 26 27 28 30 31 32 33 34 35 36 37 38 40 41 42 43 44 45 46 49 51 55 56 60 63 66 72 74 75 78 79 84 86 87 88 89 91 92 94 96 97 99
21 22 24 26 29 30 32 36 39 42 46 47 49 52 53 54 56 58 59 61 62 63 65 66 67 69 70 71 72 74 76 78 80 82 83 84 85 86 87 89 90 92 97
22 24 26 28 29 31 32 33 36 37 38 39 43 44 45 47 49 50 51 52 53 57 58 59 60 61 62 64 65 66 69 70 73 75 77 78 80 82 85 89 90 91 93 96 98
23 25 29 31 32 33 34 35 37 38 39 40 41 42 45 50 51 54 56 57 59 60 61 64 65 66 67 68 72 73 75 76 80 82 83 85 86 87 89 91 92 94 95 97
24 25 28 29 30 32 34 38 40 42 46 47 53 54 55 56 57 58 61 62 64 65 66 67 69 70 72 73 74 75 78 79 80 83 86 88 89 93 94 96 97 98 99
25 26 27 28 30 31 32 34 35 36 38 39 40 41 42 43 44 45 46 47 48 49 50 51 52 54 55 56 57 60 61 62 66 67 68 69 70 72 73 74 75 77 78 81 82 84 85 86 87 88 90 92 96 97 98
26 27 28 32 33 34 36 37 39 42 44 45 49 52 53 54 55 56 57 58 59 60 63 64 65 66 68 69 72 73 78 79 80 81 82 83 86 89 91 92 93 94 97
27 30 31 33 35 36 37 38 39 40 41 42 43 45 46 52 53 55 57 61 64 66 67 69 73 75 76 78 80 87 89 90 91 95 97 98
28 29 30 32 33 36 38 39 40 42 43 47 50 51 52 53 55 56 57 60 61 62 63 65 66 67 69 70 71 73 75 76 77 80 81 82 83 84 85 86 91 92 93 94 95 97 98
29 32 33 34 36 37 40 41 42 44 46 47 48 49 50 51 52 53 54 56 59 60 61 62 63 64 65 66 67 70 71 73 75 76 77 82 83 84 86 87 92 93 94 95 96 97 98
30 33 35 36 37 41 43 44 45 46 47 48 52 54 58 60 61 64 65 66 67 69 70 71 72 74 75 77 79 81 84 85 86 87 91 92 93 96 97 99
31 34 35 36 38 40 41 42 44 45 46 47 48 49 51 53 54 55 56 61 65 69 70 71 72 73 77 78 79 81 83 86 88 90 91 92 93 97 99
32 35 36 37 38 43 45 46 47 48 49 51 56 58 59 60 61 62 64 65 67 69 70 74 76 77 78 79 83 85 88 90 92 93 94 95 96 99
33 34 36 37 39 42 43 44 45 46 47 48 50 51 52 53 54 55 56 60 63 65 66 67 68 69 70 71 72 75 76 81 83 84 85 86 87 88 90 91 92 93 95 96 97 98 99
34 36 38 39 40 42 43 46 47 49 50 54 55 56 57 58 62 63 65 66 73 76 78 79 80 81 83 85 86 87 88 89 90 91 92 94 95 97 98 99
35 37 38 39 40 41 42 43 44 45 47 48 52 53 57 59 62 63 65 67 69 70 72 73 75 77 78 81 83 85 86 87 88 91 94 96 97 98
36 38 39 41 42 43 44 46 48 49 51 53 54 56 57 61 62 63 65 68 75 76 80 82 84 85 86 89 90 93 94 98 99
37 38 40 42 43 44 45 47 48 49 51 52 55 56 57 59 64 65 66 68 69 71 73 74 75 76 79 82 85 87 89 90 91 93 96 98
38 39 40 41 42 43 44 45 48 51 53 56 59 60 61 64 67 70 72 73 77 78 79 80 83 84 87 92 94 96 97 98 99
39 40 41 42 43 45 47 49 50 51 52 53 54 55 56 58 60 63 65 66 67 69 71 73 74 77 78 79 82 83 85 89 91 95 96 97 99
40 41 42 43 44 49 50 51 53 54 55 56 57 58 60 61 66 68 70 71 73 77 79 83 85 88 89 91 92 94 96 97 99
41 42 45 46 47 48 49 50 51 52 53 55 56 57 58 60 61 62 63 65 68 70 72 74 78 80 82 84 86 87 88 89 90 92 94 95 96 98 99
42 43 45 47 48 51 52 53 54 57 60 61 62 63 64 65 67 70 71 73 77 81 82 85 86 87 88 89 90 93 95 98 99
43 45 46 48 49 50 53 56 57 58 59 60 61 64 67 68 70 71 73 74 75 77 78 79 80 81 83 84 86 87 88 91 92 93 94 96 97 99
44 46 47 50 51 52 53 56 57 58 60 62 63 66 67 69 70 71 72 73 75 80 81 82 83 84 87 88 89 91 92 94 95 96 97 98
45 46 47 48 50 51 52 55 56 57 58 59 60 65 67 68 69 70 73 77 80 81 82 83 85 86 87 88 89 90 91 93 95 96 97 98
46 47 50 51 52 53 55 56 57 59 60 62 65 66 67 68 69 71 72 75 77 78 80 81 82 85 86 87 93 96 97 99
47 49 50 51 52 54 55 57 58 59 62 63 64 65 66 67 68 70 71 73 75 76 80 82 83 84 87 89 90 91 93 94 95 96 98
48 49 52 54 55 56 59 62 63 65 67 68 69 70 72 75 76 78 79 80 81 83 84 85 86 89 90 91 94 95 97 99
49 50 52 54 55 56 58 59 60 61 62 63 64 66 67 68 69 71 75 76 77 78 79 81 84 86 87 88 90 92 93 94 98
50 51 52 54 56 58 59 62 63 66 67 69 71 73 74 75 77 78 79 84 85 86 87 88 89 91 93 94 95 96 97 98
51 52 53 54 56 58 62 68 71 72 77 79 80 83 84 85 86 88 89 90 91 92 93 94 97 98
52 53 54 55 56 57 59 61 62 68 69 71 72 74 76 77 78 80 81 82 83 85 87 90 91 92 93 96 97
53 54 57 58 59 60 61 65 66 68 69 73 74 75 76 77 78 82 85 88 89 91 93 94 95 97 99
54 55 57 58 60 61 62 63 65 67 68 70 71 72 73 75 78 81 82 83 85 86 87 89 90 91 92 94 96 98
55 57 58 59 62 63 64 65 67 69 70 71 72 77 78 80 81 82 84 85 86 88 89 91 95 96 97 98
56 57 59 60 61 65 66 68 69 72 73 77 78 79 87 88 90 95 96 98
57 58 60 64 65 67 68 70 72 76 77 79 84 85 86 87 88 89 90 94 97 98 99
58 59 60 61 62 63 64 65 66 67 69 70 73 75 76 77 78 79 82 83 86 88 90 92 94 95 97 99
59 61 62 64 68 69 70 72 74 75 76 80 82 83 84 85 86 87 88 89 90 91 92 93 94 95 98 99
60 61 62 64 68 69 70 71 74 75 77 79 82 83 84 85 86 87 88 90 91 92 93 95
61 62 63 64 65 66 67 69 72 74 75 80 83 86 87 90 92 93 94 95 97 98
62 64 65 67 68 69 71 72 74 76 77 79 80 81 83 87 88 91 92 93 95 97 99
63 65 67 68 69 70 71 72 74 75 78 80 82 84 88 89 90 91 92 93 94 95 97 98 99
64 68 70 72 73 74 76 77 78 82 83 84 88 92 93 95 97 98 99
65 66 67 68 69 71 73 74 75 77 78 79 80 81 83 84 85 86 87 88 90 92 93 95 96 97 98
66 67 70 72 73 75 76 78 81 82 83 84 87 88 89 91 92 93 94 96 97 99
67 68 69 71 72 73 74 75 76 81 87 88 89 92 93 95 97 98
68 69 72 74 75 76 78 79 85 86 89 90 93 94 96 97 98 99
69 70 72 78 80 83 88 90 92 93 94 95 96 97 98 99
70 71 73 78 79 80 81 82 84 87 88 89 90 92 94 95 96 97 98
71 72 73 74 76 77 78 80 81 82 83 87 88 89 93 94 95 96 97 99
72 73 74 75 76 78 79 82 84 85 88 90 91 92 93 94 98 99
73 74 77 78 79 80 81 82 84 85 87 88 92 93 94 95 96
74 75 76 80 81 82 84 85 87 88 91 95 96 99
75 78 79 80 85 86 88 89 90 93 94 97 98
76 77 78 80 81 86 87 89 91 92 93 94 95 98
77 78 81 82 84 85 87 89 90 91 92 94 96
78 80 81 82 83 84 88 90 91 92 93 99
79 81 82 84 85 86 88 89 91 92 93 95 96 98
80 82 83 84 86 87 88 89 90 91 93 94 96 97
81 84 87 88 89 90 91 92 93 94 96 97 98 99
82 84 85 88 89 90 91 93 94 95 96 97
83 84 85 86 87 88 89 90 91 93 95 97
84 85 86 89 91 92 94 95 96 97 98 99
85 86 87 88 89 91 92 93 95 97 98 99
86 87 92 93 98 99
87 88 89 92 94 95 96 99
88 89 90 91 92 94 96 99
89 90 91 93 94 95 97 99
90 92 93 94 95 96 97 98
91 93 97 99
92 93 94 95 99
93 94 95 96 97 98
94 97 98
95 99
96 99
97 99
98 99
99

!93