#RandomGeneratorDifficultGraph.py
# GMT Tue Jul 18 12:48:06 2023
# 
0 1 5 6 7 8 10 12 13 17 18 19 27 33 35 36 43 46 47 49 52 53 55 56 57 58 59 62 65 66 70 75 77 79 83 87 89 90 91 93 94 95 99
1 3 4 5 7 8 9 11 13 15 16 22 23 27 30 32 33 34 35 36 37 38 39 42 44 47 48 50 52 54 55 56 57 58 59 63 65 67 70 71 72 74 76 77 79 90 91 95 97 98 99
2 3 5 14 16 17 20 23 24 25 26 28 35 39 40 42 44 46 47 49 54 59 61 63 64 67 70 72 75 76 77 82 91 92 95
3 5 13 17 18 28 29 30 31 32 34 36 37 39 40 41 42 43 44 45 46 48 49 57 58 63 67 68 72 74 76 79 81 82 83 85 90 91 92 93 95 96
4 6 7 9 10 12 13 16 28 29 31 33 48 49 53 54 58 62 68 75 77 84 87 88 93 95 99
5 8 10 16 18 20 22 24 25 31 34 35 36 41 44 46 47 50 52 55 58 59 63 67 70 71 74 76 77 81 89 91 98
6 7 10 13 14 16 17 18 23 25 26 29 31 32 33 39 41 42 46 49 50 52 53 54 59 61 64 66 67 70 72 76 78 79 80 81 82 84 85 87 92 93 95 96 99
7 8 10 14 19 20 25 27 29 32 37 38 39 42 43 44 46 47 48 49 50 51 54 55 57 58 61 63 64 65 66 67 69 71 72 76 79 82 85 88 96
8 12 13 14 17 18 23 26 28 34 37 40 41 43 45 48 49 53 54 59 60 67 68 70 72 74 77 78 80 81 82 83 85 90 91 96
9 10 12 14 16 17 18 21 22 26 28 29 31 32 38 39 43 44 49 50 51 59 65 66 69 72 74 83 84 89 90 95 96
10 14 16 20 21 26 27 29 33 34 35 37 38 42 43 46 50 52 53 54 56 58 60 65 66 67 68 70 76 78 82 89 91 92 93 94 97
11 12 15 21 22 25 27 28 32 33 35 36 38 45 47 48 50 53 55 57 59 60 62 64 65 66 72 73 74 77 78 81 83 85 87 89 95 96 99
12 14 18 19 20 27 33 34 36 37 47 49 51 53 54 56 58 59 60 63 65 66 67 71 74 75 79 80 81 82 86 88 89 90 94 98
13 15 17 20 21 23 26 27 29 33 34 38 39 40 46 48 49 50 52 53 54 55 61 68 71 77 78 84 87 96 99
14 18 20 22 26 27 37 38 39 40 43 44 47 49 50 53 54 56 57 58 60 61 64 65 70 71 72 74 79 81 83 91 93 94 97 99
15 16 18 20 21 22 26 28 30 35 38 40 43 44 46 60 63 67 70 72 77 84 87 92 95 98
16 21 23 26 30 33 35 38 40 41 42 44 45 48 50 53 55 57 59 63 67 69 74 75 77 82 83 86 88 90 91 94 95 96 97 99
17 20 21 22 26 27 28 30 31 32 34 36 38 39 47 52 55 64 66 68 70 71 73 75 76 81 82 86 92 95 97
18 20 23 25 28 31 37 39 40 47 49 55 60 64 72 74 76 77 80 84 85 88 89 92 96 98 99
19 24 28 30 31 33 34 35 37 38 40 43 45 49 50 51 53 57 59 63 65 68 70 71 77 80 81 84 85 87 90 91 92 93 94 99
20 23 24 25 33 35 39 42 50 51 53 54 55 56 58 62 67 77 80 81 85 86 88 89 92 94 95 96 98
21 22 25 26 31 37 43 44 47 48 50 53 55 56 58 59 64 68 72 76 78 84 85 92 94 95 97 99
22 27 29 30 32 33 34 36 37 40 43 44 45 52 53 54 56 58 60 61 63 64 67 68 70 72 73 75 77 82 84 86 87 96 97 98
23 24 25 26 28 29 32 38 39 42 44 45 46 50 51 52 53 59 60 61 62 64 65 69 82 88 93
24 25 29 30 31 33 34 36 40 45 50 52 54 56 57 59 61 62 64 66 74 75 81 87 92 93 95 96 98
25 26 27 29 32 36 37 41 43 44 47 50 53 54 56 69 71 76 79 80 81 83 91 95 99
26 27 33 34 37 41 50 51 54 57 60 61 62 63 67 68 70 73 74 77 79 82 83 84 92 95 97 99
27 28 31 34 35 36 38 39 40 42 48 53 54 56 59 60 61 65 69 73 74 75 76 77 79 82 83 86 92 93 99
28 31 32 37 40 42 43 44 46 48 50 51 52 53 56 58 60 61 63 65 67 69 70 74 78 79 87 88 89 91 93 97
29 30 31 34 38 39 44 45 46 47 50 52 56 59 62 63 64 68 69 72 73 74 75 77 78 81 82 84 85 86 89 91 92 93 94 95 97 99
30 32 37 40 44 45 47 49 50 53 57 59 60 63 65 67 68 69 70 71 72 74 77 78 87 88 89 93 94 97
31 32 33 38 41 45 50 54 66 67 69 70 73 74 77 78 80 81 83 84 85 87 93 98 99
32 33 34 38 40 42 43 44 45 46 47 50 52 53 56 58 59 60 61 67 69 75 76 77 78 82 86 88 91 95 96 98
33 35 41 44 49 50 51 56 63 64 65 66 67 69 70 71 72 74 75 79 80 81 82 84 85 87 88 91 92 93 94 95 99
34 35 36 41 43 46 47 48 51 53 54 57 62 63 64 65 68 69 70 73 74 75 76 81 82 85 87 89 92 95 96
35 37 40 43 49 50 51 55 58 62 63 64 65 73 74 78 81 82 83 84 85 88 92 96 97 98 99
36 37 43 47 53 57 58 60 61 67 76 81 82 83 86 87 88 91 93 98 99
37 38 39 40 42 44 45 47 48 52 57 61 62 63 65 66 67 69 76 77 83 86 90 91 92 96
38 39 50 52 56 58 63 65 66 67 69 71 73 74 76 77 78 80 81 82 83 85 86 88 89
39 41 42 44 46 47 48 49 53 54 55 56 62 64 66 69 72 73 77 81 85 86 87 88 94 96 97
40 41 43 47 51 56 58 60 61 62 63 65 67 68 72 75 76 78 79 87 88 95 96 99
41 43 45 49 50 52 53 55 57 58 61 62 64 65 66 68 72 73 77 80 83 84 85 87 88 90 92 93 99
42 44 47 52 53 54 55 56 57 58 61 62 64 65 68 72 73 76 77 79 81 82 83 84 85 87 91 92 94 95 96 97 98
43 46 48 53 54 58 60 61 62 63 66 68 69 73 77 81 84 87 98
44 45 50 54 57 62 63 64 72 73 74 76 77 79 80 81 83 84 87 89 90 92 93 94 99
45 50 55 57 59 61 63 68 69 70 75 76 78 79 83 86 87 88 90 92 94 97
46 47 48 51 52 54 55 56 60 66 68 70 72 73 74 76 77 78 80 85 87 89 90 93 94 95
47 49 51 52 54 57 58 59 62 63 68 70 72 75 77 80 82 87 94 96 99
48 50 51 53 55 56 57 60 62 63 66 67 70 71 73 75 76 77 81 84 85 86 91 94 97 98
49 51 56 58 61 62 67 70 71 72 74 77 80 81 84 86 87 88 94 96 98
50 54 59 60 63 66 67 71 75 78 80 81 83 88 89 91 94 95 97 98
51 52 55 57 58 61 62 65 66 67 68 71 74 76 77 82 85 91 92 96 98 99
52 53 58 63 64 65 66 69 72 74 77 80 81 82 83 86 90 92 95 96 98
53 54 56 57 58 61 67 68 69 70 71 73 79 81 82 84 86 89 94 99
54 55 60 67 70 71 74 75 78 80 81 86 88 90 91 92 93 96 98
55 57 59 60 61 62 64 67 69 70 72 75 76 80 81 82 85 92 93
56 58 60 61 62 64 65 66 68 74 75 76 82 86 89 90 91 96 97 98 99
57 58 63 65 67 68 70 72 76 80 83 87 91 93 95 96
58 61 64 65 70 71 72 73 74 76 78 79 81 82 84 88 90 92 94 95 96 98
59 68 69 71 76 78 80 81 82 83 91 92 97 98 99
60 65 68 72 73 78 80 84 85 86 88 89 90 91 96 97
61 70 71 77 84 86 92 95 97 99
62 63 65 68 72 75 76 78 80 81 83 84 86 87 94 97 98 99
63 65 68 69 70 71 72 74 78 82 83 91 92 94 95 99
64 69 70 72 74 75 76 79 81 82 84 85 87 91 95 96 97 98 99
65 66 68 69 75 76 80 81 82 84 87 88 89 90 95 97 98 99
66 67 70 75 81 86 92 96 99
67 73 74 75 82 85 88 89 91 99
68 74 77 80 83 84 86 90 93 94 98
69 70 71 75 77 79 80 81 82 85 87 94 96 97 99
70 71 72 73 77 84 87 89 90 92 94 96 97 99
71 73 76 78 81 82 83 87 89 90 98
72 81 82 83 85 87 90 92 94 95 96
73 76 77 79 81 84 85 86 90 93 94 96 97 98 99
74 76 81 83 86 88 89 92 93 95 97 98 99
75 76 79 80 82 84 90 91 93
76 78 80 81 85 87 91 92 93 99
77 79 86 89 93 94 97 98
78 82 85 86 88 89 94 95 97 98
79 81 84 85 88 93 96 99
80 82 83 85 89 93 96 98 99
81 83 84 85 89 90 92 93 94 95 96 99
82 83 85 86 87 88 91 92 94 95
83 84 87 88 92 93 94 97 98 99
84 85 86 87 88 89 95 97 98
85 88 90 92 94 95 99
86 90 92 94 96 97 99
87 89 90 92 97
88 90 94 98
89 91 94 96
90 93 94
91 94 95 96
92 94 96 98
93 94 96 98 99
94 97
95
96 97 98
97 98 99
98 99
99

!90