#RandomGeneratorDifficultGraph.py
# GMT Tue Jul 18 16:25:21 2023
# 
0 27 57 60 88
1 16 25 32 42 45 60 67 77 82 91 95
2 7 16 28 31 47 49 53 76
3 23 28 73 79 80 87
4 5 12 13 16 25 34 43 56 65 93 97
5 10 31 39 40 64 70 77 84 86
6 27 41 54 61 63 64 76 77 86 94 96 98
7 9 30 33 37 42 53 57 64 77 79
8 15 17 37 46 50 61 77 81
9 17 21 37 56 63 68 69 80 97
10 14 37 40 47 58 74 78 86
11 29 40 61 76 88 90 95 97
12 21 23 44 48 61 70 75 87
13 29 34 36 42 55 57 76 77 86
14 20 59 67 72 96
15 16 30 36 53 77 79 81
16 19 28 49 59 62 79 84
17 18 30 46 56 69 73 80
18 23 31 46 49 95
19 24 35 46 80 82 88 90
20 23 38 39 53 61 64 85 88 92 98
21 25 39 49 59 65 68 69 70 73 79 80 84 89
22 34 47 54 60 61 68 88 98
23 34 57 61 65 72 90 95
24 32 47 54 63 74 89 97
25 33 35 45 53 56 57 59 83 91
26 30 45 46 50 94 96
27 39 45 51 52 75 91
28 40 52 65 82 89 93 94 98 99
29 40 46 54 74 75 80 90 94
30 31 38 44 50 56 57 62 66 77 79 93
31 42 58 66 71 72 77 91 92 94 98
32 34 51 63 70 80 82
33 38 71 84 92 95
34 61 85 90 93
35 48 51 68 75 99
36 38 46 47 54 59 62 71 80 81 85 86
37 46 73 82 96
38 57 66 99
39 40 53 57 68 77 82 85
40 44 52 57 60 63 64 65 70 75 78 82 91
41 51 52 53 65 81 96
42 44 45 56 69 82 87 89 95 98
43 48 57 69 84 85 93
44 45 65 85
45 50 57 76
46 58 67 84
47 56 63 69 71
48 50 73 96
49 54 79 92
50 54 73 75 77 79 84 92 93
51 53 75
52 65 66 70 82
53 64 80 84 89 95 96
54 63 64 70 82 84 85 90 96
55 75 78 94
56 58 70 81 98
57 60 65 66 87
58 65 70 75 93 94
59 73 97
60 62 72 88
61 67 79 84 88 89 91
62 68 72 76 77 87
63 74 86 96
64 73 81 87
65 81 88 89
66 70 84 87 90 91
67 81
68 85 86 88 95
69 70 72 82
70 80
71 74 95
72 73 79 80 83 96 98
73 87 89 97
74 78 84 89 95
75 78
76 80 90
77 90
78 80 87 91
79 83 87 88 91 92 94
80
81 83 88
82 83
83 92 94 95
84 86 88 92
85 88
86 97 98
87
88
89
90 93 97
91
92 93
93
94 99
95 98
96 97 99
97
98
99

!75