#RandomGeneratorDifficultGraph.py
# GMT Tue Jul 18 16:24:16 2023
# 
0 2 4 6 26 37 38 39 46 47 48 54 64 68 75 78 82 83 91 92
1 7 12 23 24 27 32 33 41 43 54 57 66 69 73 82 84
2 4 7 12 21 38 41 47 50 71 72 77 84 88 99
3 16 22 25 27 32 35 36 41 43 59 61 68 70 84 87 89 90 93 96
4 8 10 19 28 32 33 36 38 43 47 61 69 70 85 87 89 95 99
5 12 16 22 23 30 37 38 41 44 49 55 59 61 69 75 77 90 96
6 7 11 23 34 36 42 48 53 54 55 56 58 61 66 67 77 78 82 87 89 96
7 15 19 27 37 41 42 47 48 51 54 56 59 62 65 70 74 75 78 83 90 93
8 27 34 36 43 54 58 60 76 92 93 98
9 10 12 16 18 20 23 29 32 33 37 47 48 50 67 71 72 78 87 88 89 94 96 97 99
10 11 13 18 19 25 39 64 71 83 87 91
11 13 14 15 34 38 39 41 49 59 79 91 97 99
12 13 14 17 21 24 28 31 38 40 48 49 50 52 54 57 62 63 66 82 85 87 92 97
13 17 19 20 25 26 27 32 45 53 55 58 61 63 66 71 80 85 89
14 15 17 19 20 24 26 31 44 65 80 82 86 87 97
15 16 17 37 38 46 48 50 57 64 65 70 73 74 80 81 82 84 89
16 26 27 28 32 40 42 51 58 59 65 68 70 72 74 88
17 21 31 32 33 50 51 53 56 61 67 71 76 83 87 92 97
18 24 26 33 35 49 56 57 59 71 90 91 96 99
19 21 22 27 43 47 51 61 70 87 89 98 99
20 24 36 37 43 50 53 54 55 85 90 95
21 23 29 31 32 35 38 41 43 44 49 54 59 63 64 78 87 91 94 95 97
22 25 27 32 34 37 43 45 48 70 81 85 86 92 95
23 24 29 32 44 47 52 54 56 68 74 86 87 88 97 98
24 30 31 33 34 36 53 56 60 61 65 67 68 69 72 78 79 81 82 86 87 91 97
25 31 33 47 48 56 60 65 66 69 73 75 90
26 38 39 44 45 46 47 54 69 71 72 73 74 77 80 81 92 98
27 36 37 42 44 52 63 66 70 71 73 76 77 78 83 92 96
28 29 32 33 45 53 67 84 89
29 31 35 36 42 52 57 64 74 91
30 38 41 44 48 53 55 62 69 70 71 74 75 78 81 96 98
31 33 38 40 49 54 59 60 65 68 69 75 83 85 92 98 99
32 37 38 39 44 47 50 59 66 68 75 78 79 81 83 85 86 95 97 98
33 37 47 49 54 78 79 85 86 89 91 93 96
34 36 37 38 39 48 49 50 51 55 68 70 95
35 39 41 42 55 56 59 69 71 85 97
36 50 53 54 58 65 67 70 71 78 82 85 86 88 91 95 98 99
37 39 41 42 58 67 77 84 88 90 92 95 99
38 39 40 46 48 51 52 53 56 58 67 68 69 70 78 84 87 89 90 94 96 97
39 40 42 49 51 52 55 58 65 68 70 87 88 90 91 92 93
40 43 50 57 70 76 79 80 81 83 84 89 93 96 99
41 44 45 51 55 60 61 66 68 82 84 87 95
42 58 72 74 78 83 84 86 90 95 97
43 49 50 59 61 65 71 72 87
44 56 69 70 74 84 85 88 90 95 99
45 48 50 62 66 68 73 77 82 95
46 49 65 72 90 91 95 96
47 57 63 72 73 80 83 98
48 50 51 53 55 57 69 73 78 81 82 83 87 93 98 99
49 50 54 58 64 66 97
50 55 56 64 78 82 87 97
51 62 65 69 71 75 76 79 80 84 98
52 55 64 66 67 78 80 88 90 94 96
53 56 60 61 66 70 71 83 85 87 90 93
54 59 61 70 75 76 77 87 89 98 99
55 60 62 64 66 67 73 77 81 83 87 89 95
56 59 73 76 77 81 85 95
57 64 69 71 75 77 78 79 85 97
58 69 72 77 79 88
59 63 94
60 63 68 81 85 94
61 69 71 84 86 87 88
62 63 70 74 78 84 86 90 91 96
63 68 78 82 92
64 74 79 90 98
65 70 76 77 79 82 84 87 91 93 95 96 99
66 68 73 75 84 90 92 97 98
67 69 71 73 74 76 80 81 87 91 93
68 69 76 82 87 96 98
69 73 75 82 89 90
70 71 76 82 89 90 91 96 98
71 73 76 79 88
72 78 79 84 88 92 99
73 76 83 87 91 94 99
74 75 83 90 96
75 87 89 95 97
76 79 82 96
77 93
78 80 96
79 92 94
80 88 93
81 92 98
82 83 94 96
83 90 91
84 94
85 88 95
86 87
87 91 98 99
88 91 94
89 92
90 91 96 98
91 92 94
92
93 97
94 98
95 99
96
97 98
98
99

!82