#RandomGeneratorDifficultGraph.py
# GMT Mon Jul 24 14:27:14 2023
# 
0 1 2 3 4 6 7 8 11 14 16 17 19 21 24 25 26 27 28 29 30 33 34 38 39 41 46 50 53 57 59 64 65 66 73 74 78 81 83 84 86 88 89 90 95 96 98
1 2 3 7 10 11 12 17 22 27 33 34 35 38 40 44 45 46 47 48 49 51 53 58 63 64 65 66 68 69 70 71 74 75 79 82 83 84 89 92 94 98 99
2 4 9 14 15 16 18 21 22 26 28 29 31 32 33 35 49 50 54 57 58 63 65 67 68 70 71 72 74 75 76 88 91 93 94 98
3 5 8 9 10 11 12 13 15 20 23 26 27 29 30 32 34 36 38 41 43 45 47 48 50 51 52 53 54 56 57 58 59 61 66 67 68 69 70 73 74 76 78 79 80 81 96
4 7 8 10 11 12 18 20 22 23 26 29 30 33 36 37 38 43 44 46 47 51 59 61 64 67 70 72 73 74 76 78 80 81 85 88 90 92 99
5 6 10 12 15 16 21 24 26 27 28 29 30 32 34 37 38 42 44 47 49 50 53 56 63 65 67 68 72 74 76 79 82 85 90 95 96 98 99
6 9 13 14 15 19 20 23 24 28 31 32 37 41 44 48 49 52 56 57 61 63 66 69 71 73 75 76 78 79 84 93 94 96 97 99
7 8 10 13 14 16 17 19 20 22 24 25 26 27 29 30 32 33 34 35 38 39 47 48 49 51 52 54 62 63 65 76 77 78 80 83 87 88 93 97 98 99
8 9 10 15 20 23 24 25 27 31 37 40 42 45 48 50 52 54 57 58 61 64 67 69 70 72 74 75 76 77 78 80 82 83 85 90 92 93 94 97 99
9 15 16 17 19 20 22 24 26 35 39 40 41 43 47 48 49 50 52 57 59 60 62 64 65 80 84 87 88 89 90 94 95 96 97 99
10 15 17 19 21 24 25 26 29 31 35 43 46 53 55 62 63 66 69 71 72 74 75 80 81 83 88 90 97 99
11 15 16 19 21 27 30 31 32 33 39 44 48 50 52 53 55 57 58 66 67 68 70 74 75 76 83 85 87 90 92 94 96 97 99
12 15 17 26 28 30 32 34 35 38 42 43 44 49 50 52 57 61 62 66 68 72 74 75 81 82 83 84 86 89 92 96 98
13 15 16 19 22 32 36 37 39 40 41 43 47 48 49 51 52 53 58 59 63 66 70 71 73 77 78 79 80 86 87 88 89 93 94 95 96
14 15 23 27 28 30 31 32 34 35 38 39 40 41 42 44 50 52 56 61 62 66 68 70 74 77 80 82 84 88 90 93 97
15 20 33 42 43 48 50 52 53 56 57 58 63 64 65 68 70 75 78 81 83 85 87 89 92 96 98
16 19 21 22 23 25 27 29 32 35 36 37 38 40 46 47 49 51 52 56 57 58 61 66 68 69 71 76 78 80 86 88 92 93 95 99
17 20 24 26 28 30 31 33 36 37 40 44 47 49 51 52 60 61 65 67 68 72 73 75 81 82 84 87 88 90 93 94 96 97 98
18 22 23 24 28 34 35 38 39 43 47 50 53 54 61 65 66 69 71 72 74 76 77 80 81 82 84 86 90 93 95 98 99
19 20 30 31 32 33 34 40 41 42 43 46 50 52 54 57 58 59 60 62 63 64 67 69 70 72 73 76 77 79 80 84 85 86 88 89 94 99
20 22 23 25 27 28 30 33 40 41 43 46 48 49 51 53 54 55 56 63 65 68 74 76 78 80 81 82 83 86 87 88 92 93 95 97 99
21 27 29 34 37 39 40 44 45 47 50 54 56 57 60 62 63 65 73 74 75 77 81 82 83 85 86 88 92
22 25 26 30 31 34 35 38 39 44 45 46 47 52 53 62 63 67 68 69 70 71 73 74 75 76 81 83 86 87 88 90 96 97
23 24 26 29 30 32 33 34 37 46 47 49 51 53 54 56 57 59 60 62 63 65 67 70 74 77 78 79 80 81 83 85 89 90 94 96 98
24 25 26 27 29 31 36 38 40 42 43 48 50 58 61 64 66 68 70 72 73 77 79 80 81 83 84 86 87 91 92 94 95 96 98 99
25 27 30 32 34 36 37 40 42 49 52 53 57 59 65 67 72 73 74 82 83 84 88 89 91 92 93 95 97
26 27 28 31 32 36 38 45 46 56 57 60 62 63 68 69 70 72 76 79 80 81 85 88 89 90 92 98 99
27 29 30 32 33 34 35 38 41 42 43 45 46 50 51 52 54 59 61 63 73 75 76 77 81 83 84 86 87 88 91 92 96
28 29 30 32 33 36 37 43 44 47 48 49 57 58 59 66 68 71 73 76 77 80 81 83 89 90 91 95 97 99
29 32 35 37 38 39 40 43 46 48 51 54 55 59 60 63 64 65 66 67 69 70 78 80 81 82 86 88 91 92 94 95 97 99
30 33 36 37 38 39 41 42 44 47 48 50 53 56 57 58 63 70 73 75 77 81 83 84 86 87 89 94 95 98 99
31 32 38 41 42 45 46 47 54 55 60 63 64 66 71 72 73 76 77 83 84 87 90 97 99
32 35 43 44 47 50 53 55 61 64 68 70 72 73 74 75 76 82 84 86 87 89 90 92 93 96
33 35 37 41 43 44 45 49 51 53 55 64 68 69 71 73 74 78 79 81 82 86 88 92 94 97
34 36 37 40 44 46 47 51 53 54 56 57 59 62 67 72 74 75 76 79 81 82 84 85 87 88 91 93 94 96 98
35 39 42 44 56 57 58 61 62 69 71 72 73 75 77 78 80 82 84 88 89 95 97
36 37 38 43 44 45 54 55 57 59 61 63 70 71 75 76 77 79 80 81 84 85 87 89 91 93 99
37 40 42 47 51 53 56 59 62 65 70 74 78 82 84 85 87 96
38 41 42 45 49 51 53 54 55 61 62 64 66 68 70 75 78 79 81 83 84 88 89 90 92 93 95 96 99
39 40 41 42 45 51 53 54 55 60 61 62 63 66 68 70 72 75 76 77 78 82 84 90 91 92 96
40 42 43 44 45 47 48 50 52 57 61 63 65 66 68 69 70 71 72 73 76 80 81 83 84 87 95
41 45 50 51 53 55 57 58 59 61 64 65 66 70 74 76 77 80 81 82 83 92 93 95 97 99
42 47 48 51 52 59 62 66 67 77 78 81 88 90 92 93
43 44 45 47 49 50 53 54 56 59 60 63 64 65 66 68 69 71 72 73 78 79 82 84 85 91 97
44 45 48 49 51 53 57 61 62 68 72 75 77 78 79 82 83 86 88 93 94 97 99
45 46 49 50 53 57 62 63 67 68 69 71 76 83 86 87 88 89 91 93 94 99
46 53 56 57 59 64 71 72 76 78 83 85 86 89 90 95 96 99
47 48 49 57 58 60 62 63 68 73 75 76 78 84 87 89 90 92 93 94 96 98
48 50 52 53 54 58 67 69 71 72 74 76 77 82 84 85 86 89 91 93 96 98
49 56 58 62 67 70 71 75 77 78 79 82 83 84 85 89 92 95 96
50 52 54 56 57 59 60 61 63 72 74 79 81 83 84 85 86 89 91 93 95 97 98
51 52 57 61 64 69 73 77 79 81 86 88 90 94 95 97 98
52 55 56 60 63 66 68 70 71 75 80 81 82 85 86 87 90 93 99
53 54 57 58 64 65 66 69 72 74 75 76 78 81 82 83 86 88 90 91
54 55 58 60 62 65 68 69 70 75 76 77 78 81 84 85 90 92 94 98 99
55 61 64 65 70 72 78 84 87 89 97
56 57 58 60 64 65 66 69 71 72 74 80 81 83 84 87 88 89 90 92 93 94 95 97
57 60 61 63 65 69 72 73 74 80 85 86 93 94 96
58 59 60 62 63 64 66 69 73 76 77 82 83 85 87 88 90 91 92 93 95 96 97 98
59 62 64 75 76 77 81 84 86 88 92 94 97 99
60 62 63 68 70 74 78 79 80 84 85 94 96 99
61 67 72 74 76 83 87 88 89 92 93 99
62 63 74 76 77 80 84 86 87 89 92 94 95 98
63 65 67 69 70 73 78 82 85 90 92 93 95 97 98
64 67 68 70 71 73 74 77 78 79 80 82 83 84 86 88 89 94 96 97
65 68 73 74 75 76 79 83 84 87 92 96 98
66 67 69 71 72 73 74 79 81 84 87 89 93 95
67 69 74 75 83 86 87 90 94 97
68 72 76 81 82 83 86 88 91 92 94 95 96
69 77 78 79 80 82 86 88 89 94 95 99
70 71 72 76 79 82 84 87 89 91 93 95 97 98
71 72 75 81 82 86 88 89 92 93 94 97
72 75 77 78 80 83 85 90 91 94 96 97 99
73 74 77 78 79 81 82 88 89 93 96 97 99
74 75 76 80 82 86 92 93 95 97
75 78 79 81 83 85 88 91 93 94 95 97
76 78 82 84 85 87 88 94 95 96 99
77 78 81 86 88 90 91 92 93 97 98 99
78 81 83 88 89 95 96 99
79 80 84 94 95 96
80 82 85 88 89 94 95 96 97 98 99
81 83 87 90 93 95 97
82 85 86 87 89 90 92 96 98 99
83 84 89 99
84 86 91 92 93 95
85 88 91 92 93 94 99
86 89 90 93 94 97 98
87 88 89 92 93 94 96 97 99
88 92 95
89 93 98
90 95
91 93 94 95 96 97 98 99
92
93 97 98
94 97 98
95 96 98
96
97 98
98 99
99

!90