#RandomGeneratorGraph.py
# GMT Thu Jul 13 14:13:44 2023
# 
0 1 4 9 10 14 17 20 21 24 25 27 28 31 32 33 35 36 40 43 44 51 57 58 61 65 70 72 73 77 78 84 89 92 101 104 107 108 113 114 115 121 124 125 126 128 129 131 132 133 135 136 139 141 142 144 145 148
1 3 4 5 7 11 15 17 19 21 22 25 27 31 32 34 38 43 44 45 48 49 51 53 56 57 58 61 62 66 71 73 74 76 80 81 82 87 89 90 91 95 98 100 101 102 107 110 112 113 115 116 119 120 121 123 125 128 129 131 133 134 136 139 140 144 145
2 4 6 7 8 9 15 16 17 18 21 22 26 27 28 29 31 32 34 38 41 43 47 48 51 53 55 56 63 65 68 69 76 77 78 79 83 84 85 86 87 89 92 93 100 103 108 110 111 114 117 120 128 129 130 133 136 138 140 144 147
3 9 12 13 14 17 20 21 22 24 25 27 31 32 34 36 46 47 48 50 56 59 61 63 66 67 72 73 74 75 86 87 90 91 92 114 115 119 123 127 129 136 137 139 140 143 146
4 5 7 9 12 13 17 20 24 26 32 34 35 37 39 42 43 44 46 47 48 51 52 57 59 61 62 64 65 66 70 72 76 79 80 83 86 88 89 91 92 93 97 98 100 101 102 103 104 110 114 115 118 122 123 125 133 135 139 140 143 145 148 149
5 8 10 12 13 14 16 17 21 23 25 26 30 40 41 42 44 45 47 50 51 52 53 57 59 60 61 71 78 85 86 90 93 94 96 97 98 101 102 105 107 108 111 124 125 134 137 138 140 141 142
6 12 13 18 23 31 34 37 39 40 42 43 44 47 49 60 61 63 64 65 68 71 76 79 83 84 85 91 92 94 97 99 100 102 107 111 113 115 120 125 126 129 130 136 138 140 141 142 144 146
7 8 9 14 16 17 18 19 20 25 26 30 31 32 34 35 38 41 42 43 44 47 48 50 51 52 53 54 55 56 59 61 63 65 77 81 83 84 87 88 92 93 100 101 103 105 107 110 112 114 116 118 122 126 136 138 140 141 142 143 145 146
8 11 13 15 16 19 21 25 27 28 34 37 40 43 45 47 49 50 59 65 66 67 68 69 70 74 75 79 80 85 86 91 92 96 107 109 111 116 117 119 120 125 130 131 132 133 135 136 142 143 144 145 146 148 149
9 10 11 14 19 20 22 24 26 29 31 32 33 34 37 39 41 43 45 47 52 53 55 59 62 63 65 69 71 73 74 75 76 78 81 90 91 93 96 97 102 104 109 112 113 117 121 122 124 125 129 134 143 144 147
10 16 18 20 21 31 32 33 34 36 37 38 44 45 48 53 54 56 57 58 60 61 62 65 69 70 73 75 77 78 81 87 88 89 91 92 93 94 96 99 101 103 104 106 108 110 112 113 115 116 118 119 121 125 126 127 133 134
11 17 18 20 23 29 32 34 37 38 39 43 44 45 48 52 55 59 60 65 66 71 72 73 74 78 80 83 84 88 91 93 94 95 96 103 104 105 106 109 112 113 114 117 118 120 121 122 123 124 125 127 128 129 131 134 136 137 140 141 143 146 148 149
12 13 14 19 20 22 25 26 27 29 30 31 32 33 39 41 46 47 54 56 57 59 60 61 65 68 69 71 73 75 82 83 87 88 96 97 99 100 103 104 106 108 109 112 113 114 115 117 118 119 130 132 133 135 136 137 138 139 140 144 146 147
13 16 17 19 20 21 23 24 25 34 35 38 39 40 41 43 44 47 49 52 53 59 60 61 65 69 71 73 81 85 87 93 94 96 97 103 105 106 108 113 114 116 117 120 125 130 131 132 134 135 143 145 146 148
14 16 17 20 23 25 29 31 35 36 41 47 48 51 53 56 57 58 59 60 61 62 63 67 69 71 77 83 87 89 90 91 93 97 99 100 106 107 108 111 112 118 119 121 123 126 128 133 140 141 143 145 147 148 149
15 18 19 20 21 22 26 29 30 31 33 34 39 41 43 45 49 51 57 58 59 62 64 65 66 67 72 75 85 90 92 95 96 97 98 100 101 107 119 122 123 124 126 128 131 132 136 137 139 142 144 148 149
16 20 30 31 32 36 40 41 49 54 56 57 61 72 73 74 75 77 79 80 82 83 86 87 89 91 93 95 99 101 106 107 111 113 115 116 117 121 125 126 133 134 138 145 146 148 149
17 27 28 29 32 33 35 37 39 44 50 54 56 61 62 65 68 70 71 72 73 74 75 80 83 88 91 92 93 97 98 99 100 101 102 107 109 110 111 114 115 120 121 122 126 130 131 132 135 136 137 138 139 142 143 145 146 148 149
18 23 25 26 30 31 32 33 35 37 38 39 40 45 46 48 50 51 52 53 54 55 61 63 65 66 67 68 72 74 77 78 80 83 86 89 97 98 101 107 110 112 116 119 129 133 134 139 141 142 143 144 147 149
19 20 31 32 33 34 38 40 42 45 47 49 50 51 52 55 57 67 68 70 73 79 82 83 87 88 92 93 95 97 100 101 103 104 105 106 107 111 112 115 117 121 122 125 130 131 132 135 140 143 144 146
20 22 24 25 28 29 30 31 39 45 46 47 48 52 55 56 57 58 59 61 63 66 74 79 88 93 95 101 106 109 112 113 114 123 124 128 130 131 132 133 134 137 141 142 144 145 147
21 22 28 32 34 38 42 43 45 46 48 49 50 55 57 63 65 68 69 71 73 74 76 78 79 83 84 85 87 88 90 91 95 97 99 100 102 107 108 110 113 114 118 119 123 125 128 130 133 134 136 141 142 143 146 148 149
22 23 26 33 34 45 46 48 49 51 53 54 55 56 57 58 62 63 65 66 67 72 74 77 79 81 84 85 86 87 91 92 94 99 101 102 103 104 108 112 115 117 122 126 129 131 132 133 137 138 139 140 141 142 143 144 145 147 148 149
23 24 26 32 34 35 40 42 44 45 50 53 54 55 57 59 62 65 66 67 68 69 72 73 75 80 85 86 89 91 92 93 95 97 98 99 106 109 111 113 119 121 123 124 126 128 129 130 134 137 141 144 145 147 148
24 25 28 30 31 34 35 37 38 40 42 43 51 52 54 62 65 68 71 78 79 80 82 83 85 87 88 90 93 94 96 97 98 99 101 102 103 108 118 122 124 126 128 129 130 134 137 138 142 143 145
25 28 30 31 36 38 41 45 48 50 53 54 55 56 57 60 63 64 67 68 69 71 72 73 76 82 84 87 90 91 93 96 97 98 102 105 111 112 113 116 117 120 121 122 123 124 125 127 131 132 134 136 139 140 144 146 148
26 30 33 34 35 37 38 39 42 48 50 51 58 60 61 62 63 66 68 70 71 72 73 74 77 80 82 84 90 92 99 103 107 109 110 111 115 116 117 122 123 125 126 128 132 133 135 137 138 141 142 143 144 149
27 29 33 34 39 41 42 46 47 52 55 57 58 61 62 65 67 73 74 75 76 78 80 85 86 92 93 95 101 103 113 114 118 120 121 122 124 126 128 129 130 132 138 142 143 145 147 149
28 30 32 35 38 40 41 43 44 46 52 55 56 58 59 61 66 67 69 71 75 77 82 83 85 88 89 91 92 94 96 100 104 107 108 110 112 113 115 118 125 126 128 130 133 134 137 138 139 144 148
29 30 32 33 34 35 36 39 44 48 52 53 55 58 59 61 64 70 71 74 75 76 77 83 86 88 91 93 94 96 97 98 99 103 107 108 112 114 116 117 119 120 127 132 135 136 145 146 148
30 36 40 43 44 47 53 57 67 68 69 70 71 74 79 82 85 87 89 92 99 102 103 104 105 107 109 110 113 115 116 117 124 125 127 132 133 134 135 137 139 141 145
31 36 37 39 40 46 49 52 53 58 59 60 62 65 66 73 75 76 77 82 87 90 94 95 98 99 101 102 103 104 106 111 113 114 116 119 120 121 124 125 131 132 134 136 138 139 141 143 144 145 146 147 149
32 33 37 38 40 41 42 45 53 55 56 57 58 61 63 64 68 72 76 77 79 82 83 87 89 93 106 108 110 112 114 115 116 119 123 124 125 128 129 130 131 133 134 135 136 138 139 146 148 149
33 39 45 49 55 56 61 62 63 65 66 67 68 69 71 74 79 80 86 88 89 90 92 96 103 104 105 108 113 114 115 116 117 119 123 126 127 128 129 130 131 132 134 143
34 35 37 38 39 40 41 42 43 44 45 52 53 56 57 62 63 64 65 66 67 69 70 71 75 76 79 80 81 82 83 84 85 90 91 95 96 97 98 99 101 105 106 107 110 111 113 118 119 120 121 122 123 124 127 129 130 131 132 137 141 144
35 37 40 41 42 46 47 49 59 65 66 67 68 74 77 80 82 85 87 90 91 94 100 101 103 105 109 110 111 114 116 118 119 126 130 133 134 138 147
36 38 39 41 44 47 51 54 60 63 64 66 67 73 76 79 84 87 89 92 96 98 100 102 104 107 108 114 119 120 121 123 126 127 128 130 135 139 143 146 147 148 149
37 39 42 46 47 50 51 52 53 54 57 64 66 67 68 71 72 75 81 83 87 90 91 99 100 101 103 111 114 116 121 122 124 128 129 130 133 134 135 136 137 146 147 148 149
38 40 45 46 47 50 54 55 56 57 59 62 64 65 74 81 83 84 85 86 87 92 93 94 96 97 98 100 101 102 108 109 110 112 113 114 115 116 117 118 120 123 127 129 131 132 136 141 143 145
39 40 42 44 48 49 54 55 62 63 64 65 71 73 74 75 78 79 83 84 86 88 89 92 93 96 98 99 103 113 117 118 120 125 126 127 128 129 133 134 137 138 139 141 149
40 43 45 47 59 60 63 65 67 69 70 75 76 83 84 85 86 88 94 95 97 100 101 102 104 106 107 109 110 111 112 114 115 116 117 118 124 125 128 142 143 145 146 147
41 45 50 53 60 62 64 66 70 74 75 78 81 82 85 92 93 94 95 96 99 103 107 110 112 113 126 127 131 143 145 147
42 43 45 46 48 50 54 59 62 64 66 68 74 75 76 79 80 84 88 92 94 96 97 98 100 103 105 106 109 114 118 119 120 121 122 124 125 126 133 135 136 139 141 148 149
43 48 49 50 51 56 58 61 63 69 75 77 78 79 82 83 84 88 90 95 97 101 106 108 111 119 120 122 125 127 129 130 133 134 138 144 145
44 47 49 51 53 57 61 62 63 64 65 66 67 73 75 79 81 82 83 86 88 90 93 94 95 96 98 101 104 108 109 111 112 113 115 118 119 120 125 126 127 132 137 138 140 149
45 47 48 57 63 66 69 74 75 76 77 78 82 84 85 87 90 92 97 98 103 104 108 112 116 121 122 124 125 128 129 130 132 133 136 137 138 142 144 149
46 48 51 54 55 59 62 63 66 68 69 71 72 77 78 87 91 96 101 103 105 106 108 109 110 113 122 124 125 126 127 130 131 133 137 138 140 142 143 144 148 149
47 49 53 54 56 63 64 65 66 68 74 75 77 78 87 96 100 102 103 104 106 108 110 111 115 117 120 123 124 126 136 138 139 140 141 145 147 148
48 51 52 53 55 57 60 65 67 68 71 72 79 80 87 89 90 92 93 94 95 97 99 101 102 107 115 117 118 120 121 123 128 130 132 135 136 138 140 146 149
49 51 56 58 61 70 71 72 74 75 76 77 78 79 81 82 84 86 91 93 98 100 101 102 104 105 106 109 116 118 120 123 124 125 127 135 136 137 140 141 143 144 149
50 56 59 60 64 67 70 72 74 75 77 81 86 87 88 90 93 98 102 115 118 121 125 127 131 132 133 138 142 144
51 53 58 59 63 64 66 67 68 73 74 75 79 80 81 83 88 89 90 91 94 100 104 105 109 110 111 114 115 116 118 121 123 129 131 132 133 135 137 139 141 142 145 148 149
52 55 56 57 58 59 60 62 65 67 69 72 74 76 78 80 82 87 90 93 96 98 99 100 104 105 106 107 110 113 119 123 125 127 132 138 140 142 147 148
53 56 59 69 71 72 75 76 77 78 80 83 84 85 87 88 90 91 93 100 107 109 111 115 116 118 121 130 132 135 136 142 143 144 146
54 58 59 60 61 62 64 66 69 73 77 80 85 86 89 90 95 96 101 103 105 106 107 109 115 116 117 118 119 121 122 130 131 133 135 137 138 140 142 144 149
55 60 62 63 65 69 75 76 77 79 81 83 85 86 87 89 90 91 95 96 97 101 102 104 109 110 116 120 122 123 125 129 131 134 136 137 138 139 141 142 144 146 148
56 57 62 64 66 67 68 70 71 74 78 80 87 93 98 101 103 105 108 113 115 117 119 120 121 123 126 127 128 129 140 142 145 146
57 58 59 69 73 86 87 88 90 91 94 97 99 103 107 109 112 114 116 117 118 121 123 124 126 127 129 130 136 138 140 141 143
58 60 64 65 66 70 71 72 74 77 78 79 80 85 88 95 97 100 101 102 103 104 106 108 111 113 115 118 119 122 123 127 128 133 137 138 139 140 141 142 144 146 149
59 64 66 67 71 72 73 74 77 83 84 88 91 96 97 101 103 108 110 114 117 118 120 121 122 123 124 125 127 129 135 137 138 141 142 143 144 146
60 62 66 67 68 69 71 74 78 80 81 82 84 87 88 89 99 100 102 105 106 107 111 112 114 115 119 120 121 122 123 126 129 130 132 135 137 139 143 145 146 147 148
61 62 66 70 72 73 74 79 80 87 88 89 90 92 95 98 100 104 107 110 111 113 115 116 119 120 124 129 130 131 132 133 136 137 138 140 143 144 145 149
62 64 65 67 70 76 81 86 87 92 97 101 102 108 109 110 112 113 117 118 120 121 124 125 126 127 129 130 131 141 146 147
63 64 65 76 81 82 83 86 89 93 94 95 101 103 104 108 114 120 121 123 125 126 128 132 133 136 137 140 142 144 145 146 149
64 65 66 68 71 74 76 79 80 84 89 90 91 93 94 97 98 100 102 106 107 110 112 116 119 120 122 123 128 133 134 135 136 138 140 141 148
65 66 69 70 73 74 79 80 82 87 89 90 95 97 103 105 106 109 111 116 118 120 121 129 130 133 135 137 138 140 141 142 143 145
66 67 72 73 80 81 83 84 86 88 90 91 92 93 94 97 99 100 102 108 110 114 116 119 120 122 124 126 128 130 131 132 134 136 138 139 140 143 145 148
67 70 74 79 84 86 91 94 95 96 98 99 102 104 105 106 108 109 110 114 126 128 129 130 131 132 135 137 139 142 144 148 149
68 69 71 72 74 75 78 80 85 93 96 99 102 107 108 110 112 114 115 116 120 122 126 127 130 131 140 141 144 145 146 147 149
69 70 76 78 79 81 82 83 85 87 88 90 91 96 97 98 99 100 101 105 107 108 109 110 112 113 114 115 119 123 126 127 129 133 137 139 147
70 73 74 75 77 81 82 83 84 85 86 87 90 91 95 96 98 99 100 103 107 109 111 113 115 116 118 119 122 123 126 127 128 129 133 134 136 137 140 145 146 149
71 73 78 82 84 87 88 89 96 97 98 100 102 105 106 107 110 114 115 116 118 128 129 130 131 132 134 135 136 141 143 144 146 148 149
72 73 74 75 76 77 80 83 87 89 90 91 99 101 103 105 111 116 119 120 122 123 124 126 127 130 131 132 135 136 137 138 139 143
73 74 77 82 83 84 85 86 87 89 92 94 97 99 102 105 106 108 111 112 114 116 117 119 120 122 127 128 129 130 131 141 143 144 145 146 148 149
74 87 88 90 92 97 99 101 103 105 108 110 113 114 115 116 117 119 124 125 126 133 135 137 139 142 147 148 149
75 79 84 85 86 89 91 94 96 97 98 100 107 111 116 118 119 120 121 124 126 127 130 131 132 135 137 138 139 141 146 149
76 77 80 83 84 86 87 89 90 91 92 93 94 96 97 99 102 104 108 109 112 113 115 116 117 125 127 130 131 135 136 138 142 146 147
77 84 86 88 89 98 101 103 104 105 106 109 110 114 122 124 125 128 129 130 131 132 134 138 139 145 147 149
78 80 83 84 85 86 91 93 97 100 103 104 109 112 115 116 117 118 121 125 128 129 132 136 143 147 148
79 80 81 82 83 84 89 91 93 95 97 100 103 109 110 111 112 114 116 119 120 121 128 130 132 133 134 136 140 141 145 148
80 81 83 95 97 99 100 102 110 113 114 115 121 127 128 133 134 136 146 147
81 83 86 92 95 102 104 107 108 110 116 117 118 122 124 125 128 130 134 138 139 141 145 148 149
82 88 89 90 92 96 99 100 102 104 105 107 111 114 117 118 119 120 121 126 128 130 135 137 138 139 141 143 144
83 89 96 97 98 99 102 107 108 109 115 119 121 122 124 127 129 131 133 136 138 139 140 143 144 145 147 148 149
84 87 90 98 101 102 103 107 108 110 111 114 116 118 119 121 124 127 128 131 132 133 137 138 139 140 143 146 147
85 89 90 92 95 98 101 107 109 110 114 119 120 121 122 125 127 130 131 132 133 137 139 140 144 145 146
86 89 91 92 93 94 95 99 102 103 107 108 110 111 116 117 120 121 123 125 128 132 133 138 142 144 146 147
87 88 91 94 98 99 101 102 103 107 109 110 116 118 123 124 126 128 129 131 136 141 142 143 145 149
88 89 90 91 93 94 96 99 100 106 107 112 116 117 118 124 129 130 131 138 142 144 145 148 149
89 93 95 97 99 100 103 105 106 108 110 111 112 117 122 124 126 129 135 136 141 142 143 148
90 92 93 94 95 98 102 105 108 111 116 119 121 123 124 125 126 129 131 134 136 137 140 141 143 144 146
91 97 98 99 100 101 103 106 109 111 114 116 117 125 126 130 132 136 140 142 148 149
92 98 100 104 105 106 107 108 109 113 120 121 123 127 129 130 133 135 140 144 145 148
93 95 96 99 103 104 105 109 110 111 114 117 119 120 124 128 129 130 132 136 137 138 140 144 145 146 147 149
94 95 98 102 106 108 109 110 112 113 115 117 122 123 124 125 126 128 129 131 133 134 139 142 143 145 146 147 148
95 96 99 103 104 110 112 113 115 118 122 124 125 126 133 134 136 137 138 140 142 147 148 149
96 99 100 102 104 108 109 111 114 118 124 126 130 133 135
97 100 102 103 104 107 109 112 114 118 124 126 129 131 133 136 138 142 144 145 146 147
98 99 102 103 104 105 107 109 110 116 117 118 119 120 124 129 132 135 136 137 143
99 100 101 102 106 107 108 109 111 113 114 116 118 119 121 124 126 128 130 131 132 134 135 136 137 139 144 145 146 147 148 149
100 101 102 103 104 105 107 108 111 112 113 114 115 118 121 132 138 139 140 141 142 146 148
101 103 105 106 107 108 111 112 113 115 118 127 128 129 130 135 145 146
102 103 106 107 111 113 114 115 116 120 123 124 125 130 131 132 135 138 141 142 143 147 149
103 106 107 108 110 111 112 119 120 121 126 127 128 132 134 136 141 142 144 147 148 149
104 105 108 109 113 116 117 118 119 122 123 129 134 135 140 141 143 147 149
105 113 114 117 118 124 125 127 134 137 140 141 142 146 148 149
106 109 112 113 114 116 118 126 129 131 134 136 137 139 140 142 143 146 149
107 109 112 113 115 118 122 123 132 133 134 136 137 138 140 141 142 143 148
108 109 112 115 118 119 121 126 134 138 140 141 142 144 146
109 113 115 116 117 119 123 127 128 130 132 133 138 140 144 148 149
110 111 112 114 115 117 118 119 131 136 137 140 141 147
111 118 120 125 127 128 133 138 143 144 148
112 113 117 118 119 120 124 126 127 128 130 144 146 147 148 149
113 114 116 119 120 124 128 131 133 137 138 141 142 144 146 147
114 115 117 118 121 125 128 130 131 133 138 141 142 143 147 148
115 116 120 124 130 133 134 135 137 139 142
116 122 124 126 129 130 135 136 140 142 145 147 148
117 118 124 126 128 130 133 134 135 136 137 138 149
118 119 122 123 124 125 128 130 133 136 137 139 141 143 145 147
119 124 125 126 127 130 131 136 140 141 142 145
120 123 124 125 126 127 129 130 131 132 134 135 137 138 144 146 147 148
121 126 127 128 132 133 134 135 136 141 143 146 147 149
122 125 129 133 135 137 138 140 142 144 146 148 149
123 124 125 126 127 128 132 134 135 138 141 143 144 145 147 149
124 125 126 129 139 140 143 149
125 127 133 135 139 140 143 147
126 130 131 132 133 137 138 140 141 143 144 145 147
127 133 142 143 149
128 130 136 140 141 145
129 133 134 136 140 145 148 149
130 131 133 136 137 138 139 140 142 143 145 146
131 135 137 139 144 148
132 133 137 140 143 148 149
133 135 138 141 142 143 149
134 143 148
135 139 142 143 144 145 146
136 140 145 146
137 138 139 142 143 146 147 149
138 141 144 145 149
139 140 148
140 143 146 148 149
141 144 147
142 143 144 145 146
143 144 146 148 149
144 146 148
145 146 147 149
146
147
148
149

!139