#RandomGeneratorGraph.py
# GMT Thu Jul  6 08:51:52 2023
# 
68 91 15 35 39 58 48
91 50 93 19 99 3
16 20 26 90 7 3 73
20 38 10 94 0 45
47 53 66 8 7 24 78
53 17 5 10 88 90
79 88 55 24 51 80 25
88 82 40 72 66
32 46 94 2 11 65 33
46 70 1 97 99 25
10 43 36 45 80
43 2 18 72 65 33
59 64 84 77 5 78 62
64 96 71 66 77 50
67 77 14 31 48 12 6
77 90 66 35
62 81 0 60 13 50
81 22 58 50 17 56
30 55 50 22 76 69 96
55 86 34 39 51
54 86 29 21 69 9 37
86 50 12 38 45
34 83 58 24 93 49
83 7 96 3 63 97
22 60 80 36 9
70 82 13 23 87 9
82 51 26 65 40
96 56 49 98
8 73 18 39 42 5
73 92 18 75 48
38 33 98 5 90
90 99 25
18 78 17 24
23 98 36 9 51 48
98 6 0 5
50
9 35 2
35 14 76 4
52 97 69 28 1 3 33
97 27 95 42
94 33 93 25 11
39 48 33 25
36 2 61 60
71 17 7 44 75 84
58 31 29 66
7 78 42
2 61 14
33
13 44 4 45 15
44 65 85 6 19
99 89 29 45
72 93 31 0 80
93 57 37
19 57 41 12 6
57 63 95 76 27
92 3 61 84 4 95
61 63 15 41
63 76 85 41
45 89
0 17 21
74 75 1 69 31 78 87
75 26 60 69
28 87 24 41 29 21
87 56 37 41
51 56 49
14 42 1 89
42 29 80
31 12 21
24 4
41 21
11 37 49 26 85
37 1 69
17 29
66 60
56 65 3
6 27 60
21 27
29
1 85
76 48 89
26 65 40
78 95
60
5 84
27 4 15
49 89 4
89 95
69
12 40 15
3
4
95 84
40 25 85
85 80
25
15 84
80
84
65
48

!71