#RandomGeneratorDifficultGraph.py
# GMT Tue Jul 18 12:48:12 2023
# 
0 5 7 8 9 10 11 12 13 14 15 17 18 19 21 25 28 30 35 39 40 42 44 47 50 54 55 56 57 59 60 61 65 67 68 71 72 75 77 78 79 80 82 86 89 90 97 99
1 4 5 8 9 11 17 21 23 28 30 31 32 36 40 41 42 43 45 46 47 49 51 58 61 64 65 66 69 73 76 77 79 81 84 85 86 87 93 94 95 96 99
2 4 5 7 10 16 19 22 23 25 30 31 32 34 35 39 40 43 45 46 48 49 50 53 55 58 60 62 63 65 68 70 71 72 74 76 77 84 85 89 90 96 99
3 6 10 13 16 18 19 23 25 26 28 29 30 31 32 37 39 41 45 46 47 49 56 57 58 61 62 63 65 67 71 75 76 79 80 81 82 91 96
4 6 9 13 16 21 22 25 27 30 33 35 36 39 42 50 52 54 55 62 70 71 74 76 80 83 87 91
5 6 7 8 12 13 16 17 19 22 26 28 29 30 34 35 37 39 42 44 50 53 57 58 59 60 62 63 65 67 69 71 72 73 75 77 78 81 82 84 88 91 94 95 96
6 11 12 14 17 19 21 22 24 27 28 32 33 36 37 38 39 42 43 44 45 50 51 52 54 59 60 62 64 68 69 70 71 73 75 79 81 84 88 89 91 92 93 95 97
7 8 9 12 15 19 21 22 23 28 30 33 35 37 41 43 44 47 50 52 55 57 60 62 71 75 76 79 80 82 83 84 85 88 92
8 9 10 11 12 14 15 17 18 21 24 25 26 27 28 32 33 34 37 39 43 44 46 50 51 54 63 67 68 75 78 79 82 83 85 86 88 92 94 95 96 98 99
9 12 14 18 19 20 21 27 31 34 37 39 41 43 44 46 47 48 50 56 57 58 61 62 63 65 71 73 74 75 77 83 84 88 90 95 98
10 14 15 18 20 21 23 30 32 37 41 42 45 48 49 51 52 55 57 58 62 63 64 65 66 67 68 70 73 74 77 78 80 81 88 89 94
11 12 14 15 16 20 21 24 25 26 30 37 45 54 63 65 68 70 76 78 85 86 87 90 96
12 13 17 18 19 24 27 28 30 33 34 35 37 38 39 41 46 47 51 52 53 54 58 59 60 65 69 71 75 78 86 87
13 16 20 23 24 31 32 35 39 41 45 47 48 51 53 57 59 61 63 64 67 68 71 74 77 82 83 90 91 92 95 96 97
14 17 19 23 24 25 26 27 31 33 39 40 41 46 50 53 58 60 64 65 66 67 68 69 70 77 80 83 86 88 89 90 91 92 93 95 99
15 21 27 28 29 33 37 42 43 46 47 49 53 57 58 59 63 66 73 76 80 82 83 85 86 89 92
16 18 19 23 28 38 40 44 47 49 52 56 59 60 61 62 63 68 69 73 74 77 79 81 82 87 89 92 93 97 99
17 18 25 27 29 30 33 35 36 37 38 39 40 45 46 48 49 50 52 53 54 56 57 58 61 62 63 65 68 69 70 71 75 76 78 82 83 87 88 89 90 91 92 96 98
18 20 25 30 33 35 37 38 49 52 55 56 60 62 64 66 68 70 75 76 78 80 81 82 84 85 87 90 97
19 21 22 24 26 29 31 39 42 45 47 50 52 54 55 61 63 68 69 71 76 79 80 81 82 95 96 98 99
20 23 26 32 33 35 36 38 40 43 48 49 50 56 58 60 62 65 67 68 70 71 74 75 83 88 91 92 95 97 98 99
21 23 24 28 29 30 31 36 41 43 48 50 51 52 53 58 59 61 66 67 69 71 72 75 76 80 83 84 88 89 91 94 95 98 99
22 23 24 29 32 33 37 39 41 44 45 46 53 57 59 62 64 67 68 69 74 75 76 79 81 83 84 86 89 92 94 95 98
23 24 31 43 46 47 48 51 52 53 57 60 63 72 73 74 75 76 78 79 80 82 83 85 86 87 88 93 94 95
24 25 30 33 34 35 36 43 46 47 49 53 54 56 58 60 61 62 64 66 67 72 74 75 76 78 79 81 83 86 87 91 95
25 26 27 28 29 31 36 37 43 44 47 53 57 58 60 62 65 70 71 72 73 74 80 86 90 93 95
26 27 29 30 33 35 36 38 40 41 48 51 52 55 56 57 59 61 68 71 73 78 81 82 85 86 88 92
27 28 30 33 35 39 41 63 64 65 66 67 70 71 72 76 79 81 82 84 85 87 91 92 95 96
28 33 37 39 44 47 55 63 64 67 69 71 72 76 82 86 87 92 93 97 99
29 32 33 35 37 38 39 40 48 52 54 55 57 61 62 64 65 71 74 75 77 80 81 82 83 86 92 94 97 99
30 31 32 34 38 39 40 43 44 45 46 50 52 53 55 58 60 61 64 67 69 71 73 81 82 83 84 85 87 89 90 91 92 93
31 32 33 36 38 39 41 44 45 46 47 49 50 51 56 57 63 65 67 70 74 76 79 80 82 83 86 87 90 93 94 97
32 34 35 38 39 41 44 45 50 51 52 53 54 55 56 62 64 65 68 73 74 75 78 79 83 85 87 89 90 95 96 97 99
33 35 40 41 42 43 44 48 50 51 52 53 54 55 58 62 63 64 66 67 69 74 76 77 78 80 81 83 86 87 88 91 93 96 98
34 36 39 40 42 49 54 56 60 61 62 63 65 66 69 71 73 75 76 79 80 81 83 87 90 91
35 37 38 40 41 43 44 45 47 50 51 56 60 62 64 67 68 70 71 73 76 78 83 88 90 91 92 95 96 97
36 37 39 44 45 46 50 51 54 55 58 60 62 63 68 69 71 72 74 80 82 83 85 86 88 89 90 93 95 98
37 38 39 43 46 47 49 51 52 55 56 59 62 64 66 67 69 70 71 76 77 80 81 82 85 87 88 97
38 39 42 43 49 50 52 53 55 57 58 59 61 62 69 70 73 75 76 77 83 86 88 91 93 94 96 99
39 42 50 51 54 56 60 61 66 67 68 70 80 83 84 86 87 91 92 93 94 97 98 99
40 41 47 52 59 62 63 65 66 67 68 69 72 77 81 82 84 85 88 90 92 93 95 96 98
41 45 47 49 52 57 59 60 61 62 67 68 70 76 77 80 83 84 86
42 46 52 59 62 63 64 69 71 74 77 81 82 83 84 87 88 90 92 94 99
43 44 45 47 48 49 50 51 52 53 54 56 57 61 65 66 67 68 72 75 79 80 86 90 92 94 96 99
44 45 51 67 71 72 73 76 77 82 84 87 93 96
45 46 47 48 52 53 60 62 64 67 69 72 80 81 84 88 89 91 98 99
46 48 51 56 60 67 68 70 74 76 80 82 93 94 95 97 98
47 49 52 64 65 68 69 72 74 75 78 81 82 83 88 89 92 95 97 99
48 49 50 51 52 53 55 56 60 62 63 67 68 69 73 76 80 83 86 87 88 90 91 93 97 99
49 51 55 56 64 65 66 74 76 78 79 84 87 94 95 97 98 99
50 52 53 55 58 60 61 62 68 71 72 76 80 81 84 85 91 96 97 98 99
51 52 53 55 56 59 61 64 66 69 70 76 78 79 82 83 84 88 90 93 98
52 53 56 59 61 63 66 67 70 73 74 75 77 79 86 87 93 94 95 98
53 54 55 58 59 60 61 63 65 67 68 70 73 74 77 80 81 87 88 89 90 92 98 99
54 55 56 58 64 68 69 74 79 81 84 86 89 91 95
55 57 58 59 61 64 70 74 79 80 81 85 86 89 90 91 92 93 94 95 97
56 57 59 60 62 63 64 65 68 69 76 78 79 80 83 85 92 96 97 98
57 60 62 65 67 74 77 78 81 82 83 85 89 91 96 97 99
58 60 62 63 74 75 76 78 80 81 84 86 88 89 92 93 99
59 60 61 63 65 67 68 70 73 76 78 84 87 88 89 92 94 96 99
60 61 67 69 71 72 74 75 78 79 80 86 93 94 95 98
61 67 72 73 78 87 89 90 94
62 66 67 72 74 75 77 78 79 81 82 84 85 87 88 91 92 93 95 98
63 64 71 73 75 76 79 86 89 90 91 92 94 95 99
64 65 69 80 88 90 91 94 96 97
65 67 68 73 74 76 78 80 82 83 86 87 90 92 98 99
66 67 69 71 78 80 81 82 83 85 87 88 89 92 94 95 96 99
67 68 73 74 81 82 83 85 86 93 94 96 97 98 99
68 70 77 78 80 81 82 83 85 88 90 92 93 94 95 96 97 98
69 70 71 72 80 81 86 90 91 92 97 99
70 71 72 75 76 77 78 79 81 83 92 94
71 72 73 74 75 78 80 86 88 90 93 95 97 98
72 74 79 87 88 89 94 97
73 74 79 84 85 87 89 93 94 96 97 98
74 76 79 82 85 87 88 89 90 91 97
75 76 78 80 81 82 84 85 87 92 93
76 83 90 94 97 99
77 78 82 85 87 93 94 97 98
78 80 87 92 93 95 96 97 98
79 80 81 83 86 87 90 91 92 94 95 96 97
80 82 85 86 87 88 93 97
81 82 83 85 88 92 95 99
82 83 85 86 87 88 90 93 99
83 84 89 95 98 99
84 85 87 92 93 96 97 98
85 90 91 92 93 94 95 96 97 98
86 89 91 92 95 97
87 89 91 92 94 96 97
88 91 92 94 97 98 99
89 92
90 91 92 95 96 99
91 95 96 97 98
92 95 96
93 94 96
94 98
95 99
96
97
98
99

!88