#RandomGeneratorDifficultGraph.py
# GMT Tue Jul 18 09:41:39 2023
# 
0 1 2 3 4 8 9 10 11 14 17 18 20 23 28 29 30 32 33 35 36 37 38 39 41 42 43 44 45 48 50 51 52 54 56 57 60 61 62 63 65 66 67 68 72 73 74 75 77 78 79 80 81 82 85 86 88 90 91 92 93 94 95 96 97 98 99
1 3 4 5 6 7 8 9 10 12 13 14 15 16 20 23 24 28 30 33 37 42 44 45 47 48 49 50 51 52 55 58 59 61 62 63 66 71 72 73 74 75 76 79 81 82 83 84 85 87 88 89 90 94 99
2 5 6 7 10 11 12 13 16 19 20 21 24 25 27 28 32 33 35 36 38 40 41 45 47 48 49 50 51 52 58 61 62 63 64 65 66 68 70 73 74 75 76 77 79 80 82 83 85 86 87 88 89 90 91 93 96 98 99
3 4 6 7 9 10 12 13 16 20 21 22 25 27 28 29 30 31 33 35 36 38 40 43 46 47 48 50 51 53 54 55 56 57 58 59 62 63 64 65 69 70 71 72 73 74 76 78 79 80 81 82 83 84 85 86 87 88 92 95 96
4 6 7 8 10 12 14 15 17 19 21 25 27 28 29 30 31 32 33 35 37 38 40 42 43 46 47 52 55 60 61 62 63 64 67 69 71 72 73 75 78 81 84 85 87 89 90 91 92 93 94 95 96 97 98 99
5 6 8 11 13 15 17 18 19 21 22 23 24 26 27 29 34 35 40 42 43 44 45 46 49 50 51 54 55 56 57 59 60 62 63 65 67 68 69 70 71 73 74 75 77 78 79 82 83 85 87 88 91 92 93 94 96 98 99
6 7 8 9 10 12 14 16 17 18 19 21 24 26 28 34 36 37 39 40 41 42 43 46 54 56 59 66 69 71 73 74 75 76 77 78 79 81 82 85 87 95 96 97 99
7 8 9 10 11 12 14 15 17 22 23 25 26 28 29 30 31 32 33 34 36 37 39 40 41 42 43 44 45 46 47 48 51 53 57 59 60 61 62 63 66 68 74 77 78 80 81 83 84 85 86 87 89 91 93 94 95 98 99
8 9 10 11 13 14 16 18 19 21 22 24 26 27 29 30 32 33 34 35 37 38 42 43 44 46 49 51 52 54 57 59 60 61 63 64 65 66 67 70 71 72 73 75 78 79 80 82 83 85 86 87 90 92 93 95 97 99
9 10 11 12 13 14 16 20 21 22 23 24 26 28 30 31 34 35 36 37 38 39 40 45 46 48 49 50 52 53 54 59 62 63 65 66 67 69 71 73 75 81 83 84 86 88 90 91 92 94 95 96 97 98 99
10 12 14 15 16 20 22 23 24 27 29 31 34 37 38 39 41 42 43 44 46 47 48 49 50 51 54 57 59 61 63 65 66 67 69 71 72 74 75 79 80 81 84 85 87 88 93 96 97 98 99
11 12 15 17 18 19 20 21 23 26 27 28 30 31 33 34 35 36 37 40 43 49 50 51 56 57 60 61 62 63 65 68 69 70 73 76 77 82 83 84 85 87 88 89 90 91 92 93 94 95 96 98 99
12 13 15 17 19 21 24 25 31 34 35 36 37 39 40 41 42 44 48 50 53 54 56 61 62 64 65 66 67 68 69 70 71 73 75 78 79 80 81 82 83 86 87 88 90 91 92 93 94 95 96 97 98
13 14 15 18 20 21 22 25 27 29 30 31 32 33 34 36 37 38 42 43 44 45 46 48 50 51 54 55 56 57 58 60 61 68 69 70 71 72 74 75 76 77 78 82 83 86 91 92 93 94 95 96 98 99
14 16 17 18 19 21 24 27 28 30 31 33 34 35 36 37 38 40 41 42 46 47 48 52 53 55 56 57 59 60 63 66 67 70 71 72 75 76 78 79 80 83 85 86 87 89 90 91 92 93 94 95 96 98
15 16 17 19 20 21 24 25 26 29 31 32 33 34 35 37 39 41 44 45 46 48 49 52 53 55 56 58 60 61 62 64 68 69 70 71 72 73 74 75 76 77 79 84 85 86 87 90 97 99
16 21 22 23 24 26 27 28 29 31 32 33 35 36 38 39 41 44 46 47 48 51 52 58 60 61 62 65 67 68 70 71 72 74 75 76 77 78 79 81 82 83 86 87 89 92 94 95 96 97 98
17 19 22 23 24 26 27 28 29 30 31 32 34 35 36 37 38 39 41 42 43 44 47 48 51 52 54 55 56 58 60 62 63 64 65 66 68 69 71 73 75 79 81 82 83 87 88 89 90 94 95 96 97 99
18 20 21 22 24 30 32 34 35 36 37 38 43 46 47 50 51 53 55 56 60 61 62 63 64 66 70 72 73 74 75 80 85 87 89 90 91 93 95 96 97
19 21 22 23 28 29 30 32 33 34 35 38 40 41 42 44 47 48 50 51 52 54 56 57 58 59 62 64 66 67 68 69 71 73 74 76 77 79 80 82 83 84 88 90 91 92 93 94 99
20 21 22 26 29 30 31 32 34 36 37 38 41 43 45 46 49 50 51 53 56 57 59 61 62 64 66 67 70 72 73 74 75 77 78 79 80 82 83 85 86 87 88 89 91 94 95 99
21 23 24 25 26 28 30 31 32 33 36 37 41 43 44 46 47 48 49 50 51 52 53 54 55 57 59 61 63 64 66 67 68 69 70 71 73 74 75 77 78 79 83 84 86 87 91 95 96 97 98 99
22 23 24 26 28 29 30 32 33 34 36 39 40 42 44 45 47 48 51 54 55 56 57 59 61 62 63 65 66 69 70 71 72 73 74 75 76 77 78 79 80 81 85 88 94 95 97 98 99
23 24 25 27 28 29 33 34 38 40 41 42 43 45 50 51 52 55 57 59 60 63 71 72 73 74 77 80 82 83 84 85 86 89 91 92 93 97 98 99
24 25 26 27 30 31 33 34 35 36 38 39 42 43 44 47 49 52 53 54 55 56 57 60 62 65 67 68 69 74 75 78 79 80 81 83 85 86 87 88 89 92 93 94 95 96 97 98 99
25 26 28 29 30 32 33 34 36 37 38 39 42 43 45 47 49 50 52 53 54 56 59 60 61 62 63 64 65 66 67 68 70 71 72 73 74 76 77 78 79 80 81 82 83 84 86 87 90 91 92 94 95 97 98 99
26 27 28 30 31 32 34 37 38 39 40 42 43 46 47 56 57 58 59 61 63 65 66 68 69 70 71 72 73 74 76 77 79 82 83 84 86 87 88 90 91 92 94 98 99
27 28 29 30 33 37 39 45 49 50 51 52 53 54 55 56 57 59 62 63 66 67 70 72 73 74 75 76 77 78 79 81 82 83 84 87 88 89 90 92 93 94 95 96
28 30 31 33 36 37 38 41 42 43 45 50 51 52 54 56 57 58 59 60 61 64 67 68 69 71 72 73 74 76 78 79 80 82 83 84 86 87 88 90 91 94 95 97 98
29 30 35 39 40 42 43 44 46 49 51 52 53 54 55 56 57 58 59 60 61 62 63 64 66 67 69 72 73 75 76 77 79 80 81 82 83 85 86 88 89 90 91 92 97
30 32 33 34 35 38 39 41 42 43 45 46 47 51 52 54 55 56 57 58 60 61 62 64 65 66 67 68 69 70 71 72 73 78 79 81 82 83 84 85 87 88 89 92 96 97
31 34 37 39 43 45 48 50 51 52 53 54 57 58 59 61 63 64 65 66 67 68 69 71 73 74 75 78 79 80 81 82 83 85 87 88 89 90 91 92 93 95 96 97 98 99
32 34 35 36 37 39 40 42 44 45 46 48 49 51 52 57 59 60 61 63 64 67 69 70 71 73 74 75 77 80 82 84 85 86 91 93 96 99
33 35 36 38 39 40 43 44 45 46 50 52 53 60 65 66 67 68 70 71 73 74 75 76 78 79 82 83 85 86 88 89 92 93 98 99
34 38 39 45 48 51 54 56 58 59 60 63 64 65 66 67 68 73 74 76 77 78 81 82 83 84 85 86 89 91 92 93 94 95 96
35 37 38 39 40 41 42 43 45 47 53 54 56 57 58 62 63 64 65 66 67 69 72 73 75 76 77 78 79 80 81 82 83 84 86 87 88 89 90 92 95 98 99
36 37 38 40 41 42 45 47 48 53 59 61 62 64 65 66 67 68 72 73 74 75 76 77 78 79 85 87 88 89 90 91 95 96 97 98 99
37 38 39 41 42 43 44 45 47 48 49 51 52 53 54 55 57 61 62 65 66 69 70 71 74 75 76 77 78 79 83 84 87 88 89 91 94 95 96 98
38 39 43 44 45 46 47 48 49 51 52 53 54 55 57 59 60 62 65 67 68 70 71 72 73 74 76 77 78 80 81 84 85 86 87 88 94 95 96 97 98 99
39 40 41 43 44 48 50 51 52 53 55 57 58 60 61 67 68 71 73 74 76 77 78 80 81 82 86 90 91 92 93 94 95 97 98 99
40 42 43 45 47 48 51 52 53 57 60 61 64 65 66 68 73 75 77 78 79 82 83 84 85 86 87 89 90 94 99
41 44 45 47 50 51 54 55 58 60 62 63 65 67 68 69 70 71 72 73 74 76 78 79 83 84 86 88 92 94 96 98 99
42 43 46 50 51 54 55 56 60 61 63 64 66 67 69 71 72 74 75 77 79 81 82 83 84 85 86 87 88 90 93 94 99
43 44 46 47 49 51 53 55 57 58 61 62 64 65 66 67 69 70 71 75 77 81 82 83 84 85 86 87 88 89 90 92 93 94 96 97
44 46 48 49 50 51 53 55 57 61 63 64 66 68 69 70 72 73 74 75 76 77 78 79 80 81 83 84 85 86 87 88 89 95 97 98
45 46 48 49 50 52 53 54 55 56 58 59 61 65 68 74 75 77 81 84 85 86 87 89 90 91 93 95 96 97 98
46 47 48 49 55 56 57 59 60 61 62 63 64 65 66 67 69 70 71 73 75 77 78 79 81 83 84 86 87 89 95 96 97 98
47 48 50 51 54 58 59 60 61 62 64 65 66 67 68 69 71 72 73 74 75 82 84 85 89 90 93 94 98 99
48 51 52 54 56 58 59 61 62 64 65 66 67 68 71 72 74 76 77 78 79 81 82 88 89 90 93 94 95 96 97 98 99
49 51 52 55 56 57 58 59 60 61 62 63 65 66 68 69 70 71 72 74 75 76 77 78 79 81 82 83 84 86 92 93 94 96 97 98 99
50 52 53 54 55 56 60 61 62 65 66 67 70 73 74 75 76 77 78 80 82 83 87 89 91 92 93 94 96 99
51 53 54 55 56 58 59 60 62 63 64 65 66 67 68 70 71 73 74 76 78 80 81 83 84 86 87 88 90 91 92 94 95 98 99
52 53 54 55 61 62 63 64 66 68 70 71 72 73 75 77 78 80 81 83 84 85 86 88 89 90 91 94 95 96 98 99
53 54 55 56 57 58 59 64 65 66 67 69 72 73 74 77 79 82 85 87 88 90 94 95 97 99
54 56 57 59 63 64 65 66 67 69 72 74 75 76 77 78 79 80 81 82 83 85 86 88 90 92 93 95 98
55 60 62 64 66 69 70 73 75 78 79 80 81 82 84 85 86 88 89 91 92 93 94 95 97 98 99
56 57 59 60 61 62 63 64 65 67 69 74 75 76 77 79 80 82 83 86 87 89 91 93 94 95 97 99
57 59 62 64 65 66 67 69 72 73 74 76 77 78 79 81 82 84 87 88 89 91 92 93 94 96 98 99
58 59 60 61 62 63 66 69 73 75 77 78 79 81 82 83 84 86 88 89 90 92 93 94 95 96 97 98 99
59 60 64 67 68 70 72 73 76 77 78 79 80 82 83 84 85 87 90 91 92 93 95
60 61 62 64 65 68 70 71 72 73 75 76 77 78 79 80 82 83 84 86 87 91 92 95 97 98 99
61 62 65 68 70 71 73 74 75 76 77 79 81 82 83 84 86 87 89 90 91 92 93 94 96 97 99
62 64 66 68 69 70 71 74 75 76 80 82 83 84 85 87 88 90 92 93 94 96 98 99
63 66 67 69 71 73 74 76 81 84 85 86 88 89 91 92 93 95 96 97 98
64 65 67 69 71 73 74 75 76 77 78 79 82 83 84 85 87 88 89 90 92 93 94 97 98 99
65 66 67 68 69 70 71 73 76 77 78 79 80 81 83 84 88 90 91 92 93 94 95 98 99
66 67 70 72 73 74 78 82 85 86 87 89 90 91 92 93 94 96 98 99
67 70 72 73 74 75 77 78 80 82 83 85 87 89 91 93 95 96 99
68 69 73 75 76 79 80 81 82 85 86 89 90 91 92 93 94 96 97 99
69 71 72 75 77 82 84 85 86 87 91 93 94 95 96 97
70 72 73 74 75 76 77 79 80 82 87 91 92 95 97 98 99
71 73 75 80 81 85 87 88 89 91 92 93 97
72 74 76 78 80 82 84 85 86 88 90 91 92 93 97
73 75 77 78 79 80 81 82 84 86 87 88 89 90 92 96 98 99
74 75 77 78 79 80 81 83 84 85 86 87 89 90 91 96 99
75 79 80 82 83 84 86 89 90 91 92 95 96 97 98
76 77 78 79 81 82 83 84 87 89 91 92 93 94 95 97
77 78 79 80 81 82 83 84 85 86 87 89 90 91 93
78 82 83 84 86 87 88 89 90 92 94 97 98 99
79 87 89 90 91 92 95 97 99
80 81 83 85 89 90 91 93 94 96
81 82 84 88 90 91 92 93 95 97 99
82 83 85 88 89 90 92 95 96 97 98 99
83 85 87 89 91 93 95 97 98 99
84 86 87 88 90 91 92 94 97 98 99
85 86 88 90 92 93 94 95 96 98 99
86 88 89 91 92 94 95 96 97 98 99
87 88 89 90 91 93 95 96 98
88 89 91 92 95 96 99
89 90 91 97
90 91 92 93 94 95 99
91 94 95 96 99
92 93 95 96 97 99
93 95 96 97 98
94 95 96 99
95 96 97 98 99
96 97 98 99
97
98 99
99

!94