#RandomGeneratorDifficultGraph.py
# GMT Tue Jul 18 16:25:40 2023
# 
0 5 17 19 24 25 28 38 46 61 73 77 91 96 97
1 4 49 58 74 81 90
2 29 56 68 70
3 12 14 15 16 25 35 46 97
4 36 48 49 81 85 96
5 18 20 44 47 60 68 78 85 86
6 36 51 58 65 67 76 81 85
7 17 18 19 29 39 47 51 59 74 78 79 91 93
8 10 12 16 37 57 70 79 84 89
9 18 28 35 40 47 54
10 33 74 81
11 38 41 42 55 57 65 69 91 93
12 16 22 44 56 64 68 75 85 89 91
13 14 16 28 31 52
14 32 42 46 47 67 71 80 81 98
15 24 44 56 57 58 66 84 85 92 93 95
16 36 38 56 74 78 80 82 86 90 91 99
17 18 27 55 60 66 70 81 86 93 97
18 21 48 69 82 89
19 26 33 70 88 91 97 98
20 43 50 52 61 68 92 99
21 23 33 38 51 55 76 85 92
22 36 49 67 71
23 24 34 42 45 65 73 75 82
24 31 70 72 74 77 81
25 30 64 65 77 81
26 30 42 52 55 83 91
27 39
28 37 44 73 76 99
29 30 43 65 66 71 78 79 88 96 98
30 35 37 41 42 59 72 87 92
31 32 43 62 80 84 85 93 97 99
32 34 44 46 52 55 56 92 94 96
33 37 51 68 77 92 99
34 36
35 36 43 45 47 52 80 87 93
36 48 57 72 86 88 91
37 46 52 55 59 73 75 90 98
38 51 54 62 67 69 93 96
39 51 69 70 72 90
40 43 51 62 75
41 49 55 60 63 83 86 90
42 47 64 68 74 82 93 98
43 52 65 67 70 77 88 90
44 48 53 55 63 65 83 90 96
45 53 55 56 78 79 87 93
46 83 84 90 95 99
47 71 82 87 99
48 56 60 65 70 74
49 55 59 65 72 75 76 87 91
50 69 82 84 92
51 52 78 87
52 53 71 80 85 86 89 91
53 80 82 85 92
54 57 62 63 65 72 74
55 63 64 71 91
56 72 75 80 93
57 77 82 86
58 65 86 89
59 73 76 90
60 64 85 94
61 64 66 67 80 81 82
62 67 68 78 87
63 78 85
64 91
65 68
66 81 87
67 76 77 79 85 99
68 89 92
69 78 81 84
70 75 91 94
71 83 92
72 76 79 88 93 97
73 93
74 84 87
75 82
76 86 88 90
77 86 90 93
78 85
79 97
80 84 90 97
81
82 86
83
84 93 99
85 90 92
86 98
87 98
88 95
89 95
90 97
91
92 99
93
94
95
96 97
97 99
98
99

!70