#RandomGeneratorDifficultGraph.py
# GMT Tue Jul 18 16:23:23 2023
# 
0 7 9 12 17 21 24 25 27 33 34 39 40 43 46 55 56 57 69 70 71 72 73 76 80 82 83 84 87 88 90 94 95 96
1 2 3 5 6 9 13 14 18 20 22 23 24 33 41 43 47 51 54 56 58 61 73 79 80 86 87 90 92 93 95 96 97 98 99
2 8 11 13 16 17 18 26 32 33 34 39 41 43 49 58 60 63 67 72 75 80 81 87 90 91 92
3 9 11 13 14 16 17 18 19 20 22 23 26 27 28 30 36 37 41 47 48 59 60 68 69 70 74 80 82 86 89 90 94 97 98
4 5 11 12 14 15 17 18 19 21 22 26 28 40 41 47 48 49 53 55 56 63 66 67 68 70 71 72 76 83 87 90 91 97 99
5 8 10 14 18 19 27 33 42 45 47 55 60 61 63 66 71 74 77 86 92 94 95
6 13 15 19 22 25 36 40 41 43 47 49 57 58 61 62 63 64 67 68 69 71 72 74 75 76 79 82 84 85 86 89 92 93 95 96 97 99
7 8 11 13 17 23 27 34 36 40 41 42 44 54 56 59 60 64 73 75 78 81 84 86 89 92 94 96 97 98
8 13 14 19 31 46 50 52 56 60 61 64 66 67 70 72 76 78 83 93 98
9 11 21 31 33 37 40 41 43 46 47 48 49 58 59 60 62 63 69 72 76 78 81 83 84 85 86 91 99
10 16 19 20 21 23 32 36 37 40 43 45 47 48 49 50 53 55 57 64 69 74 76 81 82 83 84 86 88 93 95
11 12 16 18 19 20 24 25 27 32 38 39 44 48 58 60 64 65 66 72 76 79 80 81 86 87 89 90 98
12 17 21 25 27 46 47 52 53 57 59 64 73 76 82 83 96 98 99
13 18 19 26 28 30 31 41 44 46 51 52 58 59 60 61 62 63 67 71 72 75 79 82 97 99
14 15 17 24 28 31 32 33 36 45 47 58 64 65 72 76 79 80 84 89 90 91 95 97 99
15 19 20 22 24 27 29 30 36 38 41 46 47 49 52 58 65 77 84 89 94 97
16 17 19 31 34 35 39 40 42 46 48 52 53 58 60 61 62 64 66 69 71 72 78 80 90 91 93 94 95 98 99
17 21 25 29 32 35 38 40 42 43 46 49 51 52 53 67 68 72 76 77 82 83 88 89 90 93 96
18 19 21 22 23 28 29 32 33 38 40 45 46 51 52 54 56 58 68 77 79 80 81 87 88 90 95 98 99
19 20 27 33 36 38 40 41 44 50 54 56 67 68 74 75 80 82 86 88 90 91 94 97
20 21 23 25 26 27 28 33 36 37 38 43 45 51 52 53 58 62 63 64 67 76 82 84 90 97
21 25 27 32 34 37 40 43 46 47 50 62 76 78 88 89 91 92 93 99
22 31 34 38 40 42 45 49 50 54 61 66 72 74 78 79 80 81 83 85 90 91 92 93 96
23 25 27 28 32 35 42 43 44 48 51 52 60 66 72 83 85 92 98
24 32 36 37 39 45 48 57 67 75 77 79 80 82 83 91 92
25 27 28 29 32 33 37 38 39 40 41 46 47 52 55 56 57 74 75 77 78 81 86 87 90 92 95 99
26 29 33 37 40 42 47 48 49 53 54 55 56 61 64 65 68 76 80 86 87 90 91 95 97 98
27 30 35 38 40 49 50 51 66 73 75 78 80 84 87 96 97 98 99
28 29 31 36 38 39 40 43 50 51 53 54 55 56 57 61 62 65 67 69 71 72 73 77 78 79 80 84 86 92 97
29 32 36 40 42 44 47 52 62 65 66 67 70 71 74 77 88 89 95 96 98
30 42 45 61 67 72 73 76 77 83 90 91 92 93 94 95 96
31 35 41 46 47 59 71 81 83 84 86 88 92 94 99
32 38 39 40 42 43 46 47 48 54 55 58 64 66 69 76 81 88 89 93
33 34 35 39 40 43 44 49 58 60 62 64 67 75 78 80 84 87 89 90 92 93 95 98
34 48 51 53 54 56 61 62 65 74 75 76 83 84 88 90 96
35 39 44 45 50 52 55 56 57 58 61 77 80 85 86 87 88 90 91 98
36 37 38 42 48 51 63 66 69 74 82 84 85 94 95 97
37 41 43 45 46 48 50 54 55 58 59 64 67 69 71 72 76 77 79 88 90 93 98 99
38 40 42 45 47 51 52 55 58 59 61 68 69 74 75 84 87 88 89 95
39 44 47 51 52 54 55 61 63 68 70 72 74 79 80 82 88 92 93 94 96 99
40 43 44 46 48 50 52 58 59 73 74 75 76 77 79 81 85 87 89
41 42 46 49 50 54 58 59 69 70 73 77 85 87 88 91 99
42 43 60 66 70 73 75 78 84 89 90 91 93
43 44 46 47 52 59 62 63 66 68 71 74 77 80 82 86 94 96
44 49 52 54 56 60 65 71 73 75 82 86 87 89 92 95 96 99
45 48 56 57 58 59 66 67 69 75 77 78 89 93 96 98
46 48 50 52 58 60 62 63 64 68 74 75 77 80 81 84 87 92 93 96
47 49 53 54 57 60 64 68 70 72 85 88 90 91
48 50 54 56 57 60 64 65 66 70 73 76 81 85 87
49 56 59 60 67 72 77 82 83 89 99
50 53 56 63 64 66 67 69 74 81 83 86 87 88 93 95 97
51 52 62 69 74 76 83 84 87 90
52 53 54 55 57 58 62 65 67 72 74 87 89 90 95 98
53 55 56 57 59 61 62 68 73 84 87 92 95 96
54 55 56 59 62 64 65 66 72 73 77 78 83 86 91 92 95 96 99
55 57 58 59 61 63 70 81 88 89 91 93
56 57 61 62 73 81 83 84 88
57 61 62 65 70 71 73 83 84 91 94 97
58 61 62 65 67 68 69 71 74 75 82 85 89 91
59 64 66 67 72 73 83 84 85 86 87 89 91 92 94 96
60 62 63 66 73 75 76 79 81 83 86 88 90 91 92 94
61 62 66 72 75 78 89 96 97 98 99
62 66 75 77 78 81 82 83 84 85 89 90 91 99
63 67 69 71 80 81 85 87 88 92 94
64 65 68 72 76 79 80 86 87 88 89 90 92 95 96 98
65 68 69 70 73 74 75 78 87 90 91 92
66 74 76 78 80 83 86 89 93 97 99
67 71 72 81 84 90 92 98 99
68 70 71 72 79 83 85 87 90 93 95
69 71 73 74 75 77 78 80 83 92 95 97 98
70 71 73 81 83 84 88 90 93
71 72 74 75 78 82 85 88 89 91 98
72 73 75 77 79 81 82 86 88 94 95
73 74 78 79 81 84 86
74 84 87 88 89 90 91 93
75 82 83 84 87 88 96
76 78 83 85 86 89 91 94 96
77 78 79 82 88 90 91 92 94 95
78 81 87 94 97
79 80 81 82 83 84 86 87 88 91 92 98 99
80 81 84 87
81 87 90 91 95 96 98
82 83 85 88 93 94 95 98 99
83 85 93 97
84 89 95 99
85 89 90 93 94
86 87 90 91 92 94 97
87 88 96 99
88 90 97 99
89 90 91 93
90 93 96 98 99
91 94 95 97 98
92 93 94 98 99
93 96 99
94 99
95 96 98 99
96 98
97
98
99

!87