#RandomGeneratorDifficultGraph.py
# GMT Tue Jul 18 16:25:30 2023
# 
0 27 40 50 52 56 64 69 73 87 95
1 53 59 63 70 76 86 97
2 10 19 30 33 70 72 88
3 8 22 24 32 43 45 46 80 91 98
4 16 24 53 63 70 73 79 81 90 92 94 95 98
5 8 26 37 42 43 44 45 78 97
6 7 34 58 64 85
7 10 14 15 17 25 35 36 37 39 41 51 56 72 76 79 86 95
8 18 22 28 30 43 46 50 52 58 72 87 89 95
9 13 31 67 87
10 13 21 25 26 89 95
11 18 42 68 77 79 84 86 87 94
12 16 23 25 30 55 56 59 67 78 85 92
13 18 19 30 32 33 56 57 64 76 84 88
14 22 23 42 44 54 71 73 83 89 95 98
15 32 43 61 63 84 87 90
16 54 67 81 83 88
17 18 28 55 60
18 41 43 54 65 67 69 80 98
19 35 69 79 91 93 95 97
20 38 46 49 52 59 64 67 75 82 85 95
21 36 43 44 53 65 69 86 90 92
22 34 46 51 69 78 82 87 94 97
23 40 62 64 75 78 89
24 28 29 41 57 59
25 29 32 34 39 45 59 60 80 83 84 89
26 34 61 64 80
27 37 45 51 59 62 73
28 79
29 40 74
30 43 52 61 63 71 72 86 89 94
31 42 61 67 84 93
32 51 65 77
33 34 42 50 53 60 65 73 90
34 35 36 39 41 48 49 51 54 63 70 98 99
35 79
36 45 50 51 55 73 82 87 88 91
37 60 82 94
38 39 46 52 69 72 73 87
39 44 48 52 75 89
40 56 58 62 64 65 79 89 97
41 51 52 55 59 74
42 54 57 64 65 76 84 92
43 46 56 59 65 90 94 96
44 62 73 90 98
45 48 56 57 59 81 86 97 98
46 51 56 66 70
47
48 64 68 76 92
49 60 65 68 69 72 75 91
50 67 72 80 88
51 52 58 60 72 79 80 83 88
52 58 73 80 81 90 93 99
53 75 77 87 90 93 97
54 94 97
55 63 68 78 79 93 95
56 68 72 74 80
57 65 87 97 99
58 60 63 71 80 86
59 77 79 81 86 98
60 87 90 91 93
61 70 72 78 80 88 89 95 98
62 68 91
63 69 70 77 81 82 84 86 99
64 69
65 66 70 72 94
66 71 75 78 85
67 68 93
68 98 99
69 83
70 84 86 95
71 77
72 80 82 83 89 94
73 78 84 86 92
74 75 77 81 91
75 78 86 89
76 93
77
78 86 94
79 82 88
80 99
81
82 84
83 92
84 91 99
85 90
86
87 96 97
88
89 94 97
90 92 98
91 95 97 98
92 94
93
94
95
96 98
97
98
99

!74