#RandomGeneratorDifficultGraph.py
# GMT Thu Jul 20 14:28:19 2023
# 
0 3 4 6 8 9 13 16 21 25 26 27 31 33 36 38 41 42 44 45 47 49 52 53 54 57 66 68 70 71 72 75 76 84 86 93 98
1 2 5 7 8 10 12 13 15 20 24 25 27 28 30 31 32 35 36 37 38 39 41 42 44 45 47 48 52 55 58 59 61 62 63 64 67 68 70 72 74 75 76 77 79 80 81 86 87 89 90 91 92 94 97 98
2 3 5 6 7 8 10 14 15 16 20 23 26 28 29 31 34 35 38 40 42 43 44 45 48 51 53 54 55 61 68 70 72 73 74 77 79 80 82 83 85 86 87 88 89 91 92 93 94 95 97
3 4 5 7 8 13 16 17 19 20 21 23 24 27 28 30 32 33 34 38 40 41 42 43 45 46 47 48 50 53 54 57 59 60 61 63 65 66 70 71 72 78 79 81 82 83 84 86 87 88
4 6 10 12 17 18 20 21 24 25 27 29 30 32 33 34 35 39 41 43 44 45 46 47 50 52 53 55 58 60 61 65 74 76 78 80 81 83 88 89 94 95 96 97
5 7 8 11 12 14 18 19 20 21 22 23 26 28 29 32 33 34 35 38 39 40 42 44 45 46 50 52 54 58 59 61 62 63 64 65 66 67 68 71 72 74 75 76 78 79 80 82 83 84 85 88 92 93 95 96 97 99
6 7 9 10 11 14 15 19 21 24 26 28 30 31 34 35 36 37 41 43 44 46 48 49 50 55 57 60 61 63 65 67 69 70 71 72 74 76 77 79 81 82 84 86 91 92 98
7 8 9 10 11 12 13 15 16 19 21 23 25 26 27 30 31 32 33 34 35 37 42 44 45 53 55 56 57 58 59 61 65 67 68 69 72 73 74 75 76 77 78 80 81 84 86 87 89 91 92 94 97 98 99
8 9 11 13 14 15 18 19 20 21 24 25 27 29 30 31 34 35 36 38 40 41 47 49 51 55 57 60 62 63 66 68 69 70 73 79 83 87 90 91 92 93 96 98 99
9 11 16 17 18 21 22 25 27 28 31 32 34 35 36 38 39 41 43 44 45 46 47 50 51 52 56 57 59 60 61 62 66 67 70 71 73 76 77 81 82 84 87 89 90 91 92 93 94 96 97 98 99
10 11 17 19 21 22 23 25 29 31 33 36 38 44 47 49 53 55 59 60 61 62 65 70 72 74 75 77 78 83 84 85 92 97
11 13 16 19 20 26 28 30 33 34 36 41 46 50 51 52 53 55 58 60 61 63 65 66 67 69 71 72 73 74 76 80 84 87 88 89 90 91 92 95 97
12 15 17 20 21 23 24 27 30 33 36 38 39 40 41 42 44 48 50 51 52 53 58 59 60 62 64 65 66 67 68 69 72 74 75 76 82 83 85 86 87 88 89 90 93 94 97 98 99
13 17 19 21 23 24 27 28 29 30 32 33 36 40 43 44 45 46 47 48 50 52 54 56 57 60 63 65 69 70 71 73 74 75 78 79 82 83 84 85 86 88 93 94 96 97 98 99
14 17 19 21 22 24 28 29 30 33 36 41 43 45 47 48 50 52 53 55 56 57 58 64 65 66 69 73 74 77 80 82 87 90 97 98
15 21 24 27 29 32 33 34 36 37 42 45 51 53 54 55 56 61 63 65 66 67 69 71 72 74 77 78 79 80 83 84 85 86 88 91 93 97
16 19 20 21 22 24 25 26 29 30 32 33 34 36 39 41 42 43 45 47 49 51 52 53 57 58 59 60 61 62 64 65 66 67 75 76 78 79 81 85 86 87 88 89 91 92 93 94 95 96 99
17 19 20 23 24 25 27 29 30 33 40 43 47 50 52 53 55 57 58 59 60 61 63 65 66 67 69 71 72 74 75 76 77 78 79 85 86 90 91 95 97 98 99
18 26 30 35 36 37 41 42 43 44 46 50 54 56 58 59 60 63 64 68 69 73 74 78 79 80 82 84 85 87 89 90 91 93 96 98
19 21 22 24 26 27 29 31 32 33 36 38 39 41 42 47 48 49 50 51 52 53 55 58 60 61 62 64 65 68 70 75 78 84 87 88 90 93 96 99
20 22 25 27 28 32 33 34 36 37 40 41 42 44 47 50 53 57 60 62 63 65 66 67 68 70 72 73 74 78 81 82 83 84 85 87 90 91 92 93 94 96 97 98
21 22 25 29 30 32 39 40 42 44 45 46 47 49 53 54 55 56 57 60 61 62 63 66 67 68 71 74 75 77 81 82 85 86 87 88 89 90 93 95
22 25 26 35 36 37 38 40 43 44 45 46 47 49 52 53 55 57 59 63 65 66 67 68 73 75 76 78 79 80 88 90 94 95
23 24 25 28 31 33 35 36 37 40 41 47 51 53 55 60 61 62 64 65 66 69 71 72 75 76 78 80 83 87 90 92 93 97 98 99
24 25 27 29 30 31 36 37 39 40 42 43 44 45 46 48 49 50 51 52 53 54 55 59 60 61 62 67 70 74 75 77 78 80 82 83 84 85 89 90 91 93 94 95 98
25 26 33 34 38 39 40 42 48 49 56 57 58 59 65 66 68 69 74 76 81 82 83 84 86 87 89 92 94 97 98
26 29 31 32 37 40 41 46 50 53 55 59 61 62 68 69 72 73 74 75 76 78 79 83 85 87 88 90 97 98 99
27 29 30 31 32 33 34 35 36 38 42 43 44 47 49 50 53 57 58 62 63 64 65 67 70 71 74 75 79 80 81 82 84 87 88 89 91 95 96 98 99
28 29 32 33 35 39 40 42 45 47 48 49 50 53 54 59 60 61 64 65 67 68 69 73 75 77 79 82 84 85 86 87 91 92 93 95 96 98
29 33 34 35 36 38 39 40 44 45 49 58 59 62 64 68 69 70 71 76 78 79 81 82 83 84 87 89 90 93
30 32 33 35 38 39 40 41 43 45 47 51 52 53 54 55 56 57 59 60 62 63 64 67 68 69 72 74 76 79 81 83 87 88 93 95 96 99
31 35 36 37 39 40 41 43 46 47 48 50 51 54 57 60 61 62 64 68 69 70 72 73 74 75 78 79 84 86 91 92 93 96 97 98
32 35 36 39 44 45 46 48 49 51 57 58 59 60 61 64 69 72 73 74 76 80 86 88 96 97 98
33 35 36 37 38 39 40 41 42 44 46 47 48 50 52 56 57 58 59 61 62 64 65 67 69 70 72 73 74 77 81 83 84 86 87 88 89 90 93 94 95 99
34 35 37 40 41 43 47 48 51 53 55 60 64 66 67 69 70 71 72 73 74 78 79 80 81 82 86 89 91 93 94 95 96 98
35 41 42 43 45 46 49 54 56 61 65 66 69 72 73 75 77 79 84 86 88 90 92 93 94
36 41 43 45 46 47 48 53 54 57 60 61 62 63 65 67 68 69 70 71 72 74 78 83 84 87 88 91 92 93 96 97 99
37 38 39 40 41 43 44 46 47 49 52 57 59 62 65 67 68 69 71 75 76 77 78 79 80 83 86 89 90 91 92 93 94 97
38 40 41 42 43 44 46 47 51 52 54 55 56 57 58 59 61 62 64 67 70 72 73 77 78 79 80 83 84 88 89 91 93
39 41 43 44 46 49 53 57 58 59 60 62 64 65 67 68 69 75 78 79 82 83 86 87 88 95 97 98 99
40 43 46 48 49 51 59 60 64 65 66 67 72 74 78 79 80 82 83 84 85 87 89 90 91 93 95 97 98 99
41 45 47 49 51 53 55 58 60 61 63 64 66 68 70 73 74 75 76 78 79 81 82 83 85 88 90 92 93 97 98 99
42 47 48 49 50 52 53 57 63 69 70 71 72 75 77 79 80 83 84 88 89 95 96 98
43 44 47 48 49 53 55 56 58 61 63 67 70 73 76 77 79 82 83 84 85 89 94 95 98
44 50 54 55 57 58 59 60 61 66 67 76 77 78 81 82 84 89 90 91 92 94 98 99
45 46 47 51 53 55 56 64 68 69 70 71 72 73 75 76 77 79 80 81 86 89 90 92 98 99
46 47 50 51 52 53 59 61 62 63 64 71 74 75 76 79 80 81 82 84 85 87 88 91 93 94 95 97 98 99
47 50 52 54 57 58 59 64 66 67 68 70 72 75 77 78 80 81 82 84 86 87 88 89 90 97
48 49 51 55 56 58 59 63 65 66 69 73 78 80 81 83 85 87 92 93 95 98 99
49 50 51 52 53 54 55 57 58 61 63 65 66 67 69 71 72 74 78 81 82 84 85 87 89 92 96 97
50 54 58 59 60 61 62 63 68 69 70 76 82 85 93 94 96
51 56 62 63 64 67 68 72 74 75 76 77 82 83 84 85 86 87 91 92 94 95 96 98 99
52 53 55 56 58 59 60 62 66 71 73 74 75 76 77 78 80 81 82 85 87 88 90 94 95 96 97
53 54 55 56 57 58 59 61 64 65 67 70 73 77 78 79 80 85 86 90 92 94 98 99
54 56 57 58 61 63 65 68 69 70 74 80 83 84 85 86 87 88 89 90 92 93 94 96 99
55 56 57 58 62 63 64 65 71 73 76 79 80 81 82 83 84 86 88 90 91 92 95 98
56 57 59 60 64 65 68 69 75 79 82 84 86 88 90 91 92 94 99
57 59 62 63 65 66 67 68 69 70 73 74 76 77 78 79 81 82 83 86 87 90 91 92 93 94 97 98
58 65 66 67 68 69 75 78 80 82 83 87 88 90 91 92 95 96 99
59 61 63 65 68 70 75 76 77 79 80 81 82 83 84 85 87 90 91 92 93 94 95 97 98
60 61 62 64 65 66 67 68 70 71 76 77 78 79 81 84 86 87 90 91 93 95 97
61 62 63 64 66 69 70 72 73 74 80 85 87 88 89 90 91 92 93 95 96 98 99
62 63 64 66 67 70 72 73 78 82 83 88 92 94 97 99
63 64 65 70 71 72 74 75 78 80 83 89 90 91 94 95 96 98
64 67 68 69 72 74 75 76 78 80 82 83 85 86 88 92 94 95 96 98
65 66 68 69 70 71 72 82 83 85 93 94 95 96 97 98
66 67 68 73 76 77 82 85 86 87 88 92 93 94 95 96 97 98
67 71 77 78 79 80 82 83 86 87 88 92 94 99
68 71 76 79 80 81 82 83 84 85 86 88 89 90 91 93 94 95 96 97 98 99
69 70 72 80 81 82 83 84 85 86 88 94 95 98
70 71 73 74 77 80 82 83 84 87 88 89 92 93 95 97
71 72 73 74 76 77 78 79 84 85 88 89 90 91 94 95 96 99
72 74 75 77 78 85 87 88 91 92 94 95 98 99
73 75 77 79 80 81 85 89 90 91 93 95 96 97
74 75 76 77 80 89 91 92 93 94 95 99
75 77 79 80 82 83 87 89 90 91 93 97 98 99
76 78 79 84 85 86 87 90 91 94 96 97 98 99
77 79 80 83 87 88 89 96 98
78 84 87 88 89 91 92 93 95 99
79 80 81 82 83 85 86 90 91 92 93 94 97 98 99
80 81 82 83 85 86 90 91 93 95 96
81 82 83 84 85 86 90 91 94 96 97 99
82 86 89 90 91 97 98 99
83 85 86 92 93 94 96 99
84 88 91 92 95 96 97 98
85 87 90 91
86 89 93 94 96 97
87 90 91 92 94 96
88 89 91 92 93 95
89 92 93 94 95 96 98 99
90 94 96 98
91 92 94 97
92 96 97 98
93 94 95 97 98 99
94 95 97 98
95 97 98 99
96 98 99
97 98
98
99

!90