#RandomGeneratorDifficultGraph.py
# GMT Tue Jul 18 16:23:17 2023
# 
0 1 4 9 10 17 18 21 25 26 27 29 37 40 43 44 49 57 58 59 60 63 71 76 78 81 85 88 90 91 98
1 10 11 15 16 24 25 29 32 42 45 46 47 48 49 50 53 56 60 65 67 77 80 82 87 88 89 91 92 95 99
2 3 5 6 7 12 14 16 20 21 24 28 30 31 34 37 38 39 47 49 53 55 60 63 65 66 67 68 70 72 76 86 88 93 98 99
3 4 5 12 16 21 23 28 35 41 44 55 56 59 63 68 70 73 77 79 80 84 87 88
4 5 7 12 13 15 16 20 23 25 26 33 34 35 39 43 52 53 56 59 60 65 68 70 73 74 79 89 93 97
5 9 10 11 19 21 25 26 28 30 31 39 40 43 59 64 65 66 69 70 77 78 84 86 93 94 97
6 10 17 18 19 22 25 27 38 39 41 52 54 58 59 61 63 64 65 70 72 76 77 81 86 92 94 95 96 97 98
7 9 10 18 30 33 34 37 38 39 42 46 47 53 56 57 64 66 67 72 77 79 81 87 92 93
8 15 17 25 26 30 31 34 35 37 46 50 61 67 68 69 71 72 77 81 82 86 98
9 14 17 20 21 22 23 24 27 35 37 39 46 51 56 60 63 65 66 68 69 72 76 77 79 80 86 89 90 91 96 97
10 12 14 15 23 37 38 40 47 53 58 61 62 63 66 70 72 74 75 78 84 86 87 89 90 96
11 16 26 29 30 35 39 40 61 65 76 78 79 83 88 90 94 95 97 98
12 13 16 21 23 35 44 48 52 54 56 61 62 63 66 70 73 75 78 80 85 87 92
13 21 24 25 29 32 34 36 42 45 52 55 56 57 60 61 62 63 71 72 73 75 76 77 80 85 86
14 16 20 22 24 29 32 40 46 52 57 59 61 66 67 72 73 76 78 79 82 89 90 95 96
15 16 17 22 25 26 27 30 34 36 39 44 49 53 62 65 77 78 79 81 82 83 84 86 88 90 92 99
16 19 20 22 28 29 32 46 49 50 57 59 62 65 68 69 70 73 77 79 80 84 90 93 95 97
17 18 19 24 26 29 30 40 46 47 54 56 58 59 69 72 73 80 89 97 98
18 19 22 23 24 25 30 31 45 46 49 50 58 61 65 66 67 69 72 74 85 95
19 20 21 24 26 29 31 33 35 36 37 39 40 41 46 51 52 54 57 58 63 68 75 77 78 79 80 82 83 86 88 90 97
20 21 23 27 29 30 38 39 48 52 53 61 64 73 75 83 85 88 92 98 99
21 24 25 26 27 30 34 35 39 43 46 49 56 59 62 63 65 67 68 69 70 73 74 79 80 84 86 89 96 98 99
22 25 26 32 34 38 39 42 43 47 49 54 59 60 61 68 69 70 75 76 82 84 85 86 88 89 93 95 98 99
23 33 34 36 39 44 47 48 52 53 57 59 61 65 67 69 71 72 73 77 79 83 86 87 90 91 92 93 94 95 96
24 32 37 39 42 44 47 53 54 63 64 65 74 75 80 85 89 92 97
25 28 30 33 35 39 40 41 44 45 52 53 56 57 59 62 73 79 80 81 83 84 86 91 94 98 99
26 27 30 33 36 39 45 46 50 51 63 65 76 86 88 90 92 94 96
27 30 31 36 38 39 40 41 42 45 46 47 51 52 60 61 67 68 69 75 79 82 83 85 89 91 93 97 98
28 32 34 40 43 48 52 53 54 58 65 67 76 80 82 89 90 91 93 94 98 99
29 32 36 37 40 42 45 46 49 50 51 54 61 74 75 80 82 90 92 94 99
30 31 38 42 43 44 49 50 53 56 57 61 62 66 67 68 69 70 71 73 76 77 79 82 91 92 93 99
31 37 42 43 44 45 51 58 62 66 71 72 75 77 81 82 84 85 86 88 91 92 94 98
32 34 35 36 39 43 45 47 50 51 60 61 62 63 64 65 69 70 74 75 80 81 82 84 86 87 90 99
33 38 47 54 56 58 71 75 79 84 85 92 95
34 44 46 49 53 54 61 72 79 85 88 90 93
35 36 39 42 44 48 49 51 61 66 68 72 75 82 99
36 37 38 41 42 43 45 46 47 51 54 59 60 62 65 68 71 74 75 79 80 81 85 86 92 93 96
37 41 45 46 57 60 62 65 73 79 80 82 87 91 94 96
38 46 51 57 64 66 69 83 87 95 99
39 40 53 57 63 66 68 71 73 75 77 78 82 85 86 98
40 44 45 48 49 51 52 54 57 59 60 63 64 65 70 75 76 78 81 82 91 93
41 47 49 51 52 53 54 61 64 65 68 74 78 81 83 85 89 91 93 96
42 44 45 51 54 56 60 61 65 69 82 83 86 87 89 90 91 95 98
43 47 48 52 55 57 58 63 64 68 69 79 80 81 83 84 85 90 92 93
44 45 48 50 56 62 65 67 68 69 76 78 85 89 90 94 99
45 49 50 54 57 58 62 68 76 79 83 84 89 90 94
46 47 49 53 58 67 69 71 75 77 81 84 89 91 92 97 98 99
47 48 49 51 53 54 55 56 63 64 69 71 77 78 79 80 88 89 90 94
48 49 50 53 54 61 63 70 71 73 75 76 80 85 94 96
49 54 62 67 68 72 79 80 81 84 89 92 97
50 52 54 57 60 73 74 75 77 79 82 84 85 88 90 92 93 97
51 53 57 69 71 73 75 80 85 89
52 61 64 65 66 70 71 79 82 87 89 93 95 98
53 64 72 73 80 81 84 89 92 95 96
54 56 58 63 64 68 70 75 82 84 85 90 93 96
55 62 63 67 72 73 75 78 94
56 58 61 62 69 70 72 73 75 76 79 80 81 86 87 91 95 96 97 98
57 59 60 62 64 65 66 79 87 90 94
58 59 65 66 68 69 70 72 73 74 75 82 89 93 94 95 98
59 65 72 73 80 82 85 92 97 98 99
60 62 67 72 81 82 87 88 90 92 97
61 67 68 76 77 79 82 84 86 88 89 91 92
62 65 68 69 72 76 77 79 80 82 83 87 90 94 98 99
63 66 74 86 87 91 96
64 71 72 73 74 75 79 81 87 88 89 96 97
65 67 71 74 78 79 80 81 84 86 87 88 89 95
66 70 74 80 84 85 86 87 90 91 92 95 99
67 72 73 81 82 87 98 99
68 74 79 80 83 85 86 88 90 91 94 95 98
69 70 71 72 73 76 82 83 90 91
70 74 75 80 82 90 95 96 98 99
71 74 81 92 93 94 95 96
72 73 79 80 81 82 83 93 96 98
73 74 78 79 83 87 89 91 96 97 98
74 78 79 84 85 89 92 95
75 77 78 91 94
76 77 80 82 83 84 87 90 93
77 78 82 90 92 93 95 96
78 80 82 85 87 91
79 83 87 88 91 92 94 96
80 84 87 88 93 96 97
81 83 86 87 88 91 99
82 83 97 99
83 85 88 92 94 95
84 86 87 88 90 92
85 88 93
86 87 91 94 96 97 98
87 91 93 94 96 97 99
88 93 94 97 99
89 90 91 92 95
90 91 93 94 95 97
91
92 93 95
93 97 99
94 97 99
95 98 99
96 97 99
97
98
99

!86