#RandomGeneratorDifficultGraph.py
# GMT Tue Jul 18 16:24:06 2023
# 
0 9 12 21 34 40 43 46 55 56 70 71 72 73 76 80 83 84 87 88 90 94 95 96
1 2 5 6 14 20 23 24 33 41 43 54 56 58 79 80 86 87 90 95 96 97 98 99
2 8 11 13 16 17 18 26 32 33 34 39 41 43 49 58 63 72 80 81 90 91 92
3 9 13 16 17 18 19 20 23 26 27 30 37 41 47 59 60 68 69 74 82 89 94
4 12 14 17 18 19 26 28 40 41 47 48 56 66 67 68 70 71 72 76 87 90 97 99
5 8 14 19 47 55 61 66 71 74 86 92 94 95
6 19 25 40 41 43 47 49 57 62 63 67 68 69 71 72 74 75 76 79 82 84 86 92 93 95 99
7 8 11 27 34 36 41 44 54 64 81 84 89 94 96
8 13 31 46 52 56 61 64 66 67 72 76 78 98
9 21 31 33 40 41 43 47 48 49 58 59 60 69 72 76 78 81 83 84 86 91 99
10 16 19 20 32 40 43 47 48 50 69 74 76 81 82 83 86 88 93
11 12 18 19 20 25 27 32 38 44 48 60 81 86 87 89 90
12 17 21 25 27 46 47 52 57 59 73 83 96 98 99
13 19 41 46 51 52 59 60 61 62 67 71 72 75 79 99
14 15 17 24 28 31 32 33 36 45 47 58 65 72 80 91 95 97 99
15 19 22 27 36 38 41 46 49 52 58 65 77 84 89 94 97
16 17 19 31 39 40 46 48 52 53 58 60 61 62 71 80 90 91 95 98 99
17 21 25 32 40 42 49 52 53 67 68 76 77 82 83 88 89
18 19 21 22 28 29 32 38 40 45 46 52 54 56 58 80 87 88 98 99
19 20 33 36 40 41 44 67 88 90 91 94 97
20 21 23 25 26 28 33 36 37 45 51 52 58 63 64 84 90 97
21 25 37 43 46 47 50 78 88 91 92 99
22 31 34 38 40 45 49 61 66 74 78 79 81 83 85 91 93 96
23 25 28 32 35 42 43 48 51 52 60 66 72 83 92
24 32 36 37 48 57 75 77 79 80 82 83 92
25 29 38 39 41 47 55 56 57 74 78 81 86 87 92 95 99
26 29 33 40 47 53 54 55 61 64 68 76 86 87 98
27 30 35 38 40 50 51 66 73 78 80 87 96 97 98
28 31 36 38 39 43 51 53 54 55 56 57 61 62 65 67 71 72 73 78 80 84 86 97
29 32 36 40 44 52 62 66 67 70 77 88 89 98
30 42 45 72 73 76 77 83 90 94 96
31 35 41 46 47 59 71 83 86 88 92 94 99
32 42 43 46 47 48 54 58 64 66 76 88
33 34 35 43 44 58 60 64 75 78 84 89 90 92 93 95 98
34 48 53 54 56 61 65 76 90 96
35 39 44 45 55 56 57 58 61 77 80 85 86 87 91
36 69 74 82 84 94 97
37 41 43 45 54 58 59 64 67 71 79 88 90 93 99
38 40 42 45 47 51 52 55 58 59 69 84 88 89 95
39 47 52 54 55 61 63 68 74 79 80 82 88 93 96
40 43 44 46 48 58 59 76 77 81
41 42 46 50 54 58 69 70 77 85 88 91 99
42 43 66 70 73 75 78 90 93
43 44 47 62 66 71 82 96
44 52 54 56 60 65 82 86 87 89 92 95 96
45 56 57 58 59 78 89 93 96
46 50 52 60 62 63 74 75 77 80 84 87 92 93
47 49 53 54 60 64 68 90 91
48 54 56 64 65 66 70 73 76 87
49 56 60 67 89 99
50 56 64 66 67 69 83 86 88 93 95
51 52 69 74 83 84
52 53 54 55 62 67 72 87 89 95 98
53 55 56 57 59 61 68 73 87 95 96
54 55 56 62 66 77 83 86 91 92 95 96 99
55 58 63 81 88 89 93
56 61 62 83 88
57 61 62 65 73 83 84 91
58 61 62 65 67 69 75 82 89
59 66 67 72 73 84 85 86 91 92 94 96
60 63 66 76 79 83 88 90 91
61 62 66 75 78 97 98 99
62 66 78 81 83 84 85 89 90 91
63 67 69 71 81 85 92 94
64 65 68 72 76 80 87 88 90 92 95 96
65 68 73 75 78 90 92
66 74 78 83 86 89 93 97 99
67 71 81 84 90 98 99
68 70 72 90 93 95
69 71 73 74 75 77 78 80 83 92 95 97
70 71 73 81 83 84 90 93
71 72 74 75 82 88 89
72 75 77 79 88 94 95
73 74 78 84
74 84 87 88 89 91 93
75 84 87
76 78 83 85 86 89 91 94
77 78 79 82 90 92 94 95
78 81 87 97
79 82 86 88 91 99
80 84
81 87 90 95 96 98
82 88 93 94 95 98 99
83
84 95 99
85 89 90 94
86 90 91 97
87
88 97 99
89 90
90 96 98 99
91 94 95 98
92 93 98
93 96 99
94
95 96 98 99
96
97
98
99

!82