#RandomGeneratorGraph.py
# GMT Sat Apr  8 15:17:24 2023
# 
0 18 26 27 30 34 41
1 2 3 4 11 12 18 26 27 32 34 37
2 8 12 13 20 29 30 31 40 46 48
3 7 9 11 18 24 28 31 33 38 40
4 9 11 13 16 17 18 19 33 35
5 6 12 14 20 26 34 49
6 9 15 17 27 30 31 40 41 42 44
7 18 22 35 36 38 39 43 44 49
8 21 30 34 36 41
9 18 25 28 36 39 44 45 48
10 21 24 34 36 41
11 15 31 39 48
12 15 17 18 21 24 49
13 29 30 36 43 47
14 15 16 17 24 27 30 36 46
15 17 18 21 23 24 27 34 38 39 43 44 47
16 19 21 25 28 39 48
17 20 23 32 34 42 48 49
18 20 28 29 35 36 41 44 46
19 28 29 32 40 45 46
20 21 22 24 36 37 41 46 49
21 22 24 25 36 37 38 41 49
22 27 30 35 42
23 29 33 37 41 47
24 27 33 35 36 38 43 44 45 48
25 32
26 29 41 43 44 45 46
27 28 34 46 49
28 43 46 49
29 35 40 43 47
30 34 38 43
31 41 44 46
32 37 46 47
33 36 37 39 40 44
34 43
35 38
36 46
37 41
38 43
39 40 46 48 49
40
41 42 43 46 47
42 43 44 48
43 46
44 45 46 48
45
46 49
47
48
49

!37