#RandomGeneratorDifficultGraph.py
# GMT Tue Jul 18 12:47:58 2023
# 
0 1 3 6 7 9 10 16 22 25 26 33 38 39 40 44 46 47 56 62 65 66 69 72 73 76 78 80 85 86 88 89 92 93 95 98
1 11 12 16 19 22 26 29 30 33 36 37 38 39 41 42 44 47 48 50 51 54 55 56 60 61 65 66 68 71 72 76 77 78 80 81 86 87 94 99
2 3 4 5 7 9 16 18 19 25 26 30 31 34 39 42 43 44 49 50 51 52 53 56 58 59 60 63 64 65 66 69 70 71 72 75 79 85 88 93 96 98
3 10 12 13 15 16 17 19 20 22 29 33 36 37 40 41 42 45 46 47 48 50 55 63 64 70 71 72 74 75 78 83 84 85 87 88 89 90 92
4 12 13 18 19 20 21 25 27 30 31 33 34 37 38 41 44 46 47 49 52 54 57 61 66 68 72 75 78 80 81 87 88 89 94 95 96 98
5 6 8 9 13 15 16 17 18 21 22 28 29 30 33 34 36 40 46 51 57 59 66 69 70 71 72 75 78 84 91 92 93 94 95
6 8 12 15 16 19 20 21 23 25 26 27 29 30 31 32 34 35 39 41 42 44 45 47 49 50 51 53 57 58 59 62 63 67 68 69 70 71 72 75 81 82 85 86 88 89 90 93 99
7 9 12 13 17 19 21 25 26 34 35 36 37 39 41 42 44 45 46 49 50 52 59 60 61 63 64 66 68 70 76 79 83 87 88 90 96 97 99
8 10 11 12 29 31 32 34 37 39 41 44 45 46 48 49 55 56 57 61 63 67 68 70 71 74 75 76 82 83 84 86 87 89 90 91 94 95
9 11 12 18 19 20 31 32 37 42 43 50 54 57 59 64 66 67 69 70 73 74 75 76 77 79 80 81 82 88 89 91 92 94 96 97 99
10 12 16 17 19 20 23 26 27 28 30 31 32 33 34 36 37 41 42 46 47 48 57 61 64 65 66 67 71 72 79 82 84 86 87 88 94 96 97
11 12 14 24 28 30 32 33 39 40 42 43 47 48 49 51 52 53 54 55 65 67 70 71 74 75 76 77 79 80 81 87 90 94 95
12 13 17 18 19 21 25 26 30 34 35 37 40 45 46 48 49 51 54 56 57 58 59 61 64 66 67 68 69 71 72 73 76 78 81 83 88 93 96 99
13 16 18 21 31 32 35 42 43 46 49 52 53 55 57 58 59 62 63 65 67 68 73 74 75 76 78 82 84 87 88 93 96 99
14 16 18 20 27 30 31 32 34 40 41 45 46 51 55 56 59 60 61 63 67 69 70 72 73 75 77 79 83 84 87 88 90 91 95 96 97 98 99
15 17 24 25 28 33 35 36 38 41 44 46 50 52 54 55 56 58 60 62 63 69 73 74 80 83 84 86 88 89 94 95 96 97
16 17 18 19 20 22 25 27 30 32 33 34 35 39 42 45 46 50 55 58 61 65 66 69 72 73 75 76 78 79 81 82 84 86 87 88 91 93 98 99
17 18 19 24 26 28 29 31 33 35 37 38 41 42 44 46 47 48 49 50 53 54 60 61 64 67 68 69 70 77 79 81 83 84 90 91 92
18 20 22 23 25 27 28 30 33 39 40 43 45 50 54 55 56 59 62 63 66 67 74 75 76 78 89 91 93 97 98 99
19 22 23 24 28 32 35 37 38 44 45 47 49 50 51 52 53 56 59 61 63 64 65 69 72 79 80 81 82 84 86 91 92 93
20 21 25 26 28 30 33 41 46 47 49 53 54 57 62 66 67 71 74 80 86 90 92 94 99
21 23 27 29 32 36 38 41 43 44 46 50 55 59 60 61 63 64 66 71 74 75 78 80 82 83 86 87 89 91 95 96 97 99
22 23 33 34 35 37 42 45 46 52 53 56 58 60 66 68 71 73 74 75 76 77 84 85 86 88 90 94 95 97
23 24 31 39 43 44 46 49 55 60 63 65 66 70 71 72 75 78 80 82 83 87 90 91 94 95 97 98
24 25 31 37 40 41 43 46 48 50 53 55 57 58 59 61 62 67 70 71 73 76 77 78 81 82 83 85 90 91 95 97 98
25 28 30 31 35 38 41 44 45 52 57 58 60 61 65 66 67 69 71 73 75 76 78 80 81 82 84 88 90 91 92 95 96 98 99
26 28 30 34 37 38 39 41 43 45 46 47 48 49 56 57 59 60 61 62 69 72 75 76 79 80 82 85 88 89 90 95 96 97 98
27 28 33 35 38 41 42 44 45 46 48 49 50 51 54 56 59 61 62 73 74 77 83 85 88 89 93
28 29 31 32 34 35 37 41 43 45 47 49 51 54 57 58 61 64 66 70 73 74 75 76 81 82 91 92 93 94 96 97 98 99
29 33 34 35 40 42 46 47 48 51 52 54 59 63 64 70 73 77 78 85 87 88 89 92 93 94 95 97
30 31 37 43 44 47 49 52 53 62 66 67 73 78 81 82 83 85 89 98 99
31 33 40 41 42 45 47 48 49 51 53 56 58 63 67 68 69 71 73 76 79 83 84 89 92 95 99
32 33 35 36 37 41 47 48 49 50 51 52 53 57 61 65 66 69 71 72 74 77 80 88 93 97 99
33 39 43 45 46 47 48 49 50 52 56 60 61 64 66 70 73 75 76 77 78 83 87 88 90 91 94 95
34 40 41 42 45 47 52 54 57 58 59 64 66 67 70 79 80 81 88 89 91 93 94 96 97 99
35 41 42 44 45 51 52 55 56 58 61 64 69 73 74 75 77 78 79 80 81 83 88 90 95 96
36 37 38 41 44 51 55 56 61 62 63 64 66 67 74 80 84 87 88 91 92 93 95 96 97 98
37 38 40 41 42 48 50 51 52 55 56 57 60 61 64 68 74 75 76 77 81 90 93 95 97 98
38 39 40 43 44 49 50 52 54 57 58 60 61 63 64 68 70 71 74 78 79 80 83 85 87 90 93 94 95
39 41 47 52 55 60 62 63 65 66 68 69 72 73 75 79 80 81 82 83 87 90 92 97
40 42 43 45 46 48 50 51 56 58 59 60 61 64 66 73 74 75 77 78 80 83 88 91 93 95 96
41 43 45 49 51 52 55 58 59 63 67 68 71 75 77 78 79 82 83 84 86 87 90 97
42 44 46 48 54 56 64 66 68 69 71 74 79 83 85 86 87 89 90 94 95 97 98
43 44 45 46 48 52 53 56 59 60 61 63 64 66 68 71 72 79 86 87 89 90 92 93 95 97 98
44 45 48 49 53 54 58 59 60 64 65 68 71 72 74 75 76 78 79 80 83 86 87 88 89 91 94 95 96 98 99
45 46 47 51 53 56 59 61 62 63 65 66 67 69 73 78 79 81 82 83 85 87 88 97 99
46 47 50 51 53 55 61 63 65 66 68 69 70 73 74 75 76 78 79 82 84 85 88 91 93 98
47 49 50 55 57 60 62 63 65 70 71 72 76 77 82 83 87 92 94 96 97 98 99
48 50 51 52 53 55 61 64 66 73 74 75 79 82 84 85 88 89 92 93 94 95 97
49 52 53 57 59 62 64 71 76 77 78 84 85 90 91 92 93 94 97 98 99
50 51 52 53 54 55 57 58 60 62 64 65 67 69 70 73 76 80 85 89 90 96
51 52 53 54 55 56 61 65 80 83 84 89 93 94 95
52 53 54 55 56 57 58 61 63 64 66 67 73 75 78 79 80 81 82 85 92 95 96
53 57 63 66 69 71 73 82 83 85 87 88 89 91 93 94 96 99
54 57 62 63 68 69 71 76 78 82 87 90 91 94 97 99
55 59 67 70 72 73 80 82 84 85 91 94 96 98
56 57 58 64 65 66 67 68 69 72 74 76 82 83 91 93 95 97
57 62 64 65 66 71 74 75 80 81 82 83 86 87 89 92 93 95 99
58 60 64 65 69 71 73 75 76 78 79 82 83 84 86 89 90 92 94 98 99
59 66 68 69 75 76 78 79 80 81 82 83 84 90 91 92 95 98
60 62 66 68 69 71 73 77 79 81 85 87 93 95 98 99
61 63 71 75 77 78 85 86 88 90 94 95 98 99
62 64 65 67 69 70 71 77 79 81 86 89 95 97 99
63 65 66 70 71 76 78 82 84 86 89 91 92 93 94 98
64 66 67 68 70 72 73 74 75 76 77 81 82 83 85 88 91 92 96 97 98 99
65 68 69 82 85 86 87 88 89 90 91 92 93 95 96 98
66 67 68 69 71 73 75 77 82 84 87 89 92 93 95 98
67 68 69 72 74 77 78 79 84 85 88 89 91 93 94 98 99
68 69 72 78 81 83 90 91 93 95 98
69 74 75 77 79 80 81 84 86 87 88 99
70 71 73 74 76 78 81 86 88 93 95 98
71 72 77 78 86 87 90 91 97 98 99
72 74 76 77 85 86 88 90 91 92 95 96 98
73 74 77 83 85 88 90 91 92 94 95
74 75 77 78 79 80 81 83 85 86 89 94 96 97 98 99
75 77 78 80 82 89 91 95 97 99
76 82 85 88 89 90 92 94 96 97 98
77 87 88 93 96 97
78 80 82 83 84 86 87 90 95 97
79 81 84 87 88 92 93 94 95 96 99
80 85 86 87 91 99
81 83 86 87 92 94 98
82 83 87 89 90 91 92 97 98 99
83 86 88 89 90 92 94
84 85 86 87 89 90 91 92 93 94 97 98 99
85 89 94 97 99
86 87 88 90 91 94 95
87 90 92 94 97 99
88 93 94 96 99
89 99
90 91 93 94 95 96 99
91 94 99
92 94 95 96 97 98
93 94 96 97 98 99
94 95 98
95 98
96
97 99
98
99

!91