#RandomGeneratorDifficultGraph.py
# GMT Tue Jul 18 12:48:06 2023
# 
0 1 5 6 9 11 13 14 16 17 20 23 25 26 27 28 36 39 40 43 45 48 50 51 52 54 56 64 66 69 70 73 77 80 81 82 85 86 87 88 91 93 94 95 96 97 98
1 2 3 6 8 15 16 20 23 26 27 28 29 31 32 35 37 38 40 41 42 44 46 49 53 55 59 63 70 72 73 74 76 81 83 86 88 93 95 97 98
2 10 18 19 22 24 25 26 27 29 30 33 39 43 44 46 50 53 54 56 58 61 66 68 70 72 73 76 80 81 84 88 89 91 92 94 96 97 99
3 8 11 13 16 18 22 24 26 28 31 32 35 37 38 43 45 46 47 48 49 55 58 64 68 69 70 71 73 74 76 77 78 79 80 83 86 88 91 97 98
4 13 14 16 18 20 21 24 25 26 31 32 33 34 36 47 51 52 53 55 61 63 69 70 71 73 74 76 78 79 81 82 85 90 92 94 95 98
5 6 7 8 12 13 24 26 28 29 32 37 38 42 43 44 45 50 51 52 53 54 57 59 69 73 75 76 78 80 82 83 87 88 89 91 95 97
6 7 10 11 13 14 17 18 21 24 27 30 32 34 39 41 49 51 53 56 58 60 61 62 64 69 71 72 73 77 79 84 85 86 88 90 91 92 97 98 99
7 10 11 12 14 15 17 24 25 29 31 35 36 37 39 40 41 44 45 46 47 51 54 56 60 63 65 72 73 74 76 79 82 84 85 86 88 89 90 91 93 94 95 97
8 9 13 16 18 20 22 23 27 28 29 30 33 34 35 37 39 43 46 48 49 50 52 58 59 60 62 67 72 74 77 81 85 87 89 93 95 96 98
9 13 15 16 17 23 27 29 30 31 38 41 42 45 46 52 56 58 59 66 67 69 73 75 79 81 85 86 87 88 89 90 94 95 96 98
10 11 13 17 20 21 22 23 25 26 29 31 33 35 36 42 43 44 45 46 48 49 52 54 57 61 62 65 67 70 71 85 88 89 90 93 95 99
11 12 13 16 18 21 31 37 41 42 50 52 53 55 58 59 60 62 65 67 68 70 71 77 79 80 81 82 84 86 87 94 95 98 99
12 16 17 23 24 25 26 28 30 33 37 43 45 55 56 59 60 61 62 63 65 67 68 69 71 72 73 76 78 79 85 88 89 90 92 96 98 99
13 15 18 19 23 27 28 29 30 32 33 36 38 39 41 42 45 46 48 49 50 53 56 57 59 64 65 66 69 71 72 73 74 75 76 77 82 83 84 86 88 90 91 93
14 22 23 24 26 32 37 39 40 42 43 44 47 50 52 53 54 57 58 59 66 70 71 73 75 76 77 79 80 81 82 83 86 87 89 93 95 97 98 99
15 16 18 19 20 23 29 32 33 34 36 37 38 41 42 43 53 54 56 57 58 61 62 63 65 72 76 84 87 88 90 91 94
16 18 20 21 22 23 26 35 38 39 43 45 50 52 54 60 62 63 67 72 75 77 81 83 88 92 99
17 18 19 20 21 23 24 28 29 30 34 40 42 44 51 55 56 60 62 63 70 72 73 76 79 84 86 87 90 91 92 94 95 97
18 19 20 21 23 27 33 36 37 40 41 43 47 52 54 59 61 62 63 65 66 67 69 70 79 80 85 87 90 91 93 97 98
19 21 22 23 25 26 30 35 37 43 44 53 58 60 61 63 67 68 69 72 78 79 80 82 85 88 91 93 95 97
20 21 22 25 26 27 29 31 35 36 37 38 42 43 44 46 47 49 50 51 52 53 54 58 59 62 63 64 67 70 74 75 76 77 82 85 86 93 95
21 22 25 27 29 30 34 35 36 37 40 43 44 48 53 54 57 58 60 63 65 66 67 69 71 80 83 86 88 90 92 93 94 97 99
22 23 25 29 33 34 35 36 40 41 42 44 46 51 55 58 60 62 66 68 69 70 71 78 79 82 83 86 87 91 94 95 96 97
23 25 26 28 33 35 36 40 42 43 47 49 50 53 55 56 57 62 63 64 73 75 78 80 81 83 88 89 91 95
24 27 28 29 32 33 37 38 40 41 45 46 50 57 59 62 65 68 72 73 79 80 86 87 89 90 92 93 94 99
25 26 29 32 34 38 39 40 45 47 49 51 52 56 59 60 61 62 63 64 65 70 72 76 77 80 82 83 84 85 86 87 89 96
26 27 28 31 34 35 46 49 54 61 63 64 67 69 72 73 75 78 80 82 85 87 89 90 91 94 96 97
27 29 32 34 35 37 40 42 44 45 47 50 51 53 54 56 58 59 62 65 70 72 73 81 84 88 91 92 96 97
28 29 31 32 35 36 37 42 43 47 50 53 54 58 64 66 67 72 73 77 79 80 86 94 95 99
29 31 39 40 41 42 47 50 52 56 66 68 71 74 75 78 79 80 85 86 93 94
30 31 33 37 39 40 43 48 51 52 53 54 55 56 61 62 63 67 71 72 73 75 78 82 83 84 86 89 94 96 98 99
31 34 38 42 46 49 54 57 58 59 60 61 67 77 81 84 85 89 90 93 95 96 99
32 33 35 38 40 41 42 49 51 53 55 57 61 65 67 77 78 79 83 85 88 91 92 93
33 34 36 37 39 40 41 42 44 45 47 50 52 53 56 60 63 65 66 70 73 74 83 84 85 87 90 91 92 94 95 97
34 35 36 39 41 42 48 49 51 54 56 57 58 60 63 64 65 66 70 71 72 76 82 84 85 89 93 94 95 97 98 99
35 38 39 40 42 55 57 59 60 65 68 70 76 79 80 85 88 89 94 98
36 40 42 45 47 50 51 55 63 72 73 80 82 84 87 88 91 92 98
37 39 41 42 44 58 60 63 64 67 68 72 74 77 80 82 83 86 94
38 39 41 43 46 49 50 51 52 53 60 65 66 69 72 73 78 84 85 87 88
39 42 44 46 47 48 49 52 53 54 55 56 57 62 66 69 71 75 77 79 88 89 91 99
40 42 49 50 51 53 56 58 62 64 65 73 74 78 79 80 82 89 93 94 97 98
41 51 52 54 55 57 58 59 64 66 68 69 74 76 77 78 80 83 86 88 91 97
42 43 45 47 49 50 54 57 60 63 64 65 67 70 71 73 76 77 80 81 84 86 90 92 93 95 97 98 99
43 44 45 46 47 50 51 52 53 56 57 58 59 65 66 67 71 72 73 74 83 90 91 94 95 96 98
44 45 49 53 57 60 62 64 65 69 71 72 73 75 81 83 84 87 88 89 90 94 98
45 48 49 50 52 55 56 57 59 63 64 66 73 76 77 78 80 81 83 84 86 94 97 98
46 48 51 52 53 56 57 64 65 66 67 70 71 73 75 78 81 82 85 90 92 94 98 99
47 48 50 55 59 60 63 64 67 70 71 77 78 80 81 82 86 90 91 92 96 97
48 56 58 60 63 64 68 70 74 75 76 77 82 83 86 87 88 89 92 98
49 50 53 54 55 58 60 64 65 68 69 72 75 76 84 86 90 91 93 96
50 51 55 56 57 61 62 64 66 67 72 73 74 77 78 80 83 84 88 90 98
51 52 54 56 58 59 60 62 64 66 68 72 74 78 79 80 82 83 84 88 90 94 97 98
52 57 58 63 64 67 68 73 74 76 80 81 85 90 91 93 94 95 97 98 99
53 56 61 62 63 64 65 67 71 74 75 77 79 80 81 84 87 88 89 90 93 97 99
54 58 59 61 62 71 72 81 82 84 86 87 88 90 91 92 94 95 96 97
55 56 57 63 66 68 73 76 78 79 85 88 89 91 92 93 94 95 97 98
56 59 60 61 65 68 72 74 79 80 83 88 92 93 95
57 58 59 62 64 65 71 72 74 77 81 83 84 85 87 89 92 94 97 99
58 60 63 66 67 68 69 71 74 76 78 80 86 88 89 93 96 98
59 61 62 71 72 75 77 78 79 81 86 97 98
60 61 64 66 68 74 79 81 82 83 87 90 91 92 93 98 99
61 62 66 68 69 70 72 73 76 78 80 81 84 88 89 90 92 93 95 96 98
62 64 68 69 70 74 81 82 83 84 87 90 91 93 94 95 96 98
63 64 65 69 70 74 75 77 79 81 82 84 86 88 90 92 93 95 97 99
64 67 69 72 73 75 76 77 82 83 94 98 99
65 66 70 72 73 77 81 84 85 86 87 90 93 94 96 97 98 99
66 71 73 74 75 76 77 78 83 85 92 98 99
67 68 76 77 78 83 85 93 98
68 70 73 74 77 87 88 90 94 96 98 99
69 71 75 77 78 80 82 83 85 86 88 90 92 98
70 72 74 83 84 85 86 94 95 97 99
71 73 74 77 84 89
72 80 82 83 84 88 89 90 92 94
73 74 78 79 80 81 84 86 88 92 95 99
74 75 76 77 79 81 83 89 90 91 93 94 95 97
75 76 77 78 81 85 86 87 89 93 95 96 97 98
76 78 83 84 85 86 88 92 93 94 98
77 81 83 84 85 86 88 90 91 97 98
78 82 85 86 90 91 93 94 95 98 99
79 80 82 83 85 87 88 93 94
80 81 82 83 84 85 86 89 90 95 96 98 99
81 85 86 94 96 97 98
82 83 84 85 87 92 94 96 99
83 85 89 91 92 95 96 99
84 86 91 92 99
85 87 90 94 95 96 99
86 89 90 91 93 97 98 99
87 90 93 95 96 97
88 89 92 93 98
89 91 92 94 97
90 92 98
91 95 96 97 98
92 94 98 99
93 95 96 97 98
94 95 97 98
95 98
96 98 99
97 99
98
99

!91