#RandomGeneratorDifficultGraph.py
# GMT Mon Jul 17 14:33:53 2023
# 
0 1 4 7 9 10 13 18 23 24 25 30 35 47 57 61 63 69 70 77 80 84 85 89 90 91 92 95
1 2 4 7 8 11 13 15 16 28 31 37 38 42 43 46 50 53 60 63 75 82 83 90
2 7 30 31 34 37 40 41 42 57 58 60 67 69 70 75 78 82 99
3 6 10 14 20 22 25 35 39 50 54 55 69 73 76 79 83 84 87 89 90 91 95
4 6 7 11 25 26 29 49 53 62 72 81 85 91 93
5 10 12 13 17 23 24 34 46 50 56 59 60 65 67 68 74 78 93 98
6 9 34 37 38 39 48 50 54 75 76 79 81 82 86 98
7 8 10 15 20 22 28 34 41 45 48 49 51 57 67 71 74 75 78 81 88 90 96
8 15 16 18 21 27 32 39 42 50 56 58 59 72 83 87 94
9 16 23 31 32 37 39 42 43 50 53 55 61 72 73 75 81 82 83 85 88 90
10 11 14 23 27 29 30 33 35 38 40 52 58 60 65 72 85 92 97
11 14 18 21 26 31 49 55 58 63 72 73 74 78 82 89
12 22 23 24 31 34 35 37 44 46 48 49 50 54 56 60 69 71 72 75 77 81 93 94 95 96 99
13 16 22 29 35 36 39 43 51 57 59 63 67 69 86 88 90 91 97
14 24 26 28 30 34 40 42 45 51 52 56 64 65 72 74 76 78 90 95 96
15 16 21 24 26 31 34 43 46 55 62 65 73 77 82 87 88 89 97 99
16 21 24 25 29 30 31 34 40 46 48 49 57 61 67 77 79 82 99
17 18 25 26 27 29 44 46 49 52 54 58 68 70 74 75 76 78 82 91 93 99
18 21 27 29 30 33 37 41 43 53 58 72 80 84 92 93 96 97 98
19 26 27 32 36 43 47 57 58 61 62 70 71 72 82 96
20 22 26 27 28 30 31 32 36 43 44 46 49 55 56 63 66 79 88 89 96
21 26 32 46 54 56 62 67 69 70 72 74 76 80 83 86 89 90
22 24 28 32 36 38 50 57 61 65 75 85 90 98
23 25 31 35 37 40 42 51 66 68 72 76
24 25 28 38 46 57 62 64 78 80 83 86 93 94 96 98
25 27 30 32 38 40 41 42 47 48 49 50 51 52 62 75 77 82 84 85 88 96
26 33 36 39 44 45 49 53 63 80 81 83 93
27 33 36 38 42 43 52 67 80 89 95
28 30 32 39 43 47 50 51 56 63 69 80 81 86 91 92
29 44 46 48 52 53 54 56 67 70 73 76 77 82 84 86 93 95 98
30 35 36 44 47 48 64 69 71 74 77 91 93 97
31 34 36 41 42 49 56 78 92
32 37 43 45 49 51 56 60 70 74 76 78 83 85 92 94 99
33 34 36 43 48 50 54 56 70 72 75 81 84 85 87 88 91 92 95 97
34 38 49 54 55 62 79 80 81 83 87 88 89 92 94 95 97 98
35 37 39 40 44 47 57 65 69 72 75 85 91 94 97
36 41 46 49 51 56 80 82 84 86 89 98
37 45 47 52 56 64 65 69 74 85 90 93
38 44 48 59 60 64 77 80 87 94 96 98 99
39 49 65 66 73 85 89 96 99
40 50 61 70 71 91 94 96 97
41 47 56 60 86 87 88 89 94 95 98
42 45 52 53 54 61 62 85 89 93
43 45 48 60 74 78 86 93 97
44 69 70 75 82 88 89 92 97 98
45 47 50 65 77 87 96 97 98
46 57 65 67 69 78 80 86 87 96 99
47 49 51 63 65 73 75 91 93 95 98
48 49 52 63 68 69 84 86 94 97 99
49 59 62 68 77 79 84 86
50 51 52 54 56 58 67 74 79 87 88 91 93
51 52 53 56 58 62 72 83 84 88
52 54 56 57 61 62 69 71 72 74 76 77 78 80 85 87 91 93 97
53 60 69 73 78 89
54 55 57 62 63 67 68 72 73 75 91 92
55 58 59 63 67 69 77 78 82 86 96
56 60 61 68 72 78 79 87
57 60 64 79 86 87 88 89
58 59 60 63 67 70 76 86 99
59 61 62 68 69 70 80 86 88 94 95
60 68 69 70 71 74 75 88 95
61 66 80 86
62 64 67 68 69 74 79 91 99
63 65 67 75 78 80 82 90 97 98
64 68 72 73 74 76 88 93 97 98
65 66 74 78 79 80 83 87 90 96 98
66 67 70 73 75 76 81 83 84 88 92
67 75 76 81 87 88 89 92 95
68 69 74 75 78 79 89 96 97 98
69 72 88 93 99
70 71 73 84 94 95 96 97
71 72 73 74 76 77 78 83 94 95 99
72 73 74 78 88 98
73 85 88 94
74 75 81 87 91
75 80 85 86 89 98
76 81 92 93
77 81 90 91 96
78 91
79 82 85 89 91 92
80 96
81 90 91 94 99
82 93 94
83 85 88
84 89 92 97 98
85 86 89 93 95 97 99
86 93
87 88 94
88 94
89 90 94
90 95
91 93 99
92 93 94
93 94
94
95
96 99
97
98 99
99

!85