#RandomGeneratorGraph.py
# GMT Tue Apr 11 16:25:38 2023
# 
33 45 4 78 66 17
45 73 9 72 16
73 81 70 15 25
81 22 58 80 72
2 39 57 34 19 18
39 96 64 14 67
10 52 53 62 8 46
52 29 40 64 91
70 93 97 78 20
27 68 12 74 76 13
68 79 32 58 96
22 99 30 11 93
57 36 86 90 83
0 69 78 50 34 82
69 49 50 19 38
99 48 6 4 21
20 47 51 76 85
47 21 65 32 35
78 5 54
26 60 32 96 92 5
60 17 1 31 49
46 75 95 12 62
75 51 87 15 16
18 74 7 9 79
74 19 49 66
85 98 13 82 66
98 38 77 58 35
32 89 43
59 66 34 9 37 62
66 17
13 44 89 77
44 92 24 55 15
96 24 40
36 64 41 11 87
64 11 31
17 54 11
62 83 61
83 14 86 92
1 42 35 80 6
42 84 88 63 30
7 28 11 43 95
28 12 6 31 90
3 6 15 79 65 94
6 37
15 61
63 91 84 8 5
91 49 80 55
16 95 48 8
95 29 30
79 29 48
12 86 21
25 61 24 53 94
61 4 90
5 21 97
21 29
29 97
40 93 72 65
14 51 76 43
51 9 86
35 55 4
34 31 97
71 88 41 50 23 77
88 82 76 87
82 43 89
84 53 90 87
30 56 94
11
58 4 8
9 67
67 37 65 41
80 37 48
23 56 49 92 19
56 93 24 72
89 54 94
41 87 37
54 65 53
65
4
53 72
37
93 38
86 8
49
87
43 92
76 77
24 55
72
50 90 77
8
38 97 94
48 55
77
94
90
92
97
55
31 19
19

!69