#RandomGeneratorDifficultGraph.py
# GMT Tue Jul 18 12:47:35 2023
# 
0 1 4 5 6 7 13 14 15 17 19 21 22 24 25 28 31 32 33 34 36 38 39 41 42 44 45 46 51 52 55 56 57 61 63 65 66 67 69 71 73 74 75 77 78 79 80 81 83 85 87 88 91 92 94 95 96 97
1 4 5 9 11 13 16 17 19 24 25 26 29 31 32 33 40 45 46 49 57 58 59 60 65 68 69 70 71 73 74 75 80 81 82 83 84 86 87 88 90 91 92 93 94 95 99
2 3 6 7 10 13 19 21 22 23 24 25 26 28 29 31 34 37 38 43 45 46 47 48 49 51 52 53 56 60 62 63 66 68 69 70 71 72 74 75 76 77 80 83 89 91 92 95 97
3 6 7 11 12 13 14 15 16 17 18 25 26 28 29 31 33 34 35 41 42 46 47 48 52 53 56 57 60 61 62 64 68 69 70 73 77 78 79 81 83 84 85 86 87 88 89 91 92 94 97 99
4 5 9 10 11 13 14 18 20 22 23 24 27 34 35 36 39 42 44 45 46 47 48 49 50 51 52 53 55 56 59 60 65 66 71 74 76 80 81 82 83 84 85 94 96
5 7 8 16 17 18 19 20 22 24 27 31 32 34 40 42 43 44 46 47 48 49 50 56 58 60 61 65 66 68 69 70 75 77 78 82 83 84 85 86 87 92 99
6 7 8 9 10 11 12 14 18 19 20 25 27 28 30 31 33 35 36 41 43 45 46 48 50 51 52 53 57 58 60 61 62 64 65 67 69 70 71 72 76 77 78 81 82 84 85 86 88 90 92 96 98
7 10 11 14 16 17 18 19 20 25 29 31 32 36 37 39 41 42 43 45 46 47 48 51 52 53 54 55 56 57 58 59 60 66 67 71 74 75 78 79 81 82 83 84 85 86 87 88 89 90 91 92 93 98 99
8 9 10 12 16 22 26 31 33 34 37 38 39 41 44 45 47 48 49 51 53 57 59 62 65 67 70 76 77 79 81 82 84 85 87 88 89 91 94 97 98
9 10 11 12 18 20 22 23 24 26 28 29 30 31 32 34 35 36 40 45 46 47 50 52 54 56 61 63 67 68 69 71 74 77 78 79 81 82 85 87 92 94 97 98
10 12 13 16 21 22 24 25 26 29 31 33 38 39 41 46 49 51 53 54 55 60 61 63 64 66 69 70 73 74 76 79 80 81 82 85 87 88 90 91 92 94 95 99
11 13 16 17 18 20 21 22 24 28 33 36 37 38 40 41 42 47 55 57 58 61 63 65 66 68 69 70 74 80 85 86 91 93 95 97 98
12 14 16 17 22 24 26 30 32 34 35 41 44 47 51 54 55 56 58 59 60 62 64 65 68 69 72 74 75 77 79 81 84 85 86 88 89 90 91 92 94 96 97 98
13 14 16 23 24 26 27 28 31 33 34 36 37 38 40 41 43 44 47 50 51 52 53 55 57 58 59 60 61 63 67 69 70 75 80 82 87 88 90 91 93 95 98 99
14 15 16 17 18 20 22 23 26 27 32 33 37 40 41 42 43 45 46 47 48 52 53 60 63 64 67 69 70 71 72 73 74 76 79 80 81 83 85 86 87 91 92 95 96 98
15 20 24 26 27 29 30 31 32 33 37 38 42 43 44 48 51 52 54 56 57 58 59 62 63 65 66 67 68 72 73 74 75 78 83 84 85 90 92 93 95 96 97 99
16 17 19 24 25 27 29 32 34 36 37 38 39 44 46 49 50 51 52 56 60 62 64 65 66 68 70 71 73 74 75 76 78 80 82 83 84 86 87 90 91 92 93 97 98 99
17 18 21 22 24 25 27 28 29 30 35 39 41 46 47 50 54 55 56 57 60 63 64 66 67 68 70 74 77 78 81 83 84 85 86 89 92 93 95 97
18 19 21 22 24 25 26 30 31 33 34 36 38 39 42 43 44 45 47 48 49 50 51 54 57 58 61 63 64 65 66 68 69 70 74 75 76 81 82 88 89 91 92 95
19 21 23 24 26 32 33 36 37 39 40 41 44 48 50 51 61 62 63 65 70 71 73 74 75 77 81 84 85 88 90 91 94 96 97 98 99
20 21 24 26 28 31 32 33 35 36 37 38 39 40 43 45 46 48 50 51 52 53 57 60 61 64 65 67 68 70 71 75 77 78 80 81 82 83 85 89 90 92 93 94 95 96 97 99
21 22 23 27 32 33 34 35 38 41 42 51 52 53 55 57 58 59 60 62 63 65 67 68 69 70 75 76 78 79 84 85 86 87 89 90 91 92 94 99
22 24 25 34 35 36 37 40 42 47 48 49 50 51 54 56 57 62 63 64 65 67 69 71 73 75 76 78 84 86 88 92 95 98 99
23 24 25 26 27 28 30 31 32 33 34 35 41 42 44 45 49 50 52 53 58 59 60 63 65 66 68 69 70 73 74 75 76 77 78 79 82 84 88 90 92 93 97 98 99
24 25 26 27 29 30 31 33 35 36 37 39 41 42 43 46 48 57 61 63 64 66 67 70 72 73 74 76 77 78 80 81 82 88 89 94 95 97
25 26 28 29 30 31 32 37 38 40 41 42 47 49 50 51 53 55 58 61 63 64 65 67 68 70 72 75 76 77 79 81 83 84 86 93 94 95 96 99
26 27 28 29 30 31 32 33 34 35 36 42 45 51 52 54 55 56 57 62 67 71 77 78 79 80 81 82 83 89 90 91 93 95 96 98 99
27 30 33 34 36 37 39 44 45 46 50 55 59 65 71 75 77 82 83 84 85 86 87 90 91 93 95
28 29 32 33 35 37 38 40 44 45 46 47 48 49 50 52 54 56 57 58 60 61 62 64 65 70 73 76 78 79 80 84 85 87 90 95 98 99
29 30 33 34 35 36 41 42 43 46 53 54 55 57 59 60 61 64 65 66 67 71 72 73 75 76 78 79 82 83 84 85 87 88 89 91 94 96 97 98
30 31 32 33 35 37 40 41 42 43 47 53 57 59 63 65 68 72 73 80 87 88 91 92 94 97
31 32 34 35 36 39 43 44 49 53 54 61 62 63 65 67 69 70 72 75 76 78 80 84 85 88 91 93 94 97 98 99
32 34 35 36 38 39 40 44 46 47 48 50 51 52 53 55 56 59 60 62 63 64 68 69 70 71 73 76 79 80 81 85 86 88 89 92 93 94 95 96 98 99
33 34 36 37 38 40 41 42 44 45 46 49 51 53 54 55 57 60 62 68 70 71 76 77 79 82 84 86 88 90 91 92 95 96 97 99
34 35 36 38 39 42 47 49 51 54 55 58 59 64 65 66 67 68 70 71 74 76 83 86 87 88 89 96 97
35 36 39 40 41 43 45 46 47 50 52 54 56 60 61 62 63 69 70 74 75 77 79 80 85 86 87 88 91 93 96 98
36 37 40 42 43 48 49 50 51 54 56 57 60 64 65 67 68 70 71 72 74 80 82 83 85 86 88 89 90 91 96 97 98
37 38 43 44 46 47 48 49 51 52 53 55 56 58 59 65 66 69 72 73 74 75 76 77 78 81 82 87 90 91 94 95 98 99
38 41 42 43 46 48 49 51 54 55 56 57 60 62 63 66 67 69 72 74 75 80 82 84 85 86 87 91 92 93 94 95 96 98
39 40 41 43 44 47 50 51 53 59 60 62 69 70 71 72 74 81 85 87 89 90 91 92 95 96 97
40 41 43 48 50 51 52 54 56 60 62 63 64 71 75 80 81 82 83 84 86 87 89 90 92 94
41 43 48 49 50 51 55 58 59 60 63 67 70 72 73 76 77 78 79 80 83 84 86 88 90 92
42 45 47 49 52 54 57 61 62 64 66 67 68 72 74 75 77 80 81 82 84 85 86 87 90 91 92 93 95 96 97 98 99
43 45 48 52 56 57 65 66 67 69 70 71 72 73 74 77 78 79 82 85 88 89 90 93 94 96 98
44 46 48 49 52 53 54 55 58 61 62 63 65 68 70 75 80 83 84 85 88 89 90 91 96 97 98
45 47 53 54 55 56 61 62 69 70 71 74 77 78 79 81 87 88 89 90 91 92 93 95 96 99
46 49 51 52 56 57 58 61 64 66 68 69 75 76 78 80 81 82 83 84 85 87 88 89 90 91 95 96 97 98 99
47 50 53 55 60 61 63 67 68 70 71 74 76 77 79 80 81 82 85 86 87 88 90 94 99
48 50 52 56 58 59 60 63 65 69 70 74 75 76 80 85 86 89 90 91 92 97 98
49 50 51 52 53 55 56 59 60 65 66 70 72 73 74 75 76 77 78 79 81 82 84 85 86 87 88 89 91 95 97 98 99
50 51 54 60 61 62 63 69 70 78 79 81 82 84 86 87 91 92 93 95 96 99
51 52 53 54 55 56 63 64 65 66 72 73 74 78 79 81 82 83 86 87 88 90 91 93 96
52 53 55 56 58 62 63 67 70 71 78 79 80 83 84 85 86 88 89 90 91 93 95 97 98 99
53 56 58 61 62 63 65 67 68 69 71 72 80 81 82 84 85 86 87 88 89 92 93 94 96 98 99
54 55 57 59 60 62 63 65 66 67 68 71 72 74 77 82 84 86 87 92 93 95 98
55 57 58 59 60 61 63 64 66 68 70 71 74 75 76 79 80 81 83 84 85 88 89 91 93 94 96 97 99
56 57 62 65 66 71 72 74 75 78 80 82 83 85 87 88 91 92 93 94
57 60 61 63 64 66 67 68 69 70 72 74 75 77 80 81 82 84 86 91 92 96 97 98 99
58 60 62 65 66 68 69 72 75 76 80 81 82 83 86 88 89 91 93 96 98
59 60 64 70 71 73 76 78 83 88 90 92 94 98
60 62 64 65 66 67 71 74 77 80 82 84 85 86 88 94 98
61 62 64 66 67 69 76 79 80 81 82 83 84 85 86 87 88 92 93 94 95 96 97
62 63 64 65 67 68 69 70 71 72 75 78 80 82 84 87 88 91 93 94 98
63 67 69 70 74 76 77 78 82 83 85 86 89 91 92 94 96 99
64 66 68 69 70 72 73 74 75 77 80 83 87 88 89 91 93
65 68 69 72 73 76 80 82 85 87 92 94 95 97 98 99
66 69 73 74 79 80 81 82 85 87 88 89 92 95 99
67 68 71 73 75 76 77 78 79 80 81 82 83 84 85 86 87 88 91 93 97 98 99
68 69 70 74 75 76 77 83 85 88 89 92 94 96 97
69 73 76 78 79 81 82 83 84 88 91 93 94 98
70 73 74 75 77 79 81 83 88 91 92 93 94 97 98
71 72 77 78 79 81 82 83 84 86 92 95 97 98
72 75 76 77 78 79 81 86 88 90 91 92 93 95 97
73 74 77 80 83 86 87 93 94 96 98
74 77 81 83 84 85 86 87 91 92 95 96 98 99
75 76 77 78 79 82 83 84 86 89 90 91 92 93 99
76 77 78 80 81 83 85 86 88 90 92 93 94 95 97
77 79 82 83 85 86 88 90 91 93 99
78 79 82 83 85 88 90 92 94 96
79 80 81 83 86 87 88 89 90 94 95 97 99
80 84 85 88 90 95 97 99
81 84 89 90 93 95 97 99
82 84 86 87 92 96 97
83 85 89 91 93 98
84 85 92 93 98 99
85 86 87 89 90 91 92 93 95 96
86 87 88 90 92 93 94 95 97 98 99
87 88 92 94 95 98
88 89 91 93 94 95 98
89 91 94 95 97 99
90 94 95 97 98
91 93 94 98
92 99
93 94 95 98 99
94 95 96 98
95 96
96 97 98
97 98 99
98 99
99

!92