#RandomGeneratorGraph.py
# GMT Thu Jul 13 14:13:38 2023
# 
0 9 10 14 20 21 27 36
1 9 24 25 44
2 6 18 29 30 31 37 46
3 10 11 28 39 41
4 18 35
5 8 9 19 28 30 33
6 8 9 15 30 49
7 9 11 12 21 35 49
8 18 22 32 49
9 10 32 39
10 30 33
11 31 42
12 22
13 18 24 35
14 22
15 17 19 23 32 47
16 26 29 35 36 38 41 42
17 21 28 45 46
18 20 27 29 31 32
19 33 36
20 21
21 25 26 33 34 39
22 39 45
23
24 39
25 33 37 44
26 41
27 43
28
29 37 49
30 40 41 44
31 33 39 40 45 46
32
33 40
34 44
35
36 39
37 41 43 45 46
38
39
40 41
41 42
42 44
43 44
44
45
46
47 49
48 49
49

!31