#RandomGeneratorDifficultGraph.py
# GMT Tue Jul 18 16:23:57 2023
# 
0 26 36 41 47 53 57 71 72 76 98
1 7 12 13 15 20 27 28 30 31 35 37 42 44 45 47 52 55 62 72 75 89 90
2 5 8 20 23 31 34 35 40 43 48 54 55 61 72 73 79 80 88 89 91 95
3 16 17 19 20 34 40 43 46 47 50 53 70 71 78 79 81 83 84 87 88
4 17 18 21 27 29 32 33 39 44 46 47 50 61 65 74 80 81 89 96
5 8 11 14 18 19 21 23 26 32 33 35 38 39 42 50 52 54 63 64 65 66 67 71 74 78 99
6 11 14 19 28 30 35 41 48 63 67 76 79 81 84 86 91 92
7 9 12 19 27 30 33 34 35 37 57 58 59 61 69 75 76 80 89 91 94 98 99
8 9 14 18 19 21 36 38 47 49 63 68 69 73 87 92
9 17 18 31 32 34 35 38 39 46 57 61 62 66 71 73 76 77 82 87 89 90 92
10 23 25 49 59 60 61 62 70 74 75 77 78 92 97
11 20 33 41 50 51 52 60 63 66 69 72 73 74 76 89 90 91 95 97
12 17 27 30 33 36 41 50 58 60 62 64 66 69 74 75 83 85 88 90 93 98 99
13 19 24 28 30 32 33 43 46 52 54 56 60 63 65 70 75 78 94 98
14 17 19 21 28 41 43 53 55 58 64 74 97 98
15 24 29 33 42 45 54 55 61 67 72 74 77 78 79 85 86 88 91 93
16 20 21 30 43 62 65 78 85 86 89 93 95 96 99
17 19 20 23 24 40 52 53 55 69 71 85 90 91 98
18 26 41 42 43 56 64 73 80 82 87 90 98
19 21 32 33 36 41 47 49 55 60 62 70 99
20 25 28 37 40 44 53 57 67 78 81 87 94 97
21 29 39 40 45 46 47 49 60 63 66 71 74 75 81 85
22 25 40 44 46 49 52 53 57 59 73 78 79 80 88 90
23 25 33 35 36 41 47 53 60 61 62 64 65 71 75 78 87 90 92
24 25 27 29 30 36 40 42 48 54 59 60 61 77 83 84 89 90 93 98
25 33 34 38 48 69 74 81 89 92 94
26 31 32 46 53 55 59 62 68 73 79 83 85 88 97 98
27 29 30 32 35 42 49 53 62 63 71 74 75 82 84 87 96 98 99
28 29 39 48 59 60 65 68 73 79 85 92 93 98
29 35 38 40 49 58 59 62 64 68 76 78 82 87
30 43 51 52 53 59 62 63 67 68 74 88 95 96
31 35 36 37 40 47 48 51 54 61 64 68 69 93 97
32 35 36 39 44 49 51 59 60 64 72 73 86
33 35 36 39 44 47 48 50 52 61 64 65 70 74 84 88 89 90 94 95 99
34 35 37 41 47 51 53 66 73 74 78 79 82 86 91 93 95 96
35 41 49 54 65 66 73 79 92
36 41 43 47 54 57 60 61 62 74 84 87 97 99
37 40 41 44 49 62 65 67 68 71 75 77 83 97
38 40 41 42 47 52 56 61 67 70 77 79 83 84 88 89
39 43 44 53 58 62 65 67 68 82 83 87 88
40 43 46 48 49 51 67 74
41 45 49 51 55 58 61 63 64 66 68 70 74 83 85 88 98
42 52 57 72 75 84 88 95 98
43 47 48 53 61 77 89 95
44 50 58 59 60 66 76 78 82 89 94 98 99
45 46 51 55 68 70 71 72 73 77 80
46 50 51 52 53 62 71 80 84 88 91 93 95 99
47 52 64 70 75 81 82 84 86 87 90
48 51 55 59 63 65 66 73 80 81 93
49 58 63 65 66 67 69 72 81 85 87 89 92
50 58 59 62 63 70 94
51 62 84 92 96 98 99
52 56 58 66 71 75 76 80 95 96
53 55 59 65 70 73 79 86 90 94 98 99
54 57 69 70 83 84 87 89 90 92 94
55 57 63 64 84 86 88 91 92
56 57 65 68 84
57 59 65 67 69 73 74 78 87 90 97
58 65 66 69 78 83 90 92 95
59 63 68 77 79 81 82 84 90 92 94 95 97
60 64 65 79 93 97
61 62 63 72 74 80 85 89 90 91 99
62 70 82
63 71 74 91 98
64 67 68 69 72 75 83 92 94 96 98
65 85 93 95 98
66 67 68 73 76 88 92 93
67 71 78 79 83 88 94
68 71 80 81 85 88 89 90 96 97 99
69 81 82 84 88
70 73 74 80 89 92 97
71 73 76 90 96 99
72 75 78 88 94 98
73 75 77 79 81 89 93 95 96
74 76 80 93 94 99
75 77 79 80 82 89 90 93 97 99
76 84 85 86 90 96
77 79 80 83 87
78 99
79 82 86 90 91 98
80 81 86 95
81 84 85 91 94
82 89 90 97 98
83 93 94 96
84 91 92 95
85 87
86
87 91
88 89 92 93
89 93
90 96
91 94 97
92 97
93 97
94 98
95 98
96 99
97 98
98
99

!84