#RandomGeneratorDifficultGraph.py
# GMT Tue Jul 18 16:24:05 2023
# 
0 1 13 20 23 25 27 36 39 40 43 48 50 52 54 56 64 69 70 73 82 87 95 96 97
1 28 31 40 42 44 53 59 63 70 73 76 86 97 98
2 10 18 19 24 30 33 43 54 56 61 68 70 72 73 88 91 92 94 99
3 8 18 22 24 28 32 43 45 46 49 55 64 71 73 80 91 98
4 14 16 24 53 63 69 70 73 78 79 81 90 92 94 95 98
5 6 8 26 29 37 42 43 44 45 52 54 73 78 83 91 97
6 7 13 17 18 27 30 32 34 49 58 60 61 64 69 71 72 84 85 91
7 10 11 14 15 17 25 29 35 36 37 39 40 41 45 47 51 56 60 65 72 73 74 76 79 85 86 90 94 95 97
8 18 22 27 28 30 43 46 48 49 50 52 58 60 72 77 87 89 95 96
9 13 16 23 29 31 46 56 58 67 73 81 85 87 90 95 96
10 11 13 21 25 26 35 36 43 54 57 62 67 85 89 95
11 16 18 42 53 59 60 67 68 77 79 81 82 84 86 87 94 98
12 16 23 25 26 30 55 56 59 61 63 65 67 76 78 85 89 92
13 15 18 19 23 27 29 30 32 33 36 38 46 50 53 56 57 59 64 66 73 75 76 82 84 86 88 91
14 22 23 24 40 42 44 54 71 73 75 77 79 80 82 83 87 89 95 97 98 99
15 19 20 32 34 37 43 53 54 58 61 63 72 76 84 87 88 90
16 18 22 23 26 35 43 50 54 60 62 67 77 81 83 88
17 18 19 23 28 29 34 42 44 55 60 72 84 91 94 97
18 21 33 36 37 41 43 52 54 63 65 66 67 69 70 79 80 87 90 91 98
19 23 35 43 58 61 67 69 78 79 80 88 91 93 95 97
20 25 26 31 35 36 38 42 44 46 49 52 59 63 64 67 75 77 82 85 95
21 25 30 34 36 43 44 53 57 58 65 66 69 71 86 88 90 92 93 94 97 99
22 29 34 35 36 46 51 58 66 68 69 78 79 82 83 87 94 97
23 35 40 43 62 64 75 78 88 89 91
24 27 28 29 37 41 50 57 59 80 89 92
25 29 32 34 39 45 56 59 60 62 64 76 80 83 84 86 87 89
26 31 34 35 54 61 64 75 78 80 85 89 91 97
27 29 32 34 35 37 45 47 51 56 59 62 73 81 96
28 29 31 32 36 73 79
29 40 41 42 52 68 74 78 79 80 85 94
30 31 43 48 52 56 61 62 63 71 72 82 86 89 94 98
31 38 42 49 58 59 61 67 84 85 93 95
32 33 41 51 53 65 77 85
33 34 42 44 50 52 53 60 65 73 84 85 90 92 94 97
34 35 36 39 41 42 48 49 51 54 56 63 70 76 82 94 97 98 99
35 70 79 89
36 40 45 47 50 51 55 63 72 73 82 87 88 91 92
37 58 60 64 72 77 82 83 86 94
38 39 46 49 51 52 65 66 69 72 73 84 87
39 44 48 52 55 75 79 88 89 91
40 53 56 58 62 64 65 74 79 80 89 97 98
41 51 52 55 57 58 59 64 68 69 74 76 80 91
42 45 47 49 50 54 57 60 64 65 67 76 80 84 92 95 97
43 46 50 51 52 56 57 59 65 67 71 73 90 91 94 95 96
44 45 49 53 62 71 72 73 83 90 98
45 48 49 56 57 59 64 76 80 81 84 86 97 98
46 51 56 66 70 73 75 81 82 92 98
47 55 60 71 81 82 91
48 63 64 68 75 76 77 82 88 89 92 98
49 54 58 60 64 65 68 69 72 75 91 93
50 61 67 72 74 77 78 80 84 88
51 52 58 59 60 72 79 80 82 83 88
52 57 58 63 64 68 73 80 81 85 90 91 93 95 97 99
53 56 61 65 74 75 77 87 88 89 90 93 97
54 58 81 84 91 94 96 97
55 63 68 78 79 93 94 95
56 61 65 68 72 74 80
57 58 65 71 77 81 84 87 89 94 97 99
58 60 63 69 71 78 80 86 88
59 61 62 77 79 81 86 97 98
60 61 74 79 83 87 90 91 92 93 98 99
61 69 70 72 73 78 80 84 88 89 92 93 95 96 98
62 68 82 83 84 87 91 93 94 95 96
63 69 70 75 77 79 81 82 84 86 95 97 99
64 67 69 72
65 66 70 72 81 90 93 94 98 99
66 71 75 76 78 83 85
67 68 93 98
68 90 94 98 99
69 71 75 78 82 83 86
70 72 74 84 86 94 95 97 99
71 73 74 77
72 80 82 83 88 89 90 94
73 78 81 84 86 92
74 75 77 81 91 97
75 78 85 86 89 93 96 98
76 83 85 92 93
77 83 85
78 85 86 91 94 95 99
79 82 88
80 83 84 99
81 85
82 83 84 99
83 85 92 99
84 86 91 92 99
85 90 94 95 99
86
87 90 96 97
88 92 93 98
89 92 94 97
90 92 98
91 95 97 98
92 94 98
93 97 98
94 97 98
95
96 98 99
97
98
99

!85