#RandomGeneratorDifficultGraph.py
# GMT Tue Jul 18 16:23:07 2023
# 
0 7 11 13 16 21 22 24 25 26 27 36 42 43 44 51 52 57 60 61 65 66 67 68 70 73 75 77 79 80 85 89 91 92 95 96 97 99
1 9 10 13 14 17 22 23 25 27 30 31 33 34 38 40 41 42 44 45 48 55 56 57 61 67 87 97 99
2 5 10 11 14 15 22 30 36 37 39 40 48 49 51 56 57 59 61 62 63 71 73 74 77 78 87 90
3 5 10 20 25 27 29 32 33 41 42 44 54 59 63 71 76 78 84 87 89 90 91 96 98
4 5 6 12 13 20 27 30 31 33 34 38 41 42 46 51 52 53 54 58 59 60 64 65 74 77 81 82 84 95
5 14 17 21 34 37 39 40 42 43 52 55 57 59 62 68 71 73 74 75 76 77 82 85 90 98
6 8 9 11 15 23 24 29 35 36 40 41 42 45 47 48 54 58 59 63 65 76 78 79 83 85 86 88 92 93 97
7 18 24 30 33 34 41 44 45 48 50 53 54 81 85 86 88 90 92 95 96
8 9 10 11 12 13 16 17 18 19 25 32 33 39 42 43 49 50 52 57 59 61 65 66 68 78 80 83 87 93 99
9 12 15 18 20 23 27 28 36 37 38 41 45 46 47 48 50 60 67 71 77 83 89 92 93 94
10 12 14 19 24 26 28 31 33 34 35 45 46 48 51 53 57 59 81 89 90 94 97
11 12 13 20 24 26 29 30 31 33 39 40 47 48 51 55 58 60 62 63 69 73 74 77 78 79 86 90 92 97 99
12 13 15 16 18 19 21 24 30 42 44 46 51 53 56 61 62 63 67 69 74 75 77 81 83 85 86 87 91 94 96
13 14 17 18 20 22 24 25 29 30 32 39 42 53 55 57 58 59 66 68 71 72 73 74 78 80 86 89 94 96 97 98
14 15 19 21 24 25 26 31 32 34 35 36 41 44 49 51 54 58 59 62 64 65 68 73 76 78 83 84 88 90
15 18 23 24 29 30 31 33 34 37 54 59 62 63 65 67 68 69 70 72 76 79 80 85 98
16 18 19 20 24 31 33 34 35 38 40 47 56 57 58 60 62 64 66 68 69 72 73 74 77 78 81 87 91 98 99
17 18 19 20 25 26 28 38 42 44 46 54 57 60 64 65 66 69 75 79 83 86 87 91 94 98
18 24 31 35 41 50 53 61 64 69 70 72 76 83 85 86 90 91 96 98
19 22 25 29 32 33 36 37 41 48 58 60 62 71 73 76 79 81 83 90 92
20 21 37 41 43 45 48 49 53 57 59 63 67 71 73 74 76 78 80 81 86 88 96 97
21 23 25 26 31 33 34 35 46 48 55 57 61 62 66 69 72 85 86 87 88 93 95
22 26 28 33 37 43 50 53 54 58 59 64 68 71 80 82 84 86 99
23 24 27 28 39 41 44 49 53 55 56 59 68 71 72 73 75 76 77 78 80 81 82 85 95 96
24 25 33 35 38 40 42 46 48 49 56 58 62 66 71 81 88 91 92 95 96
25 29 30 37 39 45 47 48 49 53 55 57 59 60 67 69 70 78 84 89 92 94 95
26 28 31 32 39 40 42 43 45 47 48 55 56 57 62 65 72 75 78 79 80 82 83 84 89 90 92 93
27 35 39 42 43 45 47 49 50 58 60 64 69 71 73 76 84 88 89 99
28 31 33 41 43 47 52 54 65 66 68 74 75 82 88 91 96 97 99
29 31 32 39 42 50 54 56 57 59 68 72 73 74 77 85 87 88 90 91 94
30 32 34 40 63 70 76 79 81 84 86 96
31 33 38 42 46 49 58 64 67 70 74 75 76 77 80 83 86 91 99
32 33 35 43 46 49 51 53 55 59 60 65 66 67 69 70 75 79 80 81 82 85 86
33 39 40 42 45 46 59 60 68 70 71 74 81 85 91 92 94 95
34 35 37 41 42 44 45 46 47 51 53 57 61 63 66 67 70 71 72 73 82 86 87 91 94 99
35 36 38 40 41 48 50 51 52 53 56 57 61 62 63 64 65 66 68 69 72 77 79 81 87 93 94 95
36 37 41 55 58 60 62 65 69 72 74 77 78 79 81 84 86 98
37 39 41 42 44 49 50 51 58 60 61 62 63 64 66 70 79 83 85 89 90 95
38 45 47 49 50 55 58 59 62 63 66 68 71 74 76 77 82 83 88 90 98
39 40 44 47 55 56 57 63 66 88 90 95 96 99
40 41 43 47 48 50 52 56 57 58 61 65 73 75 77 78 80 90 99
41 42 43 44 50 55 57 59 60 66 68 70 71 72 75 79 82 86 87 88 89 93 95
42 51 52 55 56 60 64 68 69 70 72 75 76 85 91 93 95
43 44 48 49 50 55 56 59 60 61 66 67 72 73 74 75 76 77 79 84 85
44 48 53 57 59 65 66 70 71 74 77 80 83 85 87 97 98
45 51 52 53 56 57 58 61 62 70 75 77 78 86 90 91
46 49 54 58 59 61 62 63 68 75 77 87 93
47 52 57 59 62 68 70 71 74 77 79 81 88 89 94 98
48 50 53 55 56 65 67 69 70 72 75 77 82 84 88 96 97
49 52 53 58 59 60 64 65 66 67 68 76 77 80 82 86 87 92 95 96 97
50 51 53 57 59 62 64 67 73 74 76 78 81 82 88 91 92 93 94 98
51 52 53 58 60 62 71 73 77 84 86 90 92 94
52 54 58 60 61 62 64 69 70 75 76 81 82 86 87 88 89 92 93 95 99
53 55 57 64 67 68 70 71 73 75 88 92 93
54 59 60 64 68 70 71 72 73 74 75 77 83 86 93 98
55 61 62 74 80 83 85 87 90 92 98
56 59 68 71 74 75 76 80 85 89 93 95
57 63 65 66 68 69 70 73 74 75 76 85 88 91 94 96 97 98
58 60 69 70 72 73 74 76 77 80 89 91 92 94 96
59 65 74 77 79 81 88 90 91 95 97 98 99
60 61 65 68 70 71 74 79 80 81 97 98
61 62 67 90 91 94 98 99
62 64 65 70 72 76 78 79 80 89 90 95 98
63 67 72 73 74 75 82 86 89 91 96 98
64 76 80 82 87 89 94 98
65 68 74 75 76 78 79 80 81 84 85 87 88 90 95 99
66 69 70 78 82 83 84 87 90 92 93 94
67 69 76 80 81 83 93 95
68 70 77 78 81 85 87 90 91 92 93 94 97
69 77 81 83 87 90 91 95 96
70 71 73 74 77 78 81 82 87
71 72 76 83 86 87 92 97 98
72 73 75 76 78 79 83 87 88 93 95 97
73 80 82 83 84 92 93 95 96
74 77 80 84 85 86 91 97 98 99
75 77 79 81 82 84 89 94 99
76 78 80 81 84 88 91 92 94 96 98
77 79 80 83 84 86 87 92 98 99
78 79 80 82 85 88 92 93 94 97
79 88 90 92
80 89 94 95
81 82 85 98 99
82 83 86 93 95 98
83 87 92 93 94 95 98 99
84 87 93
85 86 87 90 91 96 97
86 87 88 92 93 98
87 94 96 98
88 90 92 93 95 98
89 90 92 93
90 91 94 95
91 94 97 99
92 93 95 97 98 99
93 94 98 99
94
95 96 97
96 97 99
97 99
98
99

!88