#RandomGeneratorGraph.py
# GMT Thu Jul  6 08:51:44 2023
# 
0 2 3 4 5 6 7 8 9 10 11 12 13 14 15 16 17 18 19 20 21 22 23 24 25 26 29 30 31 32 33 36 37 39 40 41 42 43 44 45 46 47 48 49 50 51 53 54 55 56 57 58 59 60 61 62 64 65 66 67 69 70 71 72 73 74 75 76 77 78 79 80 81 82 83 84 85 86 87 89 90 91 92 93 94 95 96 97 98 99 100 101 102 103 104 105 106 107 109 110 111 112 113 114 115 116 117 118 119 120 121 122 123 124 126 127 129 130 131 132 133 134 136 137 138 139 140 141 142 143 144 145 146 147 148 149
1 2 3 4 5 7 8 9 10 11 12 13 14 15 16 17 18 19 20 21 22 23 24 25 26 27 28 29 30 31 32 33 34 35 36 37 38 39 40 41 42 43 44 45 46 47 48 49 50 51 52 53 54 55 56 57 58 59 60 61 62 63 64 65 67 68 70 71 72 73 74 75 76 77 78 79 80 81 83 84 85 86 87 88 89 91 92 93 94 95 96 97 98 99 100 102 103 104 105 106 107 108 109 110 111 112 113 114 115 116 118 119 120 121 122 123 124 125 126 129 130 131 132 133 134 135 136 137 138 139 140 141 142 143 144 145 146 147 148 149
2 3 4 5 6 7 8 9 10 11 12 13 14 15 17 18 19 20 21 22 23 24 25 26 27 28 29 30 31 32 33 34 35 36 38 39 40 41 42 43 44 45 46 47 48 49 50 51 52 53 54 55 56 57 59 60 61 62 63 65 66 67 68 69 70 71 72 73 74 75 76 77 78 79 80 81 82 83 85 86 87 88 90 91 92 93 94 95 96 97 98 99 100 101 102 103 104 105 106 107 108 109 110 112 113 114 115 117 119 120 121 123 124 126 127 129 131 132 133 134 135 136 137 138 139 140 141 142 145 146 147 149
3 4 5 6 7 8 11 12 13 14 16 17 18 19 20 21 22 23 24 25 26 27 29 30 31 32 33 34 35 36 37 38 39 40 41 42 43 44 45 46 47 48 49 50 51 52 53 54 55 56 57 58 59 60 61 62 63 64 65 66 67 68 69 70 71 72 74 75 76 77 78 79 80 81 82 84 85 86 87 88 90 91 92 93 94 95 97 99 100 101 102 103 104 105 106 107 108 109 110 111 112 113 115 116 117 118 119 120 121 122 123 124 125 126 127 129 130 131 133 134 135 136 137 138 139 140 141 142 143 144 145 148 149
4 5 6 7 8 9 10 11 12 13 14 15 16 17 18 19 20 21 22 23 24 25 26 27 28 29 30 31 32 33 34 35 36 37 38 40 41 42 43 44 45 46 47 48 49 51 52 53 54 55 56 57 58 59 61 62 63 64 65 66 67 68 69 70 71 72 74 75 76 77 79 80 81 82 83 84 85 86 88 90 91 92 93 94 97 98 100 101 102 103 104 105 106 107 108 109 110 112 113 114 115 118 119 120 121 122 123 124 125 126 127 128 129 130 131 132 133 134 135 136 138 139 140 141 142 143 144 145 146 147 148 149
5 6 7 8 9 10 11 12 13 14 15 16 17 18 19 20 21 22 23 24 26 27 28 29 30 31 32 33 34 35 36 37 38 39 40 42 43 44 45 46 47 48 49 51 53 54 55 56 57 58 59 60 61 62 63 64 65 66 67 68 69 70 71 72 74 75 76 77 79 80 81 82 83 84 85 86 87 88 89 90 92 93 94 95 96 98 99 100 101 102 103 104 105 106 107 108 109 110 112 113 115 116 117 118 119 120 121 122 123 124 125 126 127 128 129 130 132 134 135 136 137 138 139 140 141 142 143 144 145 146 147 148 149
6 8 9 10 11 12 13 14 15 16 17 18 19 20 21 22 23 24 25 26 27 28 29 30 31 32 33 35 36 37 38 39 40 41 42 43 44 45 46 47 48 49 50 51 53 54 55 56 58 59 60 61 62 63 64 65 66 67 68 70 71 72 73 74 75 76 77 78 79 80 81 82 83 84 85 86 87 88 89 90 91 93 94 95 96 98 99 100 101 102 103 104 105 106 107 108 109 110 111 112 113 114 115 116 117 118 119 120 121 122 123 124 125 126 127 128 129 130 131 132 133 134 135 137 138 139 140 141 142 143 144 145 146 147 148 149
7 8 9 10 11 12 13 14 15 17 18 19 20 21 23 24 25 26 27 28 29 30 31 32 33 34 35 36 37 38 39 40 41 42 44 45 46 49 50 51 52 53 54 55 56 57 58 60 61 62 63 64 65 66 67 68 69 70 71 72 73 74 76 77 79 80 81 82 83 84 85 86 87 88 89 90 91 93 94 95 96 97 99 100 102 105 106 107 108 109 110 111 112 113 114 115 116 117 118 119 120 121 122 123 125 126 127 128 129 130 131 132 133 134 136 137 138 139 140 141 142 143 144 145 146 147 148 149
8 9 10 11 12 14 15 16 17 18 19 20 22 23 24 25 26 27 28 29 30 31 33 35 36 37 38 40 41 42 43 44 45 46 47 49 50 51 52 53 54 56 57 58 59 60 61 62 63 65 66 68 69 70 73 74 75 76 77 78 79 80 81 82 83 85 86 87 88 89 91 92 93 94 95 96 97 98 100 101 102 103 104 105 106 107 108 109 111 112 113 114 115 116 117 118 119 120 121 122 123 124 125 126 127 128 129 130 131 132 133 134 135 136 137 138 139 141 142 143 144 145 146 147 148 149
9 10 11 13 14 15 16 18 19 20 21 22 23 24 25 26 27 28 29 30 31 32 33 34 35 36 37 38 39 40 41 42 43 44 46 47 48 49 50 52 53 54 55 56 57 58 60 61 62 63 64 65 66 67 68 69 70 71 73 74 75 76 77 78 80 81 82 83 84 86 87 88 89 90 91 92 93 94 95 96 97 98 99 100 101 102 103 104 105 106 107 108 109 110 112 113 114 115 116 117 118 119 121 122 123 124 125 126 127 128 130 131 132 133 134 135 136 137 138 139 140 141 142 143 144 145 146 147 148 149
10 11 12 13 14 15 16 17 19 20 21 22 23 25 26 27 28 29 30 31 32 33 34 35 36 37 38 39 41 42 43 44 45 46 48 49 50 52 53 54 55 56 57 58 59 60 61 62 63 65 66 67 68 69 70 71 72 73 74 75 76 77 78 79 80 81 84 85 86 87 88 89 90 93 94 95 96 98 99 102 104 105 106 107 108 109 110 111 112 113 114 115 116 117 118 120 122 123 125 126 127 128 129 130 131 132 134 135 136 137 138 139 140 142 143 144 145 146 147 148 149
11 12 13 14 15 17 18 19 20 21 22 23 24 25 26 28 29 30 31 32 33 34 35 36 37 38 39 40 41 42 43 44 45 47 49 50 51 52 53 54 55 57 58 59 60 61 62 64 65 66 67 68 70 71 72 73 74 75 76 77 78 79 80 81 82 83 85 87 88 89 90 91 92 93 95 96 97 98 100 101 102 103 104 105 106 107 108 109 110 111 112 113 114 115 116 117 119 120 121 122 123 124 125 127 128 129 130 131 134 135 136 137 138 139 140 141 142 143 144 145 146 147 148 149
12 13 14 15 16 17 18 19 20 21 22 23 24 25 27 28 29 30 31 32 33 34 35 36 37 38 39 40 41 42 44 45 46 47 48 49 50 51 52 53 54 56 58 59 60 61 63 64 65 67 68 69 70 72 73 74 75 76 77 78 79 80 81 82 84 85 86 87 88 89 90 91 92 93 94 95 96 97 98 99 100 101 102 103 104 105 106 107 108 109 110 111 112 113 115 116 117 118 120 121 122 123 124 125 126 128 129 130 131 132 133 134 136 137 138 139 140 141 142 143 144 145 146 147 148 149
13 14 15 16 17 18 19 20 21 22 23 24 25 26 27 28 29 30 31 32 33 34 35 36 37 38 39 40 41 42 43 44 45 46 49 50 51 52 53 54 56 57 58 59 60 61 62 63 65 66 67 68 69 70 71 72 73 74 76 77 78 79 80 81 82 83 84 85 86 87 88 89 90 91 92 93 94 95 96 97 98 99 100 101 102 103 104 105 106 108 109 110 112 113 114 115 116 117 118 119 120 121 123 124 125 126 127 128 129 130 131 132 133 134 135 136 137 138 139 140 141 142 143 145 146 147 148 149
14 15 16 17 18 19 21 22 23 24 25 28 29 30 31 32 34 35 36 38 39 40 41 42 43 45 46 47 48 50 51 52 53 54 55 56 57 58 59 60 61 62 63 64 65 66 67 68 69 70 71 72 73 74 75 76 77 78 79 80 81 83 84 85 86 87 88 89 90 91 92 93 94 95 96 97 98 99 100 101 102 103 104 105 107 108 109 110 111 112 113 114 115 116 117 118 119 120 122 123 124 125 126 127 128 129 130 131 133 134 135 136 137 139 140 141 142 143 144 145 146 147 149
15 16 17 18 19 20 21 22 23 24 25 27 28 29 30 31 32 33 34 35 36 37 38 39 41 42 43 45 46 47 49 50 52 54 55 56 57 58 59 60 61 63 64 65 66 67 68 69 70 71 72 73 74 75 76 77 78 79 80 81 82 83 84 85 86 87 88 90 92 93 94 95 96 98 99 100 101 102 103 104 105 106 107 108 109 110 111 112 114 115 116 117 118 119 120 121 122 123 124 125 126 127 128 129 132 133 134 135 136 137 138 139 140 142 143 144 145 146 148 149
16 17 18 19 20 21 22 23 24 25 26 27 28 29 30 31 32 33 34 35 36 37 38 39 40 41 42 43 44 45 46 47 48 49 50 51 52 53 54 55 56 58 59 60 62 63 64 65 66 67 68 69 70 72 73 74 75 76 79 80 81 83 84 85 86 87 88 89 90 91 92 93 94 95 97 99 100 101 102 103 104 105 106 107 108 109 111 112 113 114 115 118 119 120 121 123 124 125 126 127 128 129 130 131 132 133 134 135 136 137 138 139 142 143 144 145 146 147 148 149
17 18 19 20 21 23 24 25 26 27 28 29 30 31 32 33 34 35 37 38 39 40 42 43 45 46 47 48 49 50 51 54 55 56 57 60 61 62 63 64 65 66 67 68 69 70 71 72 73 74 75 76 77 78 79 80 81 82 83 84 85 86 87 89 90 91 92 94 95 96 97 98 100 102 103 104 105 106 107 108 109 110 111 112 113 114 115 116 117 119 120 121 123 124 126 127 128 129 130 132 134 135 136 137 138 139 140 141 143 144 145 146 147 148 149
18 19 20 21 22 23 24 25 26 27 28 29 30 31 32 34 35 37 38 40 41 42 44 45 46 50 51 52 53 54 55 56 57 58 59 60 61 62 63 64 65 67 68 69 71 72 73 74 75 76 77 78 79 80 81 82 83 84 85 86 87 88 89 90 91 92 93 94 95 96 97 98 99 100 101 102 103 104 105 106 107 108 109 110 112 114 115 116 117 118 119 120 121 122 123 124 125 126 127 128 130 131 132 133 134 135 136 137 138 139 140 141 142 143 144 145 146 147 148 149
19 20 21 22 23 24 25 26 27 28 29 30 31 32 33 34 36 37 38 39 40 41 42 43 44 45 46 47 49 50 51 52 53 54 55 56 58 59 60 61 62 63 64 65 67 68 69 70 71 73 74 75 76 77 78 80 81 82 83 84 86 87 89 90 91 92 94 95 96 97 98 99 100 101 102 103 104 107 108 109 110 111 112 113 114 115 116 117 118 119 120 121 122 123 124 125 126 127 128 129 131 132 133 134 135 136 137 138 139 140 141 142 143 145 146 147 148 149
20 21 22 23 24 25 26 27 28 29 30 31 32 33 34 37 38 39 40 41 42 43 46 47 48 49 50 51 52 53 54 55 56 57 58 59 60 61 62 64 65 66 67 68 69 70 71 72 74 75 76 77 78 80 81 82 83 84 85 86 87 88 89 90 91 92 93 94 95 96 97 98 99 100 101 102 103 104 105 106 107 108 109 111 112 114 115 116 117 118 119 120 121 122 123 124 125 126 127 128 129 130 131 132 133 134 135 136 138 139 140 141 144 145 147 148
21 23 24 25 26 27 28 29 30 31 33 34 35 36 37 38 39 40 42 43 44 45 46 47 48 49 51 52 53 54 55 57 58 60 61 62 63 64 65 66 67 68 69 70 71 72 73 76 78 79 80 81 82 83 84 85 86 88 89 90 92 93 94 95 97 98 99 100 101 102 103 104 105 106 107 108 109 110 111 112 113 114 115 116 117 118 119 120 121 122 123 124 125 126 128 129 130 131 132 133 134 135 136 137 138 139 140 141 142 143 144 145 147 149
22 23 24 25 26 27 28 29 30 31 32 33 35 36 37 38 39 40 41 42 43 44 45 46 47 48 49 50 51 53 54 57 58 59 60 61 62 63 64 65 66 67 68 71 72 73 74 75 76 77 79 80 81 82 83 84 85 86 87 88 89 90 91 92 93 94 95 96 97 98 99 100 101 102 103 104 105 106 107 108 109 110 111 112 113 116 117 118 119 120 121 123 124 125 126 127 128 129 130 131 133 134 135 136 137 138 139 141 142 143 145 146 147 148 149
23 24 25 26 27 28 29 30 31 32 33 34 35 36 37 38 39 40 41 42 43 44 45 46 47 48 49 50 51 53 54 55 56 57 59 60 61 62 63 64 65 66 67 68 69 70 71 72 73 74 75 76 77 78 79 80 81 82 84 86 87 88 89 90 91 92 93 94 95 96 97 98 100 101 102 103 104 105 106 107 108 109 110 111 112 114 115 116 117 118 119 120 122 123 124 125 126 127 128 129 130 131 132 133 134 135 136 137 138 139 140 141 142 143 144 145 147 148 149
24 25 26 27 29 30 31 32 33 35 36 37 38 39 40 41 42 43 44 45 46 47 48 49 50 51 52 53 54 55 56 57 59 60 61 63 64 65 66 67 68 69 70 72 73 74 75 76 77 78 79 81 82 83 84 85 86 87 89 90 91 92 93 94 96 97 98 99 100 101 102 103 104 105 106 107 108 111 112 113 114 115 116 117 120 121 122 123 124 125 126 127 128 130 131 132 133 134 135 136 137 138 139 141 142 143 144 145 146 147 148 149
25 26 27 28 29 30 31 32 33 34 36 37 38 39 40 41 42 43 44 45 46 47 51 52 53 54 56 57 58 59 60 61 63 64 66 67 69 70 71 73 74 75 76 78 79 80 81 82 83 84 85 86 87 88 89 90 91 92 93 94 95 96 97 98 99 100 101 102 103 104 105 106 107 108 109 110 111 112 113 114 115 116 117 118 120 121 122 123 124 125 126 127 128 129 130 131 132 133 134 136 137 138 139 140 141 142 143 144 145 146 147 148 149
26 27 28 29 31 34 35 36 37 38 39 40 41 42 43 45 46 47 48 49 50 51 52 53 54 55 57 58 59 60 61 62 63 64 65 66 67 68 70 71 72 73 74 75 76 77 78 79 80 81 82 83 84 85 87 88 89 90 91 92 93 94 95 96 97 98 99 100 101 104 105 106 107 108 109 110 111 112 113 114 115 116 117 118 119 120 121 122 123 124 125 126 127 128 129 130 131 132 133 134 135 136 137 138 139 140 141 142 143 144 145 146 147 148 149
27 28 29 30 31 32 33 35 36 37 38 39 40 41 42 43 44 45 46 47 48 49 50 51 52 53 54 55 56 57 58 59 60 61 62 63 64 65 66 67 68 70 71 72 73 74 77 78 79 80 81 82 84 85 86 87 88 90 91 92 93 94 95 96 97 99 100 101 102 103 104 105 107 108 109 110 111 112 113 114 115 116 117 118 119 120 121 123 124 126 127 128 129 130 131 132 133 134 135 136 137 139 141 142 143 144 145 146 148 149
28 29 30 31 32 33 35 36 37 38 39 40 41 43 44 45 46 47 48 49 52 53 54 55 56 57 58 59 60 61 62 64 65 66 67 68 69 70 71 72 73 74 75 76 77 78 79 80 81 82 83 84 85 86 87 88 89 90 91 92 93 94 95 96 97 99 100 101 102 103 104 105 106 107 108 109 110 111 112 113 114 115 116 117 118 119 120 121 122 123 124 125 126 128 129 131 133 134 136 137 138 139 140 141 142 143 144 145 146 147 148 149
29 30 31 33 34 35 36 37 38 39 41 42 43 44 45 46 47 48 49 50 51 52 53 54 55 56 57 58 59 61 62 64 66 67 68 70 71 72 73 74 75 76 78 79 80 81 82 83 84 85 87 88 89 90 91 92 93 94 96 97 98 99 101 102 103 104 105 106 107 108 109 110 111 112 113 114 115 117 118 119 120 121 122 123 125 126 127 128 129 130 131 132 133 134 135 136 137 138 139 140 142 143 144 145 147 148 149
30 31 32 33 34 35 37 38 40 41 43 44 46 47 48 49 50 51 52 53 54 55 56 57 58 59 60 61 62 63 64 65 67 69 70 71 72 73 74 75 76 77 78 79 80 81 82 83 85 86 87 88 89 90 91 92 93 94 95 96 97 98 99 100 101 102 103 104 105 106 107 109 110 111 112 113 114 115 116 117 118 119 120 121 122 123 124 125 127 128 130 131 133 134 135 136 137 138 139 140 141 142 143 144 145 146 147 148 149
31 32 33 35 36 37 38 39 40 41 42 43 44 45 46 47 48 49 50 52 53 54 55 56 57 58 60 61 62 63 64 65 66 67 68 69 70 71 72 73 74 76 77 78 79 80 81 82 84 86 87 88 89 90 91 92 93 94 95 96 97 98 99 100 101 102 103 104 105 106 107 108 109 110 111 112 113 114 115 116 117 118 119 120 121 122 123 124 125 126 127 128 129 130 131 132 133 134 135 136 137 138 139 140 141 142 143 144 145 147 148 149
32 33 34 35 36 37 38 39 40 41 42 43 45 46 47 48 49 50 51 52 53 54 55 56 58 59 60 61 63 64 66 67 68 70 71 72 73 74 75 76 77 78 79 80 81 82 83 84 85 86 87 88 89 90 91 92 93 94 95 96 97 98 99 100 101 102 103 104 105 106 107 108 109 110 111 112 113 114 115 116 117 118 119 120 123 124 125 126 127 128 130 131 132 135 136 137 139 140 141 142 144 145 146 147 148 149
33 34 35 36 37 38 39 40 41 42 43 44 45 46 47 48 49 50 52 53 54 55 56 57 58 59 60 61 62 63 64 65 66 68 69 70 71 72 73 74 75 76 77 78 79 80 82 83 84 85 86 87 88 89 90 91 92 93 94 95 96 97 98 99 100 101 102 103 104 105 106 107 108 109 110 111 112 113 114 115 116 117 119 120 121 122 124 125 127 128 129 130 131 132 134 136 137 138 139 140 142 143 144 145 146 147 148 149
34 35 36 37 38 39 41 42 43 44 45 46 48 49 51 52 53 54 55 56 57 58 59 60 61 62 64 65 66 67 68 69 70 71 72 73 74 75 76 77 78 79 81 82 83 85 86 87 88 89 90 91 92 93 94 95 96 97 98 99 100 101 102 103 104 105 106 107 108 109 110 111 112 113 114 115 116 117 118 119 120 121 122 123 124 125 126 127 128 129 130 131 132 133 134 135 136 137 139 140 141 142 143 144 146 147 148 149
35 36 37 38 39 40 41 42 43 44 45 46 47 48 49 50 51 52 53 54 55 56 57 58 59 61 62 63 64 65 67 68 69 70 71 72 73 75 76 78 79 80 81 82 83 84 85 86 87 88 89 90 91 92 93 94 95 96 97 98 99 100 101 102 103 104 105 106 107 108 109 110 111 112 113 114 115 116 117 118 119 120 122 123 125 126 127 128 129 130 131 132 133 134 135 136 137 138 139 140 141 142 143 144 145 148 149
36 37 38 40 41 42 43 44 45 46 47 48 49 50 51 52 53 54 56 57 58 59 60 61 62 63 64 65 68 70 71 72 73 74 75 76 77 78 79 80 81 82 84 85 86 87 88 89 90 91 92 93 94 95 96 97 98 99 100 101 102 103 104 106 107 108 109 110 111 112 113 114 115 116 117 118 119 120 121 122 123 124 125 126 127 128 129 130 131 132 133 134 135 136 138 139 140 141 142 143 144 145 146 147 148 149
37 38 39 40 41 42 43 44 45 46 47 48 49 50 51 53 54 55 56 57 58 59 60 62 63 64 66 67 69 72 73 74 75 76 77 78 79 80 81 82 83 84 85 86 87 88 89 90 91 92 93 94 95 96 97 98 99 100 101 102 103 104 105 106 107 109 110 113 114 115 117 118 119 120 121 123 124 125 126 127 128 129 130 131 132 133 135 136 137 138 139 140 142 143 144 145 146 147 148
38 39 40 41 42 43 44 45 46 47 48 49 50 51 52 53 54 55 56 57 58 59 60 61 62 63 64 65 66 67 68 69 70 71 72 74 75 77 78 79 80 81 82 83 84 85 86 87 88 89 90 91 93 94 95 96 97 98 99 100 101 102 103 105 106 107 108 109 113 114 115 116 117 118 119 120 121 122 124 125 126 127 128 129 130 131 132 133 134 135 136 137 138 139 140 141 142 143 144 145 146 147 148 149
39 40 41 42 43 44 45 46 47 48 49 50 51 52 53 55 56 57 58 59 60 61 62 63 64 65 67 68 69 70 71 72 73 74 75 76 77 78 79 80 81 83 84 85 86 88 89 90 91 92 93 94 95 96 97 98 99 100 101 102 103 104 105 106 107 108 109 111 113 114 115 116 117 119 120 121 122 123 124 126 127 128 129 130 131 132 133 134 135 136 137 138 139 141 142 143 144 145 146 147 148 149
40 41 42 43 44 45 46 47 49 50 51 53 54 55 56 57 58 60 61 63 64 65 66 67 68 69 71 72 73 75 76 77 80 81 82 84 85 86 87 88 89 90 91 92 93 94 95 96 97 98 99 100 101 102 103 104 105 106 107 108 109 110 112 113 114 115 116 117 118 119 122 123 124 125 127 128 129 130 131 132 133 134 135 136 137 138 140 141 143 144 145 146 147 148 149
41 42 43 44 45 46 47 48 50 51 52 53 54 55 56 57 58 59 60 62 63 64 65 66 67 69 70 72 73 74 75 76 77 78 79 82 83 84 85 86 87 88 89 90 91 92 93 94 95 96 97 98 99 100 101 102 103 104 105 107 108 109 110 111 112 113 114 115 116 117 118 119 120 121 122 123 124 125 126 127 128 129 130 131 132 133 134 135 136 137 138 139 140 141 142 143 144 145 146 147 148
42 43 44 45 46 47 48 49 50 51 52 53 54 55 56 58 59 60 61 62 64 65 66 67 69 70 71 72 74 75 76 77 78 79 80 81 82 83 84 85 86 87 88 89 90 92 93 95 96 97 99 100 101 102 103 104 105 106 108 109 110 111 112 113 115 116 117 118 119 120 121 123 124 126 127 128 129 130 131 132 133 134 135 136 137 138 139 140 141 142 144 145 146 147 149
43 44 45 46 47 48 50 52 53 56 58 59 60 61 62 64 65 66 67 68 69 71 72 73 74 75 77 78 79 80 81 82 83 84 85 87 88 89 90 91 92 93 94 95 96 97 98 99 100 101 102 104 105 108 109 110 111 112 113 114 115 116 117 118 119 121 122 123 124 125 126 127 128 129 130 131 132 133 134 135 136 137 138 139 140 141 142 143 144 145 147 148 149
44 46 47 48 49 50 51 52 53 54 55 56 57 58 59 60 61 62 63 65 66 67 68 69 70 71 72 73 74 75 76 77 78 79 80 81 82 83 84 86 87 88 89 90 92 93 94 96 97 98 101 102 103 104 106 107 108 109 110 111 112 113 114 116 117 118 119 120 121 122 123 124 125 126 127 128 129 130 131 132 133 134 135 136 137 138 139 140 141 142 143 144 145 146 147 148 149
45 46 47 48 49 50 51 52 53 54 55 56 57 59 60 61 62 63 64 65 66 67 68 69 70 71 72 73 74 75 76 77 78 79 80 81 82 83 84 85 86 87 88 89 90 91 92 93 94 95 96 97 98 99 100 101 103 104 105 106 107 108 109 110 111 112 113 114 115 116 117 118 119 121 122 123 124 125 126 128 129 130 131 132 133 134 135 136 137 138 139 140 141 142 143 144 147 149
46 47 48 49 50 51 52 53 54 55 57 58 59 60 61 62 63 64 65 66 67 68 69 70 71 72 73 75 76 77 78 79 80 81 82 83 84 85 86 87 88 91 92 93 94 95 96 97 98 99 100 101 102 103 104 106 107 108 110 111 112 113 114 115 116 117 118 119 120 121 122 123 124 125 127 128 129 130 131 132 133 134 135 136 137 139 140 141 142 143 144 145 146 147 148 149
47 49 50 51 52 54 55 56 57 58 59 60 61 62 63 64 65 66 67 68 70 71 72 73 76 77 79 80 81 82 83 84 85 86 87 88 89 90 91 92 93 94 95 96 97 98 99 100 101 102 103 104 107 108 109 110 111 113 114 115 116 117 118 119 120 121 122 124 125 126 127 128 129 130 131 133 134 136 137 138 139 141 142 145 146 147 149
48 49 50 51 52 53 54 55 56 57 58 60 61 62 63 64 65 66 67 68 69 70 71 72 73 74 75 76 77 78 79 80 81 82 83 84 85 86 87 88 89 90 91 92 93 94 95 96 97 98 99 100 101 102 103 104 106 107 108 109 110 111 113 114 115 116 117 118 119 120 121 122 123 124 125 126 127 128 129 130 131 132 133 134 135 137 138 140 141 142 143 144 145 146 147 148
49 50 51 52 53 54 55 56 57 58 60 62 63 64 65 66 67 68 69 70 71 72 73 74 75 76 77 78 79 80 82 83 84 85 86 87 88 89 90 91 92 93 94 95 96 97 98 99 100 101 102 103 104 106 107 108 110 111 112 113 114 115 116 117 118 119 120 121 122 123 124 125 126 128 129 130 132 133 135 136 137 138 139 140 141 142 144 145 146 147 148
50 51 52 54 55 56 57 58 59 60 61 62 63 64 65 66 67 68 69 70 71 72 73 74 75 76 77 78 79 80 81 82 83 84 85 86 87 88 90 91 92 93 94 95 96 97 98 100 101 102 103 105 106 107 108 109 110 111 112 113 114 115 116 117 118 119 120 121 122 123 124 126 127 128 129 131 132 133 134 135 136 137 138 139 140 141 142 143 144 145 146 147 148 149
51 52 53 54 55 56 57 58 59 60 62 63 64 65 66 67 68 69 70 71 72 73 74 76 77 78 79 80 81 82 83 84 85 86 87 88 91 93 94 95 96 97 98 99 100 101 102 103 104 105 106 107 108 109 111 112 114 115 116 117 118 120 121 122 123 124 125 126 127 128 129 130 131 132 133 134 135 136 137 138 139 142 143 144 145 146 147 148 149
52 53 54 56 57 58 59 60 61 62 65 66 67 68 69 70 71 72 73 74 75 76 77 78 80 81 82 83 84 85 86 87 88 89 90 91 92 93 94 96 97 98 99 100 102 103 104 105 106 108 110 111 112 113 114 115 117 118 119 120 121 122 124 125 126 127 128 129 130 131 132 133 134 135 136 137 138 139 140 141 142 143 144 145 147 148 149
53 54 55 56 57 58 59 60 61 62 63 65 66 67 68 69 70 71 72 74 76 77 78 79 80 81 82 83 84 85 88 89 90 91 92 93 94 95 96 97 98 99 100 101 102 103 104 105 106 107 108 110 111 113 114 115 117 118 119 120 123 124 125 126 127 128 129 130 132 133 134 135 136 138 139 140 141 143 144 146 147 148 149
54 56 57 58 59 60 61 62 63 64 66 67 68 69 70 72 73 74 75 76 77 79 80 82 83 84 86 87 88 89 90 91 92 93 95 96 97 98 99 100 101 102 103 105 106 107 108 109 110 112 113 114 115 116 117 118 119 120 121 122 123 124 125 126 127 128 129 130 131 132 133 134 135 137 138 139 140 141 142 145 146 147 149
55 56 59 60 61 62 63 65 66 67 68 69 70 71 72 73 74 75 76 77 78 79 80 81 82 83 84 86 87 88 89 90 91 92 93 94 95 96 97 98 99 100 101 102 103 104 106 107 108 109 110 111 112 113 114 116 118 119 120 121 122 123 124 125 126 127 128 129 130 131 132 133 134 135 136 137 138 139 140 141 142 143 144 145 146 148 149
56 57 58 59 60 61 62 63 64 65 67 69 70 71 72 73 74 75 76 78 79 80 81 82 83 84 85 86 87 88 89 90 91 92 93 94 95 96 97 98 99 100 101 102 103 104 105 106 107 108 109 110 112 113 114 115 116 117 118 119 120 121 122 123 124 125 126 127 128 129 130 131 132 133 134 135 136 137 138 139 140 141 142 143 145 146 147 148 149
57 58 59 60 62 63 64 65 66 67 69 70 71 73 74 75 76 77 78 79 80 81 82 83 84 85 86 87 88 89 90 91 92 93 94 95 96 98 99 100 101 102 103 104 105 106 107 108 109 110 111 112 113 114 115 116 117 118 119 120 121 123 124 125 126 127 128 129 130 131 132 133 135 136 137 138 139 141 142 143 144 145 146 147 148 149
58 59 60 62 63 64 65 66 67 68 69 70 71 72 73 74 77 78 79 80 81 82 83 84 85 86 87 88 89 90 91 92 93 94 95 96 99 100 101 102 103 104 105 106 107 108 109 110 111 112 113 114 115 116 117 118 119 120 122 123 124 126 127 128 129 130 131 133 134 136 137 138 139 140 141 142 143 144 145 146 147 149
59 60 61 62 63 64 66 67 68 70 71 72 73 74 75 76 77 79 80 81 82 83 85 87 88 89 90 91 92 93 94 95 96 97 98 99 100 102 103 104 105 107 108 109 110 111 112 113 114 115 116 117 119 120 121 122 123 124 126 127 128 129 130 131 132 133 134 135 136 137 138 141 142 143 144 145 147 148 149
60 62 63 64 65 66 67 68 69 70 72 73 74 75 76 77 78 79 80 81 82 83 84 85 86 87 88 89 90 91 92 93 94 95 96 97 98 99 100 101 102 103 104 105 106 107 108 110 111 112 113 114 115 116 118 119 120 121 122 123 124 125 126 127 128 129 130 131 132 133 134 135 136 137 138 139 140 141 142 143 145 146 147 148 149
61 62 63 64 65 66 67 68 69 70 71 73 74 75 76 77 79 80 81 82 83 84 85 86 87 88 89 90 91 92 93 94 95 96 97 98 99 100 101 102 103 104 105 106 107 108 109 111 112 113 116 117 118 119 120 121 122 123 125 126 127 129 130 131 132 133 134 135 136 137 138 139 140 141 142 143 144 145 146 147 148
62 63 64 66 67 69 71 72 73 74 75 76 77 78 79 80 81 83 84 85 86 89 90 92 93 94 95 96 97 98 99 100 101 102 103 104 105 106 107 108 110 111 112 113 114 115 116 117 118 120 121 122 123 124 125 126 128 129 130 131 132 133 134 135 136 137 138 139 140 141 142 143 145 147 148 149
63 64 65 66 68 70 71 72 73 74 75 76 77 79 80 81 82 83 84 85 87 88 89 90 91 92 93 94 95 96 98 99 100 102 103 104 105 106 107 108 109 110 111 112 113 114 115 116 117 118 119 120 121 122 123 124 125 127 128 129 130 131 132 133 134 135 136 137 139 140 141 142 143 144 145 146 147 148 149
64 65 66 67 68 70 71 72 73 74 75 76 77 78 79 80 81 82 83 84 85 86 87 88 89 90 91 92 93 94 96 97 98 99 101 102 103 104 105 106 107 108 109 110 111 112 113 114 115 116 118 119 120 121 122 123 124 125 126 127 128 129 130 131 132 134 135 136 137 138 139 140 141 142 143 144 145 146 147 148 149
65 66 68 69 70 71 73 74 75 76 77 79 80 81 82 83 84 85 86 87 88 89 90 91 92 93 94 95 96 97 98 99 100 101 102 103 104 105 106 107 108 109 110 111 112 113 114 115 116 117 118 119 120 121 122 123 124 126 127 128 130 133 134 136 137 138 140 141 142 143 144 145 146 149
66 68 69 70 71 72 74 75 76 78 79 80 81 83 84 85 86 87 88 89 90 91 92 93 94 95 96 97 98 99 100 101 102 103 104 105 106 107 108 109 110 111 112 113 114 115 116 117 118 120 121 122 123 124 125 126 127 128 129 130 132 133 134 135 136 137 138 139 140 141 142 144 145 147 148 149
67 69 70 71 73 74 75 77 78 79 80 81 82 83 84 85 86 87 89 90 91 92 93 94 95 96 97 98 100 101 102 104 105 106 107 108 109 110 111 112 114 116 117 118 119 120 121 122 123 124 125 126 127 128 129 130 131 132 133 134 135 136 137 138 139 140 141 142 143 144 145 146 147 148 149
68 69 70 71 72 73 74 75 76 77 79 80 81 82 83 84 86 87 88 89 90 91 92 93 95 96 97 98 99 100 101 102 103 104 105 106 108 109 110 111 112 113 114 115 116 117 118 119 120 121 122 123 124 125 126 127 128 129 130 131 132 134 135 136 137 138 139 140 141 142 143 144 145 146 147 148 149
69 70 71 72 73 74 76 77 78 79 80 81 82 83 84 85 86 87 88 89 90 91 92 95 96 98 99 100 101 102 103 104 105 106 107 108 109 110 111 112 113 114 115 118 119 121 122 123 124 125 126 127 128 130 131 132 133 134 135 136 137 138 139 140 141 142 143 146 147 148 149
70 71 72 73 74 75 77 78 79 80 82 83 84 85 86 87 88 89 90 91 92 93 94 96 97 98 99 100 101 102 103 104 105 106 108 109 110 111 112 114 115 116 117 118 120 121 123 124 125 126 127 128 129 130 131 132 133 134 135 136 138 139 140 141 142 143 144 146 147 149
71 72 73 74 75 76 77 78 80 81 82 83 85 86 87 88 89 92 93 94 95 96 97 98 99 100 101 102 103 104 105 106 107 108 110 111 112 113 114 115 116 117 119 120 122 123 124 125 126 127 128 129 130 131 132 133 134 135 137 138 139 140 141 142 143 144 145 146 147 148 149
72 73 74 75 76 77 78 79 80 81 82 83 84 85 87 88 89 90 91 92 93 94 95 96 97 98 99 100 101 102 103 104 105 106 107 108 109 111 112 113 114 116 117 118 119 120 121 122 123 124 125 126 127 128 129 130 131 132 133 134 135 136 137 138 139 140 141 142 143 144 145 146 147 148 149
73 74 75 76 77 78 79 80 82 83 84 85 86 87 88 89 90 91 92 93 94 96 97 98 99 100 101 102 103 104 105 106 107 108 109 110 111 112 113 114 116 117 118 119 120 121 122 123 124 125 126 127 128 129 130 131 132 133 134 135 136 137 138 139 140 141 142 144 145 146 147 148 149
74 75 77 78 79 80 81 82 83 84 86 88 89 90 91 92 93 94 95 96 97 99 100 101 102 103 104 105 106 108 110 111 112 113 114 115 116 117 118 119 120 121 122 123 124 125 126 127 128 130 132 133 134 135 136 137 138 139 140 141 142 143 144 145 146 147 148 149
75 76 77 78 80 81 83 84 85 86 87 88 89 90 91 92 93 95 96 97 98 99 100 101 102 103 104 105 106 107 108 109 110 111 112 113 114 116 117 118 119 120 121 122 123 124 125 126 128 129 130 131 132 133 134 135 136 137 138 139 141 142 143 144 145 146 147 148 149
76 77 78 80 81 82 83 84 85 86 87 89 91 92 93 94 95 96 97 98 99 100 101 102 103 104 105 106 107 108 109 110 111 112 114 115 116 117 118 119 120 121 122 123 124 125 126 127 128 129 130 131 132 133 134 135 136 137 139 140 141 143 144 145 146 147 148
77 78 79 80 81 82 83 84 85 86 87 88 89 90 91 92 93 94 95 96 97 98 99 100 101 102 103 104 105 106 107 108 109 110 111 112 113 114 115 116 117 118 119 120 121 122 123 125 126 127 128 129 130 131 132 133 134 135 136 137 138 139 140 141 142 143 144 145 146 147 148 149
78 79 80 82 83 84 85 86 87 88 89 91 92 93 94 95 96 97 98 99 100 101 102 103 104 105 107 108 109 110 111 112 113 114 115 116 117 118 119 120 121 122 123 124 125 126 127 128 129 130 131 132 133 134 135 136 137 138 140 141 142 143 144 145 146 147 148 149
79 80 81 82 83 84 85 86 87 88 89 90 91 93 95 96 97 98 99 100 101 102 103 104 106 107 108 109 110 111 112 113 114 115 117 118 120 121 122 123 124 125 127 128 129 130 131 132 133 134 135 137 138 139 140 141 142 143 144 145 146 147 148 149
80 81 82 83 84 85 86 87 89 90 91 92 93 94 95 96 97 98 100 101 102 103 104 105 106 107 108 109 110 111 112 113 114 115 116 117 118 119 120 121 122 123 124 125 126 127 128 129 130 131 132 133 135 136 137 138 139 140 141 142 143 144 145 146 147 149
81 82 83 84 85 86 87 88 89 91 92 93 94 95 96 97 98 99 100 101 102 103 104 105 106 107 108 109 110 111 112 113 114 115 116 117 118 119 120 121 122 123 124 125 126 127 131 132 133 134 135 136 137 138 139 140 141 142 143 144 145 146 147 148 149
82 83 84 86 87 88 89 90 91 92 93 94 95 96 97 98 99 100 101 102 103 104 105 106 107 108 109 110 111 112 113 114 115 116 117 118 119 120 121 122 123 124 125 126 127 128 129 131 133 136 137 138 139 140 141 142 143 144 145 146 147 148 149
83 84 85 86 87 88 89 90 91 92 93 94 95 97 98 99 100 101 102 104 105 106 107 108 109 110 111 112 113 114 115 116 117 118 119 120 121 122 123 124 126 127 128 129 130 131 134 135 136 137 138 139 140 141 142 143 144 145 146 147 148 149
84 86 87 88 89 90 92 93 94 95 96 97 98 100 101 102 103 104 105 106 108 109 110 111 112 114 116 118 119 120 121 123 124 125 126 127 128 129 130 131 132 133 134 135 136 138 140 141 142 143 144 145 146 147 148 149
85 87 88 89 90 91 92 93 94 95 96 97 98 99 100 101 102 103 104 105 106 107 108 109 110 111 112 113 114 115 116 117 118 119 120 121 123 124 125 126 127 128 129 130 131 132 133 134 135 136 137 138 139 140 141 142 143 146 147 148 149
86 87 89 91 92 93 94 95 96 97 99 100 102 103 104 105 106 107 109 110 111 112 113 114 115 116 117 118 120 123 124 125 126 128 129 130 131 132 133 134 135 136 137 139 140 141 142 143 144 145 146 147 148 149
87 88 90 91 92 93 94 95 96 97 98 99 100 101 102 103 104 105 106 107 108 109 110 111 112 113 114 115 116 117 118 119 120 121 122 123 124 125 126 127 128 130 132 133 134 136 138 140 141 142 143 144 146 147 149
88 89 90 91 92 95 96 97 98 100 101 102 103 104 105 106 107 108 109 110 111 112 113 114 115 116 117 118 119 120 121 122 123 124 125 126 127 130 131 132 133 134 136 137 138 139 140 141 142 143 144 145 146 147 148 149
89 90 91 93 94 95 96 97 98 99 100 101 102 103 104 105 106 107 108 109 110 111 112 113 114 115 116 117 118 119 120 121 122 124 125 126 127 128 129 130 131 132 133 134 137 138 139 140 141 142 143 144 145 146 148 149
90 91 92 93 94 95 96 97 98 99 100 101 102 103 104 105 106 107 108 109 110 112 113 114 115 116 117 118 119 120 121 122 123 124 125 126 127 128 129 130 131 132 133 134 136 137 138 139 140 141 142 143 144 145 146 147 148 149
91 92 93 94 95 96 97 98 99 100 101 102 103 104 105 106 107 108 110 111 112 113 114 115 116 117 118 120 121 122 123 124 125 126 127 128 130 131 132 133 134 135 136 138 139 140 141 142 143 144 145 146 147 148 149
92 94 95 96 97 98 99 100 101 102 103 104 105 106 107 108 109 110 111 112 113 114 115 116 117 118 119 120 123 124 125 126 127 128 129 130 131 132 135 137 139 140 141 142 143 145 146 147 149
93 94 95 96 97 98 99 100 101 102 103 104 105 106 107 108 109 110 111 113 114 115 116 117 118 119 120 121 122 123 124 125 126 127 128 129 130 132 134 135 136 137 138 139 140 141 142 143 144 145 146 147 148 149
94 95 96 97 98 99 100 101 102 103 104 105 107 108 110 112 113 114 115 116 117 118 119 120 121 122 123 124 126 127 128 129 130 131 132 133 134 135 136 137 138 139 140 141 142 143 144 145 146 148
95 96 97 98 100 101 102 104 105 106 109 110 111 112 113 114 115 116 117 118 119 120 121 122 123 124 125 126 127 128 129 130 131 132 133 134 135 136 137 138 140 141 142 143 144 145 146 147 148 149
96 97 98 99 100 101 102 103 104 105 106 107 108 109 110 112 113 114 115 116 117 118 119 120 121 122 126 127 128 129 130 131 132 133 134 135 136 137 139 140 141 142 143 144 145 146 147 148 149
97 98 99 100 102 105 106 107 108 109 110 111 112 113 114 115 116 117 118 119 120 121 122 124 125 126 127 129 130 131 132 133 134 135 136 137 138 139 140 141 142 143 144 145 146 147 148 149
98 99 100 101 102 103 104 105 106 108 109 111 112 113 114 116 117 118 119 120 121 122 123 124 125 126 127 128 129 130 131 132 134 135 136 138 139 140 141 142 143 144 146 147 148 149
99 100 101 102 103 104 106 107 108 109 110 111 112 113 114 115 116 117 119 120 121 122 123 124 125 126 127 128 129 130 131 132 133 134 135 136 137 138 139 140 141 142 143 144 145 146 147 148 149
100 101 102 104 108 109 110 111 112 113 115 116 117 118 119 120 121 122 123 124 125 126 127 128 129 130 131 132 133 134 135 136 137 138 139 141 142 143 144 145 146 147 149
101 103 104 105 107 108 109 110 112 114 115 116 117 118 119 120 121 122 123 124 125 126 127 128 129 130 131 133 134 135 136 137 138 139 140 141 142 143 144 145 146 147 149
102 103 105 106 107 108 109 110 111 112 113 114 115 116 117 118 119 120 121 122 123 124 125 126 127 128 129 130 131 132 133 134 135 136 137 138 139 140 141 142 143 145 147 148 149
103 104 105 106 107 108 110 112 113 114 115 116 117 118 119 120 121 122 123 124 125 127 129 130 131 132 133 135 136 137 138 140 142 143 144 145 146 147 148 149
104 105 106 107 108 109 110 111 112 113 114 115 116 117 118 119 120 121 122 123 124 126 127 128 129 130 131 132 133 135 137 138 139 140 141 142 143 144 145 146 147 148 149
105 106 107 108 109 110 112 113 114 115 116 117 118 119 120 121 123 124 125 126 127 128 129 131 132 133 134 135 136 137 138 139 141 142 143 144 145 146 147 148 149
106 107 108 109 111 112 113 114 115 116 117 118 119 120 121 122 123 124 125 126 127 128 129 130 131 132 133 134 135 136 137 138 139 140 141 142 143 144 145 146 147 148 149
107 108 109 110 112 113 114 115 117 118 119 121 122 123 125 127 128 129 130 131 132 133 134 135 136 138 139 140 141 142 143 144 145 146 147 148 149
108 109 110 112 113 114 115 117 118 119 120 121 122 124 125 126 127 128 129 130 131 133 134 136 137 138 139 141 142 143 144 145 146 147 148 149
109 110 112 113 114 115 116 117 118 119 120 121 122 124 125 126 127 128 129 130 131 132 133 134 135 136 137 138 139 140 141 142 143 144 145 146 148 149
110 111 112 113 114 115 116 118 119 120 121 122 123 124 125 126 128 130 131 132 135 136 137 138 139 140 141 142 143 145 146 147 148 149
111 112 113 114 115 116 117 118 119 121 122 123 124 125 126 128 129 130 132 133 134 135 136 137 138 139 141 142 144 145 146 147 148 149
112 113 114 115 116 117 118 119 120 121 122 123 124 125 126 127 128 129 130 131 132 133 134 135 136 137 138 139 140 141 142 143 144 145 146 147 149
113 115 116 117 118 119 120 121 122 123 124 126 128 129 130 131 132 133 134 135 137 138 139 140 141 143 144 146 147 148 149
114 115 117 119 120 121 122 123 124 125 126 127 128 129 130 131 132 133 134 135 136 137 138 139 140 141 142 144 145 146 147 148 149
115 117 118 119 120 122 123 124 125 126 127 128 129 132 133 134 135 136 137 138 139 141 142 143 144 145 146 147 148 149
116 117 118 119 120 121 122 123 124 125 126 127 128 129 130 131 132 133 134 135 136 138 139 141 142 143 145 147 148 149
117 118 119 120 121 122 124 125 126 127 128 129 130 131 132 133 134 135 136 137 138 139 140 141 142 143 144 145 146 147 148 149
118 119 120 121 122 123 124 125 126 127 129 130 131 132 133 134 135 136 137 138 139 140 141 142 143 144 145 146 147 148 149
119 120 121 122 124 125 126 128 129 130 131 132 133 134 135 137 138 139 140 141 142 143 144 145 146 147 148 149
120 121 122 123 124 125 126 127 128 129 130 131 132 133 134 135 136 137 138 139 140 141 142 143 144 145 148 149
121 122 123 124 125 126 127 128 129 130 131 133 134 135 136 137 138 139 141 142 143 144 145 146 147 148 149
122 123 124 126 128 129 130 131 132 133 134 135 137 138 139 140 141 142 143 144 145 147 148 149
123 124 125 126 127 128 130 131 132 133 134 135 136 137 138 139 140 141 142 143 144 145 146 147 148 149
124 125 126 128 129 130 131 132 134 135 136 137 138 139 140 141 142 143 144 145 146 147 148 149
125 126 127 128 129 130 131 133 134 135 136 137 138 139 140 141 142 143 144 145 147 149
126 127 128 129 130 131 132 133 136 138 140 141 142 143 144 145 146 147 148 149
127 128 129 131 132 133 134 135 136 137 138 139 140 141 142 144 145 147 148 149
128 129 130 132 133 135 136 137 138 139 140 141 142 144 145 146 147 148 149
129 131 132 133 134 135 136 137 138 139 140 141 142 143 145 146 147 148
130 131 132 134 135 136 137 138 139 140 141 142 143 144 145 146 147 148 149
131 132 133 134 135 136 137 138 139 140 141 142 144 145 148 149
132 133 134 135 136 137 138 140 141 142 143 144 145 146 148
133 134 135 136 137 138 141 142 143 144 145 146 147 148 149
134 135 136 138 139 140 141 142 143 144 145 146 147 148
135 136 137 138 139 140 141 142 143 144 145 146 147 148 149
136 137 138 139 140 142 143 144 145 146 147 148 149
137 138 139 140 141 142 143 144 145 146 147 148 149
138 139 140 141 142 143 144 145 146 147 149
139 140 141 143 144 145 146 147 148 149
140 141 142 143 144 145 146 147 148 149
141 142 143 144 146 148 149
142 143 144 145 146 148 149
143 144 145 146 147 148 149
144 146 147 148 149
145 146 147 148 149
146 147 148 149
147 148 149
148 149
149

!146