#RandomGeneratorDifficultGraph.py
# GMT Tue Jul 18 12:47:39 2023
# 
0 2 4 8 10 11 14 17 18 20 23 28 29 30 32 33 35 37 38 41 42 43 44 45 50 52 54 56 57 60 61 62 63 65 66 67 68 72 73 74 75 77 78 79 80 82 85 90 91 92 93 94 97 98 99
1 3 4 5 7 8 9 10 12 13 14 16 20 23 24 30 33 37 42 44 47 48 49 50 51 52 55 59 62 63 66 71 72 73 74 75 76 79 83 84 85 87 88 89 90 94 99
2 5 6 7 10 11 12 13 16 19 21 24 25 32 33 35 38 40 41 45 48 49 51 52 58 61 63 64 65 66 68 73 74 75 76 77 79 80 82 83 85 87 88 89 90 91 93 96 99
3 6 7 9 10 12 13 16 21 22 25 27 29 30 31 33 36 38 40 43 46 47 48 50 51 54 56 57 58 59 62 63 64 65 70 71 72 73 74 76 78 79 80 81 82 83 84 86 87 88 95
4 7 8 10 12 14 15 17 19 21 25 27 28 29 30 31 32 38 40 42 43 47 52 55 60 61 62 63 64 67 69 71 72 73 78 85 87 89 90 91 92 93 94 95 97 98 99
5 6 11 13 15 17 18 19 21 22 23 24 29 34 35 40 42 43 44 45 46 50 54 55 56 57 59 62 63 65 67 68 69 70 71 73 74 75 77 78 79 82 85 87 92 93 94 96 98 99
6 9 10 14 16 17 18 19 21 24 28 34 36 37 39 40 41 42 43 46 56 66 71 73 74 76 78 79 81 82 87 95 96 97 99
7 9 10 11 12 14 15 17 22 23 25 29 31 32 33 34 36 37 39 40 41 42 43 44 45 47 48 51 53 57 59 62 63 66 68 74 78 80 83 85 86 87 91 94 95 98 99
8 9 10 11 13 14 16 18 21 22 26 27 29 30 33 38 42 44 46 49 51 54 57 59 60 63 64 65 70 71 72 73 75 78 79 80 83 85 86 90 92 93 95 97 99
9 10 11 12 13 14 20 21 22 23 24 26 28 30 34 35 36 38 39 40 45 46 48 49 50 52 53 54 59 62 65 66 71 75 81 83 84 88 90 91 94 96 97 98 99
10 12 14 15 16 20 22 23 24 27 31 34 37 38 39 41 42 43 44 46 47 48 49 50 51 57 63 65 66 69 71 72 74 75 79 80 81 84 85 87 88 93 96 97 98
11 12 17 18 19 20 21 23 26 27 28 30 31 33 34 35 36 37 40 50 51 56 57 60 61 62 63 65 68 69 70 76 77 82 83 84 87 88 89 91 92 93 94 96 98 99
12 13 15 17 19 21 24 25 31 34 35 36 37 39 40 41 42 44 53 54 56 61 64 66 67 68 69 70 71 73 75 79 80 81 82 83 86 87 88 91 93 94 95 96 97 98
13 14 18 20 22 25 27 29 30 31 32 33 34 36 37 42 43 45 46 48 50 51 54 55 56 57 58 60 61 69 70 72 74 75 76 77 78 82 86 92 93 94 95 96 99
14 16 17 19 21 24 28 30 31 33 34 35 37 38 40 41 42 46 47 52 55 56 57 60 63 66 67 70 72 75 76 79 80 83 85 86 87 89 90 92 93 94 95 96 98
15 16 17 19 20 21 24 25 26 29 32 33 34 35 37 39 41 44 46 48 49 52 53 55 56 58 60 61 62 64 68 71 72 73 75 77 79 85 86 97 99
16 21 22 23 24 26 27 28 31 32 33 36 38 39 41 44 46 48 51 52 58 62 65 67 68 70 71 72 74 76 77 82 83 86 87 89 92 94 95 96 97
17 19 22 23 24 26 27 28 29 30 31 32 34 35 36 37 38 39 41 42 43 44 47 48 51 52 56 58 60 62 63 64 65 66 68 69 71 73 75 79 81 83 87 88 89 96 97 99
18 20 21 30 32 34 35 36 37 38 43 46 47 50 55 56 60 61 62 64 66 70 73 74 75 80 87 89 90 91 93 95 96 97
19 21 22 30 32 33 35 38 40 41 42 44 47 48 51 52 54 56 57 58 59 66 67 69 71 73 77 79 82 83 84 90 91 92 93 94 99
20 21 22 29 31 32 34 36 37 38 41 43 45 46 49 50 51 53 56 57 61 62 64 66 67 72 73 74 75 77 78 79 80 82 83 87 88 89 91 95
21 23 24 25 26 28 31 32 33 36 37 41 43 46 47 48 49 50 51 52 53 54 55 57 59 61 63 64 68 69 70 71 73 74 75 77 78 79 84 86 87 91 95 97 98 99
22 23 24 26 28 30 32 33 34 36 39 40 42 44 45 47 48 51 54 55 56 57 59 61 62 63 65 66 69 70 71 72 73 74 76 77 78 80 81 85 88 95 97 98 99
23 24 25 28 29 33 34 38 40 41 42 43 50 51 52 55 57 59 63 71 72 73 74 77 80 83 84 86 89 91 92 98 99
24 25 27 30 31 33 34 35 38 42 43 44 49 53 54 55 56 57 60 62 65 67 68 69 74 78 79 81 83 85 86 88 89 92 93 94 95 96 97 98 99
25 26 29 30 32 33 34 37 38 39 42 43 47 49 53 54 56 59 60 61 62 63 64 65 66 67 68 70 71 72 74 76 77 78 80 81 82 83 86 90 91 92 95 97 98 99
26 28 30 31 32 34 37 38 39 40 42 43 46 56 57 58 59 61 63 65 66 69 70 71 72 74 76 77 82 83 84 86 87 88 90 91 94 98
27 28 30 33 37 39 45 49 50 51 52 53 55 56 57 62 63 66 72 73 74 75 76 77 78 81 82 83 84 87 88 89 92 94 95 96
28 30 31 33 36 37 38 41 42 45 51 52 54 56 57 58 59 60 61 67 68 69 71 72 73 74 76 78 79 80 82 83 86 87 88 90 91 95 97 98
29 30 35 40 42 43 44 49 52 53 57 59 60 61 62 63 66 67 69 72 73 75 76 77 79 80 82 83 85 86 88 89 90 91 92 97
30 32 33 34 35 38 39 41 42 43 45 47 51 52 54 55 56 57 58 60 61 65 66 67 68 69 70 71 73 79 81 82 83 84 85 87 88 96 97
31 34 37 39 43 45 48 50 52 53 54 58 59 61 63 65 66 67 68 69 71 73 74 75 79 80 81 82 87 88 90 91 93 99
32 34 35 36 37 40 42 44 45 46 49 51 52 57 59 60 61 63 64 67 69 70 71 77 80 82 84 85 91 93 96 99
33 35 38 39 40 43 44 45 46 50 52 53 60 65 66 67 68 70 71 73 74 75 76 78 79 82 83 86 88 89 92 93 98 99
34 38 39 45 48 51 54 56 58 59 60 63 64 66 68 74 76 77 78 82 83 84 85 86 89 91 92 93 95 96
35 37 38 39 42 45 47 53 54 56 57 58 62 63 64 65 66 69 73 75 79 80 81 82 84 87 88 89 90 95 98 99
36 37 38 40 41 42 45 47 48 53 59 61 62 64 65 66 74 76 77 78 79 85 87 88 89 90 95 96 97
37 38 39 42 43 45 47 48 51 54 57 61 62 65 66 69 71 74 76 78 84 87 88 89 91 94 95 96 98
38 39 43 44 46 47 48 49 51 52 53 54 55 59 60 62 65 67 68 70 71 73 74 76 77 78 80 81 84 85 86 88 94 95 96 97 98 99
39 40 41 43 44 48 51 52 53 55 57 58 60 61 67 68 71 73 74 76 78 80 86 90 91 92 93 94 95 98 99
40 42 43 45 47 48 51 52 53 57 60 64 65 66 68 73 75 77 78 79 82 83 84 85 86 87 89 90 94 99
41 44 45 47 50 51 54 55 58 60 62 63 65 67 68 69 70 73 76 78 79 83 84 86 88 92 94 98 99
42 46 50 51 54 55 56 60 61 63 64 66 67 69 71 75 77 79 81 82 83 84 85 86 87 88 90 93 94
43 47 49 51 53 55 57 58 61 64 65 67 69 70 71 75 77 82 84 85 86 87 89 90 92 94 97
44 46 49 50 51 53 55 57 61 63 64 66 68 69 70 72 74 75 76 77 78 81 83 84 85 86 87 88 89 95 97 98
45 46 48 49 50 52 53 54 55 56 58 59 61 65 68 74 75 77 84 86 87 89 90 91 93 95 96 97 98
46 47 48 49 55 56 60 62 63 64 65 66 67 69 70 71 73 75 77 78 79 81 83 87 89 95 96 97 98
47 48 50 51 58 59 60 61 62 64 65 66 67 68 69 71 72 73 74 75 82 84 85 90 93 94 98 99
48 51 52 54 56 58 59 61 62 64 65 66 67 68 71 72 74 76 77 78 81 82 88 89 90 93 94 99
49 51 52 55 56 58 59 60 61 62 63 65 66 68 69 70 71 74 75 76 77 78 79 81 82 83 84 86 92 93 94 96 98 99
50 52 53 54 55 56 60 61 62 66 67 70 73 74 75 76 77 78 82 83 87 89 91 92 93 94 99
51 53 54 55 56 58 59 60 62 63 65 66 67 68 71 76 78 80 81 83 84 88 90 91 92 94 95 98 99
52 54 55 61 62 63 64 70 71 72 73 75 77 78 80 81 83 85 86 88 89 90 91 94 95 98 99
53 54 56 57 59 64 65 66 67 69 72 74 77 79 82 85 87 88 90 94 95 99
54 56 57 59 63 65 66 67 72 74 75 76 77 78 79 80 82 83 85 86 88 90 92 93 98
55 60 62 64 66 73 75 78 79 80 81 82 86 92 93 94 95 97 98 99
56 59 60 62 63 67 69 74 75 77 79 80 82 83 86 87 89 91 94 95 97 99
57 59 62 64 65 66 69 72 73 77 78 79 81 82 84 87 91 92 93 98 99
58 59 60 61 62 66 69 75 77 79 81 83 84 88 89 90 93 94 95 96 98 99
59 60 64 67 68 70 72 73 76 77 78 82 83 84 85 87 90 91 92 95
60 61 62 64 65 68 70 71 72 73 75 77 78 79 82 83 87 91 92 95 98 99
61 62 65 68 70 71 73 74 75 76 77 81 82 84 86 87 89 90 91 92 93 94 97 99
62 64 69 70 71 74 75 80 82 83 85 90 92 93 94 96 98 99
63 66 71 73 74 76 81 84 86 88 89 91 95 96 97 98
64 65 67 69 73 74 75 76 77 78 83 84 85 87 88 92 93 94 98 99
65 66 68 69 70 71 73 76 78 79 80 81 83 84 88 91 92 93 94 99
66 67 72 73 74 78 82 85 86 89 90 92 93 94 98
67 70 72 73 74 75 80 82 83 85 89 93 95 99
68 69 73 75 76 80 81 82 85 86 89 90 93 94 99
69 71 72 75 77 82 84 86 87 91 93 94 95 97
70 72 73 74 75 76 79 80 82 87 91 95 97 98 99
71 73 75 80 85 87 88 89 92 93 97
72 74 76 78 82 84 85 86 88 90 91 93
73 75 79 80 81 82 84 86 87 88 89 90 92 96 98
74 77 79 80 83 84 85 86 87 91 96 99
75 79 82 83 84 86 89 90 91 92 95 96 97 98
76 78 81 82 83 84 87 89 92 94 95 97
77 78 79 80 81 83 84 86 87 89 93
78 83 86 88 90 92 94 98
79 87 89 90 91 92 95 99
80 89 90 93 96
81 82 84 88 90 91 92 93 95 97 99
82 83 88 89 90 95 96 97 98 99
83 85 87 89 91 93 95 97 99
84 86 88 90 91 92 94 99
85 86 88 90 92 93 94 95 98 99
86 88 89 92 94 95 97 98
87 88 89 90 91 93 98
88 91 92 95 96 99
89 90 91 97
90 91 92 93 94 95 99
91 94 95 96 99
92 93 95 96 97 99
93 96 97 98
94 95 96 99
95 96 97 98
96 97 98 99
97
98 99
99

!91