#RandomGeneratorDifficultGraph.py
# GMT Tue Jul 18 16:23:52 2023
# 
0 3 5 8 11 16 18 25 30 35 38 41 44 46 50 51 53 54 60 62 65 68 72 77 82 90 97 99
1 3 18 21 23 27 28 34 36 37 40 46 51 52 54 56 59 60 64 69 76 82 87 96
2 4 5 7 8 12 16 22 26 28 29 41 44 45 47 52 63 77 80 82 85 96
3 7 11 12 14 15 16 17 24 30 34 36 43 53 54 57 58 71 80 85 91 92 98
4 5 10 11 12 14 21 27 30 37 38 39 44 46 49 57 60 61 67 71 81 89 96
5 6 11 18 19 21 22 29 33 36 49 53 57 63 66 70 71 79 93 98
6 10 16 18 19 21 40 41 43 50 55 56 67 68 71 73 75 78 79 81 89 97
7 13 15 17 18 20 24 26 35 37 39 47 48 56 61 62 63 71 83 85 88 98 99
8 9 10 13 21 24 25 32 33 36 39 41 42 53 54 55 70 81 82 86 87 96 97 98 99
9 19 20 29 33 34 35 38 44 52 56 58 59 60 62 64 72 73 77 81 83 84 91 95 98
10 12 15 18 26 30 37 40 42 53 58 61 77 81 85 89 92 94 95
11 13 17 20 29 30 32 39 61 67 87 99
12 16 18 19 26 28 33 46 48 67 70 77 97 98 99
13 18 25 27 28 32 33 43 52 55 59 61 64 68 69 76 81 85 86 95 96 97
14 41 44 58 63 66 69 70 73 84 94
15 19 25 27 30 34 41 44 47 52 60 63 66 72 83 86 93
16 18 24 31 32 37 40 44 58 59 88 94 97
17 19 24 39 43 52 63 64 66 73 75 78 79 84 90 95
18 21 22 31 32 37 55 58 59 61 63 64 71 74 78 82 93 95
19 21 30 33 39 47 48 63 69 86 89 97
20 21 23 30 36 43 46 47 56 64 65 70 72 75 76 77 81 89 92
21 30 35 54 63 66 75 80 83 86 89 94 97
22 29 30 32 34 42 49 52 59 60 65 68 86 93 95 96 97 99
23 25 27 28 33 40 42 44 54 56 59 62 68 79 83 94 98
24 33 37 40 42 47 50 59 60 64 66 67 75 77 92 99
25 28 42 47 49 50 54 73 76 83 84 85 86 87 88 94 95 99
26 31 34 35 36 38 46 47 54 55 61 65 69 75 79 83 86 89 92 99
27 31 33 38 48 51 56 59 65 69 75 84 89 92 93
28 30 42 44 47 52 60 65 78 79 86 87 90 95 96 98
29 32 34 41 43 44 54 55 62 63 64 65 71 75 79 82 83 89 97
30 33 35 44 47 54 56 57 59 60 63 66 71 72 75 79 80 88 97
31 36 39 42 57 65 67 70 84 91 92
32 36 38 40 48 49 52 54 62 66 75 77 78 81 82 83 86 92 99
33 35 37 45 46 59 67 77 83 90 91 99
34 38 39 42 45 49 59 63 64 68 70 76 86 89 96
35 40 51 55 57 60 68 72 79 82 83 84 98
36 40 45 48 51 54 59 60 61 63 64 65 66 68 69 70 73 74 76 78 79 83 85 90 96
37 46 67 69 82 84 92 96 99
38 43 52 64 68 73 82 85 90 96
39 42 47 53 60 63 69 70 73 79 86 87 88 95
40 44 47 50 53 71 74 75 83 85 95 96 98 99
41 43 46 52 65 68 69 77 86 87
42 54 57 63 69 70 74 76 84 88 89 94
43 47 70 83 89 98
44 56 59 60 61 62 64 65 67 75 80 84 88 92 93 94 98
45 49 52 59 63 78 82 83 92
46 47 56 62 63 66 67 72 73 78 89 96 97 98 99
47 50 54 57 63 67 68 69 72 78 81 86 91 93 96
48 53 73 80 81 82 84 93 95
49 51 56 60 71 81 83 84 85 87 88 91 97
50 55 59 63 64 71 76 77 80 86 89 94 96
51 58 65 66 70 71 75 87 94 99
52 59 61 63 64 70 78 82 86 87 88 93 94 95 99
53 55 56 62 63 69 77 86 91 98
54 61 72 73 76 78 81 83 86 89 91 92 93 96 97 98
55 58 59 69 79 84 92
56 64 65 72 83 90 91 98
57 59 78 80 83 84 93
58 59 65 67 76
59 67 69 70 90 91 96 97
60 64 65 66 69 75 78 85 86 87 94 98
61 71 73 75 82 84 89 91 92
62 63 64 73 79 82 89 93
63 64 66 68 72 76 82 86 88 89 92 94 99
64 69 71 74 80 83 85
65 66 67 78 79 85 86 87 89 98
66 69 73 76 78 81 86 89 91 92 94 98 99
67 72 75 77 82 84 90 92 93 95 96
68 75 82 87 94 96
69 79 86 94 97
70 71 73 74 75 80 83 99
71 73 76 77 85 89 91 96
72 76 79 83 97
73 77 86
74 81 84 96
75 82 84 96
76 78 88 89 90 91 93 97 99
77 78 84 90 92 93 94 95
78 84 93 99
79 84 85 86 89 92 94 99
80 86 96 99
81 91 92 99
82 85 91
83 86 87 89
84 87 90 91 97
85
86 92
87 94
88 93
89 94 96
90
91 96 99
92 93 94 95
93 96 98
94 96 99
95
96
97
98
99

!82