#RandomGeneratorGraph.py
# GMT Thu Jul 13 14:13:09 2023
# 
0 1 4 9 10 14 17 20 21 24 25 27 28 31 32 33 35 36 40 43 44 51 57 58 61 65 70 72 73 77 78 84 89 92 101 104 107 108 113 114 115 121 124 125 126 128 129 131 132 133 135 136 139 141 142 144 145 148 151 152 153 155 159 163 165 167 169 170 173 175 179 180 182 186 191 192 193 196 197 199
1 3 6 7 8 11 12 16 21 23 24 26 30 31 32 37 39 40 41 45 48 50 51 52 57 60 62 63 65 66 69 70 71 73 75 78 79 81 83 84 86 89 90 94 95 101 103 104 105 106 112 113 114 115 118 119 123 124 125 126 128 129 131 135 138 140 144 145 148 150 152 153 160 162 165 166 173 174 175 176 180 181 182 183 184 186 189 190 197
2 3 8 10 11 14 17 20 28 29 30 33 36 38 40 44 47 55 58 59 60 63 66 67 68 70 71 73 77 78 80 82 92 93 94 96 102 105 107 109 112 113 118 119 120 121 132 133 136 137 138 160 161 165 169 173 175 182 183 185 186 189 192 196 198
3 4 7 8 12 15 19 21 27 29 30 32 34 37 38 39 41 42 43 46 47 52 54 56 57 59 60 61 65 67 71 74 75 78 81 83 84 86 87 88 92 93 95 96 97 98 99 105 109 110 113 117 118 120 128 130 134 135 138 140 143 144 147 149 151 152 153 155 156 160 162 164 165 169 179 180 181 183 184 186 189 190 191 192 196 198 199
4 5 15 22 29 30 34 37 38 40 41 42 45 46 49 51 52 55 68 69 78 81 82 84 85 86 99 100 105 110 118 121 124 126 127 129 130 131 134 136 147 148 150 151 152 155 158 163 166 170 171 172 178 179 181 184 186 187 189 194 198
5 6 8 13 18 19 22 23 29 31 33 34 35 37 39 43 44 49 51 52 53 54 55 60 61 65 66 67 69 70 73 76 77 78 79 82 83 85 86 87 88 89 90 91 94 96 98 100 112 116 118 119 122 123 127 128 135 136 138 140 142 145 147 149 151 153 157 161 171 173 175 176 177 178 180 181 187 189 191 192 195 197
6 8 10 11 17 20 23 26 28 30 32 33 42 48 49 50 51 52 53 57 58 62 63 68 69 74 75 79 90 92 94 99 100 102 103 108 113 114 115 116 118 119 125 126 127 128 129 131 132 133 134 137 142 143 145 147 149 152 154 155 156 157 160 162 164 166 168 170 175 176 178 182 185 186 188 192 194 196 197 198 199
7 9 12 21 22 24 27 28 33 35 40 43 44 48 52 53 55 56 60 65 74 75 78 86 88 90 91 101 102 103 104 106 107 108 114 115 118 123 124 126 127 128 130 131 132 135 139 140 143 145 147 148 151 157 158 159 161 162 163 164 166 169 171 173 174 176 178 180 182 183 185 186 188 189 191 195 196 197
8 12 13 34 35 37 40 46 49 51 54 55 56 60 61 62 65 69 72 76 77 82 83 88 89 90 91 95 97 100 101 105 108 110 111 112 113 120 121 122 123 126 129 130 131 134 135 137 138 139 140 141 142 144 145 146 148 151 153 154 157 158 160 163 165 166 167 168 173 174 176 179 180 181 183 184 185 186 187 193 195
9 10 11 18 20 21 23 24 25 29 32 33 35 37 39 46 47 51 52 60 61 63 64 67 68 70 72 73 76 77 78 79 81 82 83 94 96 97 99 100 101 102 103 104 108 110 111 116 117 119 120 121 123 124 125 134 135 138 139 140 141 143 144 147 149 152 153 159 160 161 165 169 171 173 181 185 187 193 194 196 197
10 14 16 17 19 24 25 27 28 31 36 41 42 43 45 46 54 56 57 59 62 63 66 69 71 75 77 81 82 87 93 94 97 99 102 103 104 105 106 107 108 109 113 115 117 123 129 133 135 136 137 139 143 145 146 152 153 154 157 158 164 165 167 169 172 174 179 186 187 189 191 193 194 195 198 199
11 12 13 14 18 21 22 23 25 26 31 33 35 37 41 43 49 50 51 54 56 57 58 59 64 67 77 82 84 87 88 89 90 92 93 99 111 114 115 116 118 120 123 124 128 129 131 134 136 140 141 145 155 156 157 161 165 166 174 179 181 182 186 197 198 199
12 13 15 17 18 20 21 24 25 27 29 31 33 37 39 44 45 49 51 53 54 55 59 63 64 71 72 76 83 84 86 87 97 98 99 102 103 105 107 109 114 120 124 126 131 132 135 138 140 141 142 143 144 145 150 153 158 161 162 163 167 168 169 170 171 172 177 179 180 181 184 185 190 191 192 196
13 14 15 16 19 20 21 22 23 26 27 29 30 32 33 38 40 41 45 46 47 48 50 52 53 54 55 60 61 63 65 66 67 68 69 70 76 78 80 81 82 83 87 89 92 93 95 98 101 104 112 113 116 122 125 127 131 134 144 148 149 154 156 157 158 159 162 164 165 176 177 178 179 183 185 187 190 192 194 195 196 197
14 15 17 27 28 30 33 39 42 43 47 48 52 53 55 57 60 61 63 64 65 66 67 71 72 75 77 81 82 85 90 91 92 95 100 103 104 106 111 113 114 117 118 119 120 128 134 135 136 137 141 144 145 146 147 148 150 152 155 163 168 177 182 184 190 195 198
15 17 18 19 28 29 33 35 36 37 38 39 42 46 47 49 50 52 55 61 65 67 71 75 76 78 79 81 82 83 88 90 96 98 101 102 104 106 107 109 111 112 116 117 118 120 121 123 124 128 130 132 133 135 140 141 143 146 147 151 152 156 158 161 163 166 167 169 174 175 176 179 181 182 183 186 193 194
16 22 23 25 26 28 30 31 32 33 34 35 39 40 42 43 44 49 51 54 56 58 61 62 63 64 68 69 71 76 78 79 80 81 85 89 92 94 99 103 106 108 109 110 114 115 116 117 118 119 120 121 122 124 125 126 127 129 135 137 138 143 145 147 148 153 156 157 158 160 162 165 168 169 170 171 172 175 176 178 183 188 189 192 194 195 196 198
17 18 19 20 27 30 32 34 40 42 44 45 47 49 50 51 55 58 62 65 66 68 69 71 74 76 77 80 81 83 84 86 88 89 97 98 100 108 111 114 117 124 125 126 128 129 131 133 134 136 139 140 142 143 144 145 147 148 149 154 164 168 170 172 174 175 176 180 183 184 188 189 191 198
18 19 20 25 27 30 34 37 39 42 43 44 45 46 49 52 53 56 57 58 60 61 62 65 71 73 76 79 80 82 85 86 87 91 94 100 101 102 105 106 109 110 111 112 113 114 116 120 121 123 125 128 129 133 135 137 142 145 146 147 149 150 151 154 160 162 163 170 172 173 174 175 178 180 182 183 184 185 186 189 192 194 196
19 22 24 31 35 39 41 42 43 47 48 49 54 55 57 58 60 64 65 67 69 70 73 74 75 76 81 83 87 88 93 95 96 100 101 106 109 111 112 115 116 119 121 127 128 129 130 132 134 139 140 146 147 149 155 157 167 168 172 174 175 176 178 180 182 183 184 186 192 196 197 199
20 22 24 26 28 31 34 36 37 39 40 42 48 51 52 54 55 57 62 63 65 67 71 73 78 79 81 84 85 87 88 90 92 96 100 103 104 106 108 109 111 114 121 122 124 126 129 130 133 134 135 140 144 146 148 149 150 151 152 155 160 164 168 169 171 174 175 177 180 186 187 190 191 192 193 199
21 24 26 29 31 32 34 35 36 37 41 45 46 50 52 54 55 57 58 65 70 73 74 83 84 86 93 97 100 101 104 110 114 124 125 126 127 128 131 136 139 142 144 146 149 156 159 160 161 162 164 166 167 170 172 173 174 181 182 184 189 190 191 192 194 196 198
22 25 34 35 37 38 44 47 50 51 56 57 58 60 63 64 71 73 74 75 80 85 88 92 93 96 97 99 100 101 102 104 109 111 112 114 117 118 119 122 123 129 130 132 134 136 137 139 141 142 143 144 145 147 148 152 153 155 156 157 160 168 170 171 172 173 176 178 179 183 187 191 192 194 197 198
23 26 28 32 45 47 49 51 53 54 55 58 62 63 64 67 68 69 70 72 73 74 75 77 78 85 87 88 94 100 104 110 111 116 117 118 120 121 122 123 124 126 129 134 135 141 143 144 145 147 151 158 159 160 163 168 169 170 171 172 174 178 181 182 183 184 185 186 187 189 198
24 30 32 33 34 35 36 37 38 39 40 47 48 51 52 57 58 59 60 61 62 64 65 66 70 71 74 75 76 77 78 79 80 85 86 90 91 92 93 94 96 100 101 102 105 106 108 113 114 115 116 117 118 119 122 124 125 126 127 132 136 139 146 149 150 151 155 156 158 168 174 175 176 177 183 186 189 191 194 196 199
25 26 29 35 36 38 40 44 45 46 49 51 53 54 61 65 68 69 73 82 86 87 89 92 95 99 102 108 111 112 114 115 121 124 127 132 135 137 140 144 146 148 150 152 155 156 162 167 168 169 171 174 175 176 178 183 187 191 194 195 196 197 199
26 29 33 34 37 38 39 40 41 44 51 53 54 55 58 59 62 68 70 74 77 78 86 87 88 90 98 101 103 108 109 111 115 116 117 120 121 122 123 124 133 134 135 136 138 143 144 145 148 152 153 154 155 157 160 162 163 172 179 181 182 183 184 185 190 191 192 194 195 196 198 199
27 28 34 35 36 38 39 40 41 42 43 44 46 49 53 55 57 58 62 67 69 71 76 78 80 84 85 90 91 98 99 100 101 107 109 110 111 114 115 119 120 122 124 125 128 129 132 134 135 139 149 153 154 156 161 162 163 164 165 169 170 173 174 175 177 185 188 190 192
28 33 34 37 39 41 43 44 49 50 57 58 59 60 62 68 69 71 74 75 76 78 80 81 83 84 85 86 88 89 90 91 92 98 99 102 116 117 119 120 121 127 132 135 142 144 146 148 152 156 157 160 163 164 167 174 175 176 177 178 181 185 189 192 194 195
29 38 39 43 55 57 59 62 64 65 67 69 73 78 81 83 85 87 93 94 95 98 99 103 107 111 113 115 116 117 119 122 124 125 128 133 137 138 139 140 141 143 144 145 152 154 155 158 160 167 168 173 174 175 176 181 183 186 188 194
30 31 33 34 35 38 39 40 44 46 51 53 57 62 64 67 75 76 78 81 83 85 86 89 90 94 100 101 108 110 112 114 118 122 123 124 125 126 127 128 134 136 140 142 143 144 147 149 151 154 155 156 157 159 162 165 169 170 172 173 174 176 179 180 181 186 187 188 193 198 199
31 33 42 44 45 54 60 63 66 71 72 73 74 75 79 81 82 84 87 89 94 95 100 101 105 109 113 118 119 121 122 125 126 127 129 130 133 134 135 139 141 146 148 151 154 155 159 162 163 166 168 169 171 172 177 178 187 191 196
32 34 36 38 39 41 42 43 46 55 57 58 59 60 63 64 66 70 71 73 75 76 77 81 82 84 88 89 91 98 99 100 101 103 109 110 112 113 122 131 135 137 138 139 141 143 145 146 150 152 155 158 159 161 171 173 174 175 176 180 182 183 187 188 189 191 193 196
33 35 37 38 41 42 49 50 57 59 60 62 63 64 65 67 69 71 72 77 85 87 88 90 91 93 98 100 102 105 106 108 110 116 119 121 126 128 131 140 141 142 144 145 146 147 148 149 151 152 154 156 161 163 168 170 171 172 174 175 176 179 186 188 190 193 194 195 197
34 40 41 42 45 46 48 49 54 60 63 64 68 71 74 76 78 79 81 85 90 91 92 94 97 102 106 119 122 125 129 131 135 136 137 142 146 148 155 160 161 165 166 168 169 170 175 176 177 181 182 183 185 190 191 192 193 196
35 38 42 43 47 48 49 52 53 54 56 59 61 67 69 70 71 73 75 77 79 80 83 86 87 90 91 92 93 94 95 97 100 102 104 107 109 111 113 115 117 122 125 128 131 133 134 135 139 140 141 142 145 148 154 158 160 162 167 173 175 177 182 183 187 190
36 37 39 40 43 44 45 46 48 51 52 53 55 56 58 59 61 68 75 77 79 83 84 86 89 98 100 103 104 110 111 112 114 121 122 123 124 125 127 129 132 136 140 143 148 149 152 153 158 159 164 166 168 169 170 172 178 179 180 181 182 184 185 193 194 196 198
37 38 39 41 43 45 50 55 57 58 60 64 70 71 72 74 76 78 80 81 82 84 85 86 90 91 92 96 97 99 104 105 111 115 117 118 120 124 126 129 131 132 133 134 136 137 139 141 143 145 150 152 154 155 156 158 159 162 166 168 175 181 186 189 191 193 196
38 40 42 44 46 47 48 50 53 54 55 56 67 69 72 73 77 78 88 92 105 106 107 109 110 113 116 118 122 126 128 131 133 135 136 137 140 142 143 145 146 148 149 155 157 159 160 162 170 174 175 176 180 181 182 184 187 188 189 190 195 198
39 45 47 50 51 52 53 54 56 58 61 63 65 68 69 72 73 77 78 83 87 88 89 90 91 92 94 96 99 104 106 107 111 112 113 114 117 123 124 128 131 136 137 141 143 148 150 154 157 158 160 161 162 163 164 165 167 169 175 177 178 181 182 183 184 186 191 195 196 197 198
40 41 44 48 50 51 52 54 57 58 59 69 70 72 75 76 77 81 82 84 85 89 90 91 92 93 96 99 100 102 105 107 109 113 115 116 117 118 120 124 128 130 131 132 137 138 145 146 147 148 150 153 156 158 162 165 168 169 171 173 174 177 178 182 187 188 189 190 191 194 195 196 198
41 43 44 45 49 51 52 54 57 63 68 73 74 79 84 88 89 95 96 97 99 100 104 105 107 108 111 112 113 114 116 117 118 128 133 134 137 138 149 154 155 156 159 162 166 167 168 174 176 177 181 187 193 194 196 198 199
42 44 48 49 52 53 56 58 60 61 62 65 66 67 69 72 75 77 80 81 85 90 91 92 94 95 98 99 101 103 107 108 111 113 117 120 121 123 124 129 134 135 136 137 139 141 142 149 151 154 155 158 159 164 165 167 172 174 175 180 182 188 190 191 194 196
43 45 47 49 50 58 59 62 64 66 67 69 70 71 72 74 79 84 85 92 93 95 96 98 100 102 103 104 105 106 109 111 112 114 120 122 126 128 131 132 134 136 138 140 142 143 144 146 148 150 151 152 155 157 160 164 168 173 178 180 185 188 189 190 192 193 196 198 199
44 45 47 48 49 53 65 67 68 69 70 71 74 76 78 81 83 87 88 89 91 92 94 95 98 100 105 113 116 119 122 127 128 130 132 134 135 136 140 142 146 147 150 151 160 161 164 165 166 167 169 170 176 178 179 181 182 183 185 187 188 190 191 196 197 198 199
45 46 47 51 53 54 55 56 58 59 60 61 65 69 72 73 75 79 83 85 93 98 99 100 102 106 107 108 109 110 111 112 115 116 120 121 123 124 125 128 132 134 136 138 140 141 143 144 147 148 151 152 153 154 158 159 161 162 165 170 171 174 176 181 185 187 190 191 192 199
46 47 48 50 52 55 56 57 60 64 65 66 68 78 79 80 81 82 84 85 86 91 93 94 96 98 99 100 101 102 103 104 107 110 114 116 117 118 126 128 130 132 138 143 146 147 149 150 151 153 154 157 158 159 162 163 164 165 166 170 177 180 185 186 187 188 189 190 192 195 197
47 48 50 53 56 57 59 62 63 65 67 68 70 71 73 78 79 80 81 82 92 94 95 96 97 99 100 113 114 116 118 123 125 127 129 131 134 136 139 140 141 142 143 145 150 151 152 159 161 163 165 168 173 174 175 179 184 185 186 189 191 194 196 197 198
48 49 56 60 65 67 68 69 70 73 75 76 79 80 81 84 86 87 88 90 95 98 99 102 105 106 108 109 111 112 113 114 115 116 118 119 121 124 126 130 131 134 135 137 138 139 147 149 152 153 157 158 160 164 168 169 178 180 182 183 192 195 197 198 199
49 50 53 54 58 66 68 69 72 73 74 75 76 78 82 83 89 91 93 95 98 99 100 101 106 108 112 115 118 119 124 127 130 131 132 133 136 140 143 144 147 151 158 162 163 165 166 167 168 169 174 176 178 180 182 185 188 194 195 196 197 199
50 52 55 56 57 64 66 68 69 70 72 76 77 81 84 86 88 100 102 104 105 107 115 118 119 120 126 132 133 138 139 141 151 152 156 159 165 168 175 177 180 181 183 189 190 191 195 197 198
51 53 55 59 63 64 66 70 73 74 80 81 82 84 88 91 92 94 96 97 99 103 106 109 110 111 112 113 118 120 122 127 129 130 131 133 135 136 147 154 155 156 157 160 165 166 167 173 177 179 180 182 185 187 189 191 194 196 197 198
52 54 55 56 58 59 60 63 66 74 77 78 79 83 84 86 87 90 92 94 95 97 100 103 104 107 108 109 113 114 115 116 119 122 123 129 130 132 135 138 141 147 149 150 154 159 160 161 162 165 167 170 171 172 173 177 179 180 184 185 186 192 194 195 196 197 198
53 56 59 60 64 65 67 68 73 74 77 78 80 82 85 89 90 95 99 101 103 104 107 110 113 117 118 120 121 122 126 128 129 135 137 142 143 145 147 148 150 155 160 161 162 164 168 169 170 171 173 174 176 179 180 186 187 192 196 197 198
54 59 64 65 66 73 77 79 80 83 84 88 90 92 94 95 98 100 101 103 105 106 107 112 117 119 121 124 130 131 136 137 138 143 146 147 148 149 152 156 159 162 165 170 173 175 177 178 179 180 183 185 188 190 191 194 195 197 198
55 56 65 66 67 68 69 71 74 77 79 82 84 85 93 94 98 100 104 108 110 116 117 123 125 129 130 131 132 133 134 138 145 146 148 152 154 155 158 160 165 169 170 173 176 177 180 184 185 186 190 191 192 195 198
56 57 58 62 66 67 68 70 74 75 76 78 82 83 84 85 87 88 91 95 99 101 102 103 105 106 108 110 115 116 117 118 119 121 122 124 126 127 132 135 136 138 139 140 141 143 146 150 151 157 159 160 162 165 169 171 172 173 180 181 183 184 185 187 189 194 195 196 199
57 58 60 62 66 67 69 72 76 82 84 88 91 93 110 112 113 114 117 119 122 124 128 134 136 139 141 143 146 148 152 154 155 156 157 160 163 164 165 166 168 170 171 177 178 179 180 181 185 190 193 196 197 198
58 63 70 71 72 76 77 78 79 81 83 84 86 88 89 91 94 96 98 100 101 102 104 105 106 107 109 114 115 116 117 118 119 120 121 122 123 124 126 127 130 131 132 133 134 137 140 151 157 158 159 160 161 165 167 170 172 173 174 175 178 179 180 182 185 194 195 196 197
59 62 72 73 77 80 81 85 87 88 89 90 94 97 98 99 104 105 106 109 112 115 116 117 121 123 126 127 128 130 131 132 139 140 141 146 147 148 152 154 156 161 162 164 167 168 169 170 173 174 178 181 182 183 184 187 188 194 199
60 61 66 67 69 73 75 83 84 87 88 94 95 97 104 107 110 111 112 116 118 119 122 125 126 127 129 131 139 142 144 147 149 150 152 153 155 156 159 162 164 167 168 170 173 177 178 187 188 189 191 192 193 195 196 197 198
61 65 67 70 73 76 77 79 84 92 96 98 99 100 102 104 111 113 114 115 117 121 125 126 128 130 131 136 138 142 146 147 148 149 151 152 154 155 156 168 173 174 177 178 184 193 195
62 63 65 66 71 76 81 82 86 88 92 93 94 95 99 101 102 103 105 119 121 122 123 124 125 127 130 131 135 139 142 144 148 149 152 153 155 157 158 161 163 164 167 171 174 176 177 179 184 187 188 189 193 194 196
63 64 68 74 77 78 79 81 83 86 99 101 103 106 107 112 113 117 119 122 124 125 127 133 135 137 139 142 143 144 145 146 147 158 159 162 163 164 165 168 170 173 176 177 179 181 183 185 187 194 195 196 197
64 65 66 71 75 76 77 80 87 88 89 90 91 93 94 95 96 98 99 101 102 108 110 111 112 118 119 120 124 125 126 127 128 133 135 138 139 141 144 148 152 154 156 157 159 161 163 165 167 168 169 170 171 172 173 177 179 180 183 186 188 189 190 192 194 195 196 199
65 75 76 79 85 87 93 95 99 100 103 107 113 114 115 116 120 121 123 124 126 127 128 130 138 147 148 154 156 162 166 167 171 179 180 182 186 191 194 195 196 198
66 68 69 70 71 72 74 75 77 78 85 87 89 94 98 100 104 107 110 115 116 118 121 124 125 126 132 141 146 151 154 155 156 157 158 165 170 171 175 176 179 180 183 184 186 189 192 193 197 198
67 74 78 81 83 84 87 90 93 94 95 96 100 102 104 105 107 109 111 112 114 121 123 124 126 131 133 135 137 150 151 154 156 157 158 160 161 163 165 168 172 179 188 190 193 198 199
68 69 71 72 73 74 75 76 77 79 86 88 92 94 96 100 103 106 109 111 114 115 121 122 123 124 126 127 129 130 131 132 134 137 138 139 142 144 145 149 154 156 158 160 161 162 164 165 170 177 178 179 181 182 183 184 185 188 191 193 197 198
69 71 72 73 74 76 81 83 85 87 90 92 94 99 102 103 104 106 108 109 110 111 121 124 127 131 133 139 145 146 148 151 160 161 167 169 170 171 172 173 176 179 180 181 182 184 189 190 196 197 199
70 72 75 77 80 84 86 87 89 90 92 93 94 97 98 105 107 111 115 116 117 121 122 124 126 128 130 133 137 139 142 144 146 148 149 150 162 166 167 177 180 183 184 185 186 187 188 190 199
71 72 73 75 76 77 79 81 84 85 88 95 102 103 107 109 116 120 124 125 126 129 130 133 134 139 140 143 145 146 148 150 152 153 159 161 163 165 167 170 173 174 176 181 187 188 194 196 199
72 75 80 82 83 86 88 90 94 97 99 100 104 105 106 111 112 113 114 117 120 123 126 128 131 133 137 138 139 140 142 146 147 148 149 161 163 166 169 180 181 182 183 185 192 193 194 196 197
73 74 75 77 78 81 84 87 93 95 97 100 101 102 105 107 109 110 112 117 119 120 123 124 125 127 128 131 134 135 136 137 138 143 146 148 151 153 155 157 160 161 162 164 165 167 173 174 175 178 183 184 185 186 194 196 198
74 83 84 85 88 93 94 96 102 104 106 108 112 114 115 116 117 121 124 125 126 127 131 132 134 135 137 138 139 149 152 153 154 156 157 159 161 164 165 169 170 173 176 178 182 184 188 189 192
75 76 78 80 81 84 86 87 88 93 96 99 103 104 105 107 117 120 121 122 123 125 127 128 131 134 137 144 145 146 149 155 157 158 162 163 165 166 167 172 173 177 178 179 185 187 188 189 190 192 194 197 198
76 79 80 81 84 89 90 91 94 97 98 101 102 105 106 107 108 111 114 116 117 119 124 125 126 127 128 131 132 133 137 148 149 152 154 156 162 164 165 166 169 171 172 177 179 181 182 184 185 186 187 188 190 192 193 198 199
77 79 81 82 83 84 85 88 89 91 94 102 103 104 112 115 116 118 119 120 127 129 131 136 141 142 145 147 149 151 157 161 163 165 167 169 170 171 173 174 177 179 181 185 187 190 192 198
78 80 84 85 88 92 93 94 95 96 97 99 101 106 108 109 114 115 117 118 119 120 121 122 125 128 129 136 139 140 144 145 148 153 154 155 158 159 165 168 169 175 178 179 180 184 185 192 194 196 199
79 81 88 89 90 91 92 94 98 101 105 108 109 110 112 114 115 116 118 126 127 133 134 135 136 139 141 143 144 146 152 158 165 168 169 174 177 178 188 190 191 193
80 82 84 85 88 89 91 95 97 99 102 104 107 108 109 110 120 121 122 124 126 128 131 140 142 143 145 148 149 150 154 155 157 162 163 164 166 167 168 171 173 175 177 179 180 183 184 186 191 192 193 194 195 198 199
81 82 84 86 89 90 92 93 94 95 98 100 106 110 111 115 118 122 123 124 126 129 136 139 144 145 146 148 149 151 152 153 157 158 161 164 165 166 167 168 172 173 175 177 183 184 187 188 189 190 195 196 197 199
82 84 86 88 91 93 94 98 101 102 104 106 108 114 115 117 119 122 128 129 130 135 137 138 139 143 145 146 148 153 154 157 160 162 163 165 167 171 174 177 180 186 187 189 190 191 194 196 197 198
83 86 87 90 91 92 93 96 99 104 105 106 109 110 111 113 116 119 120 126 127 128 129 134 137 138 139 144 147 148 149 150 151 155 158 159 160 161 167 168 169 172 174 178 180 181 182 185 186 188 189 194 196 198 199
84 85 87 88 89 90 92 95 99 102 103 104 105 107 109 110 111 119 122 123 128 129 135 142 144 146 160 161 163 168 170 171 172 173 174 177 179 182 184 186 195 197 199
85 87 88 90 93 94 99 103 110 111 112 116 117 118 121 126 132 137 140 142 146 148 151 156 157 158 160 167 173 174 176 177 178 179 182 183 184 188 189 190 191 196 199
86 87 89 92 93 94 95 96 98 102 103 105 106 107 111 114 117 120 123 132 133 134 139 142 143 144 147 149 150 152 154 156 160 162 165 166 168 169 171 174 177 178 182 183 189 191 193 197
87 89 90 95 96 97 98 100 106 109 112 113 115 123 124 125 127 129 130 132 133 135 136 139 140 142 144 154 155 157 158 159 169 173 174 180 183 187 191 193 195 197
88 92 94 95 96 98 99 100 103 104 105 107 108 110 112 113 116 119 121 123 124 126 127 129 130 131 132 134 137 139 140 142 145 151 152 155 156 162 166 168 170 181 183 186 187 189 191 197
89 96 98 99 103 104 106 111 113 114 116 117 120 124 130 131 134 136 137 143 144 148 150 151 160 161 162 165 166 167 169 170 171 172 176 180 183 186 187 188 195 196 199
90 91 97 99 103 107 108 110 113 114 115 119 125 135 136 137 138 139 145 153 161 165 169 174 178 181 188 189 195 197
91 94 95 97 101 103 104 106 111 113 114 115 119 124 128 129 130 133 137 138 141 147 148 150 151 152 154 156 157 159 167 171 174 178 180 185 188 191 192 197 199
92 95 96 97 100 101 104 105 109 110 111 115 116 118 119 121 123 124 130 131 135 136 140 142 144 148 149 150 156 157 158 160 165 167 169 170 172 175 176 178 180 181 183 184 185 188 189 192 194 195 197 198
93 94 95 98 99 101 102 103 110 111 112 114 115 117 118 121 126 129 133 134 135 136 139 140 145 147 148 149 151 152 153 155 156 157 158 160 161 164 167 169 178 180 182 184 194 196 198
94 95 96 97 98 105 106 108 109 110 113 117 120 121 124 126 128 129 130 132 134 135 138 139 141 144 150 151 152 157 160 163 165 168 170 171 172 173 178 181 183 186 188 189 197 199
95 97 98 101 105 106 107 110 113 119 125 131 133 135 137 140 142 143 144 155 159 163 165 167 168 169 170 172 173 178 180 183 187 188 191 192 196
96 100 102 103 108 109 110 111 112 113 114 117 118 119 128 129 132 133 134 135 137 143 149 152 157 158 160 161 162 163 165 167 169 172 173 174 175 182 183 184 185 188 189 190 191 192 196 197 199
97 103 104 105 107 108 109 114 115 116 117 118 119 120 122 128 129 134 144 145 147 148 150 152 153 156 166 169 171 173 174 177 179 181 185 186 193 195 197
98 99 100 101 106 108 109 111 115 124 128 131 134 136 137 139 141 143 145 149 150 151 157 160 161 166 167 168 170 171 172 173 174 175 184 187 194 196
99 102 103 105 109 111 115 118 121 123 124 127 131 133 135 137 138 140 143 145 148 149 150 152 160 162 163 164 167 170 171 172 175 176 177 186 190 193
100 101 102 107 109 111 114 115 116 117 118 119 120 121 123 125 126 127 133 137 138 139 141 142 144 146 149 150 151 156 157 158 160 162 163 166 167 168 170 171 172 173 178 179 182 184 185 188 190 191 196 197
101 104 105 110 116 120 121 122 125 127 130 131 132 133 134 137 138 139 142 145 146 150 151 152 154 159 163 166 167 170 171 179 180 185 186 188 192 193 198 199
102 106 107 108 109 110 116 117 121 124 134 140 142 144 145 153 154 156 157 158 164 166 169 170 171 172 173 174 177 179 183 184 191 194 195 197 198
103 105 107 117 121 123 125 126 129 130 132 133 139 145 151 152 156 159 160 161 166 168 172 173 174 178 181 184 185 186 190 192 194 199
104 108 109 112 116 117 119 125 126 127 133 135 137 138 143 155 156 157 158 159 166 168 171 172 180 182 184 188 189 190 191 192 194 199
105 107 110 112 116 119 120 122 123 125 131 133 135 136 137 146 148 153 154 155 159 160 162 163 165 166 168 171 172 174 176 177 178 179 184 188 189 190 192 198 199
106 107 110 114 116 120 121 123 124 127 128 129 130 133 137 139 140 143 145 148 152 158 159 160 161 162 167 168 175 176 178 180 181 182 184 186 188 190 199
107 111 113 119 121 127 131 132 135 137 142 144 146 147 149 150 158 160 162 163 168 169 170 178 182 183 185 186 189 192 195 197 199
108 113 116 117 118 121 123 126 128 129 138 139 143 144 145 147 150 151 153 154 155 160 162 163 164 168 169 172 176 177 180 182 184 186 191 192 193 194
109 111 112 115 116 117 119 121 126 127 128 134 135 137 138 140 143 146 149 150 155 158 160 162 164 165 171 175 178 180 183 190 196 197
110 113 115 118 119 120 123 127 128 129 133 134 139 142 144 145 147 148 149 151 153 154 161 164 165 166 167 170 172 173 174 175 176 177 179 182 184 187 192 194 195 198
111 117 118 119 121 128 132 134 137 139 141 144 147 148 149 154 157 158 159 160 163 165 167 168 169 170 172 174 176 178 181 184 186 194 195 199
112 115 119 122 127 133 135 137 138 141 142 144 145 146 147 148 149 156 164 165 167 169 170 176 179 182 183 184 185 188 199
113 117 118 121 124 128 130 131 136 139 140 141 146 152 154 155 163 165 166 169 171 176 179 180 183 186 189 190 194
114 116 117 118 122 124 125 127 129 130 132 138 139 143 146 147 149 150 156 159 161 164 165 166 167 172 173 175 177 179 182 185 188 189 190 192 193 195 198
115 116 119 120 123 124 126 128 129 131 134 145 146 148 153 157 158 159 160 163 169 175 177 178 179 188 190 194 196 197 198 199
116 117 120 122 124 125 126 127 130 131 132 136 139 141 142 143 144 152 161 162 163 166 170 174 180 181 183 184 188 190 192 193 195 196 197 199
117 120 121 124 126 127 128 135 137 139 140 141 142 145 147 148 149 150 151 152 155 157 158 162 167 168 170 171 177 178 179 182 183 187 191 193 194 198 199
118 119 120 125 126 127 132 133 135 137 140 151 153 158 159 160 161 168 179 182 183 184 185 189 190 192 193 195 196 197 199
119 126 128 129 130 137 138 139 142 144 149 150 153 154 155 157 160 169 170 172 173 174 175 176 179 181 182 183 184 185 186 189 192 193 197 198
120 122 128 136 138 139 142 145 149 155 156 169 170 176 177 180 183 188 189 191 192 194 195 196 197
121 123 124 128 133 141 142 143 146 148 151 152 153 154 155 157 158 159 162 164 166 171 172 173 174 175 181 187 188 190 192 197
122 123 125 130 131 132 134 136 138 140 141 144 146 149 152 154 156 157 161 164 166 168 173 175 179 182 188 190 193 195 198
123 125 128 134 144 146 148 150 153 155 157 162 166 169 171 175 182 186 189 193 194 196
124 125 126 127 137 138 142 143 146 149 154 156 159 166 167 168 169 170 172 173 179 181 182 184 185 189 190 194 195 197 198
125 126 128 133 134 137 138 140 144 146 154 156 163 165 167 168 169 170 174 175 177 179 181 183 186 187 193
126 129 131 132 134 135 137 139 144 146 147 148 149 151 152 155 156 157 158 161 162 164 166 168 171 172 174 175 176 177 180 187 189 190 194
127 129 132 133 134 135 141 142 144 145 147 148 152 155 157 160 166 169 173 176 177 178 179 181 183 185 188 190 191 196 197
128 130 131 132 135 136 138 141 142 143 145 147 150 151 156 158 168 170 171 175 177 179 182 192 198 199
129 130 134 136 137 138 139 142 148 149 150 152 153 155 157 159 160 170 171 173 175 176 178 179 180 185 190 193 196
130 133 134 136 137 139 140 141 142 148 150 152 156 161 163 165 167 168 178 179 180 183 185 186 192 195 199
131 134 135 139 142 144 150 151 153 157 158 163 174 178 179 180 182 190 195 196
132 133 134 135 139 141 142 145 147 148 151 157 158 159 161 163 172 176 177 178 179 180 181 184 185 186 189 190 191 193 194
133 134 135 137 138 139 141 142 143 146 148 149 151 152 155 156 157 158 169 171 173 174 175 176 177 179 182 186 189 190 191 192 194 196 198 199
134 135 137 141 151 152 159 160 164 165 167 171 175 178 180 181 182 184 187 188 189 190 191 192 194 197 198
135 137 139 147 148 150 152 153 156 157 159 162 163 168 169 171 173 176 183 189 192 194 195 197 199
136 138 139 142 143 144 149 151 153 155 159 162 163 165 166 167 169 171 178 179 180 182 183 184 185 186 188 194 195 197 199
137 139 142 151 154 157 158 161 164 165 168 169 171 173 174 175 179 180 181 183 184 185 191 193 194 196
138 140 141 146 148 152 153 156 160 164 165 167 168 175 179 180 187 188 190 192 198
139 142 144 145 146 149 151 154 156 157 163 166 168 169 170 175 176 182 183 184 185 186 187 188 192
140 141 143 144 145 151 159 163 166 167 168 169 170 171 172 173 175 178 181 182 183 184 185 186 189 190 191 199
141 144 147 150 152 154 159 160 163 164 166 168 170 171 173 175 185 186 187 190 191 192 196 197 198 199
142 143 148 149 153 157 159 160 161 162 168 172 173 177 180 181 182 183 185 186 187 188 191 192 194 195 196 198
143 149 151 155 158 159 163 164 166 168 173 174 175 179 180 183 190 191 193 195
144 148 149 153 154 157 158 159 161 162 169 170 171 174 177 179 180 183 192 193 195
145 146 149 153 154 155 156 157 159 160 164 168 170 172 173 174 176 178 180 183 185 187 188 198
146 147 151 158 159 160 168 169 172 173 175 176 177 179 180 182 186 192 195
147 150 154 158 160 161 166 168 170 175 176 177 182 183 186 192 194 195 199
148 150 154 156 157 161 162 163 170 173 175 177 178 179 180 183 185 186 189 191 193 194 199
149 154 161 164 166 167 168 171 178 189 190 195 198
150 151 154 155 157 159 160 164 170 171 172 174 175 176 180 182 183 185 187 188 192
151 153 158 160 161 167 169 173 174 176 178 181 182 183 184 185 186 189 190 193 196 197
152 156 161 167 170 172 173 175 176 177 178 181 183 184 186 189 193 196 197
153 157 158 163 164 166 168 172 174 177 179 180 182 183 184 186 187 190
154 156 157 160 161 165 167 170 172 174 175 181 185 187 188 189 191 192 194
155 158 161 166 168 170 177 180 184 195
156 157 158 159 162 164 166 172 173 175 185 187 188 194 195 197
157 166 169 172 190 193 194 195
158 163 165 167 171 176 177 178 179 180 184 187 190 197 198 199
159 166 168 170 171 175 176 179 180 182 184 187 188 191 194 199
160 162 166 169 170 172 180 183 184 186 188 189 190 192 194 195 197 199
161 163 164 166 167 169 171 172 174 175 176 177 183 185 187 188 196 197 198
162 163 164 167 170 174 175 177 180 182 183 187 188 190 194 195 196
163 166 170 173 182 183 184 186 187 190 191 192 198
164 173 175 176 178 180 182 183 184 187 189 192 194 196 197 199
165 168 169 175 181 185 189 191 193 199
166 169 171 180 182 185 195
167 173 174 180 183 186 187 188 194 195 198
168 169 171 174 176 177 178 180 181 186 187 191 192 194 196
169 170 175 179 180 181 184 186 187 192 193 195 196 197
170 171 172 173 174 178 184 185 192 193 199
171 176 177 182 184 185 198
172 176 178 180 182 183 185 186 188 190 199
173 175 177 181 182 183 187 191 192 193 196 198 199
174 176 178 179 181 182 185 186 187 191 192 194 195 196 198
175 177 179 184 185 186 187 188 192 193 196 198
176 177 183 184 187 188 189 199
177 178 179 180 181 184 185 187 188 189 195 197 198
178 179 181 183 184 185 186 189 190 195 199
179 182 184 185 187 188 192 193 195 196 197
180 182 183 184 186 187 190 191 194 199
181 183 185 192 193 195 196 198
182 184 185 189 194 196 197
183 186 188 189 192 199
184 187 191 193 197
185 188 191 192 193 197
186 190 191 192 193 194 196 197
187 188 191 193 196 197 199
188 189 193 194 195 197 199
189 190 191 192 195 196
190 192 193 194 196 198
191 192 194 196 197 198
192 193 196 197
193 198 199
194 195 197
195 198
196 198
197
198 199
199

!188