#RandomGeneratorDifficultGraph.py
# GMT Tue Jul 18 16:23:22 2023
# 
0 1 5 6 7 8 10 12 13 17 18 19 27 36 43 46 47 49 53 55 56 57 59 65 66 70 75 79 83 90 91 93 94 95 99
1 4 5 7 9 11 15 22 23 27 30 33 34 35 37 39 42 44 48 50 52 54 57 58 63 65 70 71 72 74 79 90 91 95 97 98 99
2 3 5 14 16 20 23 24 25 28 35 39 42 44 46 47 54 59 61 63 64 67 70 72 76 77 82 91 92 95
3 18 28 29 30 32 34 36 37 39 40 41 42 44 45 46 48 49 57 58 63 67 68 72 74 76 79 81 83 85 90 93 95 96
4 6 7 9 10 12 16 29 33 48 49 53 58 62 68 75 77 84 87 88 93 95 99
5 8 10 16 18 20 22 24 25 31 34 35 36 41 44 46 50 52 55 58 59 63 67 70 71 74 76 81 98
6 7 10 13 14 17 23 25 26 29 31 32 39 41 42 46 49 50 52 53 59 61 64 66 67 70 72 76 78 79 81 82 85 87 95 96 99
7 8 19 20 25 27 32 38 39 43 46 47 49 50 51 54 55 57 58 63 64 65 66 67 69 71 72 79 85 88
8 13 14 17 18 23 28 37 41 43 45 48 49 53 54 59 67 68 72 74 78 81 82 83 85 90 91 96
9 10 12 16 21 22 26 28 32 39 44 50 51 59 65 66 69 72 74 84 90
10 14 16 20 21 26 27 29 35 37 38 42 43 46 52 53 54 56 58 60 65 66 67 68 70 78 82 89 91 92 93 97
11 12 22 25 27 28 32 33 35 36 47 48 50 53 55 57 59 64 65 66 72 73 74 77 78 81 83 85 87 95 96 99
12 14 18 19 20 34 47 49 51 53 54 56 58 59 65 66 74 79 80 82 86 88 89 90 94
13 15 17 20 21 27 33 39 40 46 48 50 52 54 55 61 68 71 77 78 87 96 99
14 18 20 22 26 37 38 39 40 44 47 49 50 54 56 58 60 61 64 65 70 71 72 74 79 91 97 99
15 16 18 20 21 26 28 30 35 38 46 60 67 72 77 84 87 92 95
16 21 23 30 42 44 45 48 50 53 55 57 59 67 69 74 75 77 82 86 88 91 96 99
17 20 21 22 27 28 30 31 32 38 55 64 66 70 75 76 81 82 86 95
18 20 23 25 28 31 37 39 40 49 64 72 74 76 77 80 84 92 96 99
19 28 30 31 33 35 37 40 45 49 51 53 57 59 63 68 70 71 77 80 84 85 87 90 91 93 94 99
20 23 33 35 39 42 50 54 55 56 58 67 77 80 81 85 86 88 89 92 94 95 96
21 22 26 44 47 50 55 56 68 76 78 84 85 92 94 95 97
22 27 30 34 37 40 43 44 45 52 53 54 56 58 60 61 63 64 67 68 70 73 75 77 82 84 86 87 96 97 98
23 25 26 28 29 32 38 39 42 44 45 46 50 51 52 53 59 61 62 64 82 88 93
24 25 30 33 34 40 50 54 56 57 61 62 64 66 74 75 81 87 92 95 96
25 26 27 29 37 41 43 47 53 54 69 71 76 79 81 83 91 95
26 34 37 50 51 54 61 63 67 70 73 77 82 83 99
27 28 31 34 35 38 39 40 42 48 53 56 59 60 65 73 75 76 77 82 86 93 99
28 31 32 37 40 42 44 46 48 52 53 56 58 61 63 65 67 69 70 74 78 79 87 93 97
29 30 31 34 38 39 44 46 47 50 52 56 59 63 68 73 74 75 78 81 85 89 92 93 94 95 99
30 40 44 49 50 57 63 65 67 68 69 70 71 72 74 77 87 89 97
31 32 38 41 50 54 66 67 69 70 73 74 78 80 83 84 85 87 93 98 99
32 34 38 42 44 46 47 50 52 53 56 58 59 60 67 69 75 77 78 82 86 88 91 95 96 98
33 35 50 51 63 65 66 67 71 72 74 75 80 81 82 87 88 91 92 93 94 95 99
34 43 46 47 48 51 53 54 57 62 64 65 68 69 70 73 74 76 81 82 89 92 95 96
35 40 43 49 50 51 55 62 63 64 65 78 82 83 84 85 88 92 96 97 98 99
36 37 43 47 53 57 58 60 61 67 81 82 83 86 88 98 99
37 38 39 40 44 45 47 48 52 57 63 65 67 69 83 86 90 91 92 96
38 50 56 63 65 66 67 69 71 73 74 76 77 78 80 81 82 85 86 88
39 41 42 44 46 47 48 49 54 55 56 62 66 72 73 81 86 87 88 94 96 97
40 41 47 51 56 58 60 61 62 63 72 76 78 79 87 88 95 96 99
41 45 49 50 52 53 55 57 58 61 62 64 65 66 73 77 80 85 87 88 90 92 99
42 44 52 53 55 56 57 58 61 62 64 72 73 76 77 79 81 82 83 84 85 87 91 92 96 97 98
43 48 53 54 58 60 61 63 66 68 69 73 77 81 84 87 98
44 45 50 54 57 62 63 72 74 76 77 79 80 81 83 90 92 93 94 99
45 55 57 61 68 69 70 75 78 79 83 86 87 90 92
46 47 48 51 52 54 56 66 68 70 72 74 76 77 78 80 85 87 89 90 93 94 95
47 49 51 57 58 59 62 63 68 72 80 82 87 94
48 50 51 53 55 57 60 62 70 71 73 75 76 77 81 84 85 86 94 98
49 61 62 71 74 77 81 84 86 88 94 98
50 54 59 60 63 66 67 75 80 81 89 91 94 97 98
51 52 55 57 58 61 62 65 68 74 82 85 91 96 98 99
52 58 63 64 65 66 69 72 77 80 81 83 95 96 98
53 57 61 68 69 70 73 81 82 84 86 94
54 55 60 67 70 78 80 81 86 88 90 91 92 93 96 98
55 59 60 61 62 64 69 70 72 76 80 81 82 92 93
56 58 61 62 64 65 66 68 74 75 76 82 86 89 96 97 98
57 65 67 68 70 72 76 80 83 87 91 95 96
58 61 64 71 72 73 74 78 81 82 84 88 92 95 96 98
59 68 71 76 78 81 82 83 91 97 99
60 65 68 72 73 78 84 85 86 88 89 90 91 96 97
61 70 71 84 92 97
62 63 65 68 72 75 76 81 83 86 87 94 97 98 99
63 65 68 70 71 74 78 82 83 91 92 94 95 99
64 69 70 72 74 76 79 81 87 91 95 96 97 98 99
65 66 68 75 76 80 81 84 87 88 90 95 97 99
66 70 75 86 96 99
67 73 74 82 85 88 89 91 99
68 74 77 83 84 86 90 93 94 98
69 70 71 75 81 82 85 94 96 97
70 71 72 73 77 84 87 90 92 94 96 97
71 76 78 81 82 83 87 89 90 98
72 82 83 85 90 92 94 96
73 76 79 81 84 85 86 90 93 96 97 98 99
74 76 81 83 86 88 95 98 99
75 76 79 82 84 90 91 93
76 78 80 81 85 87 91 92 99
77 79 86 89 93 94 97 98
78 82 85 86 88 89 94 95 97 98
79 81 85 88 93 96 99
80 82 83 85 93 98 99
81 83 89 90 92 93 94 95 99
82 83 85 86 87 88 91 95
83 84 87 88 93 94 97 98
84 86 89 97 98
85 88 90 94 95 99
86 90 92 94 96 97 99
87 90 97
88 90 94 98
89 91 96
90 93 94
91 94 95 96
92 94 96 98
93 94 96 98
94 97
95
96 97 98
97
98 99
99

!86