#RandomGeneratorDifficultGraph.py
# GMT Tue Jul 18 16:23:13 2023
# 
0 2 4 7 9 11 12 15 16 22 24 25 26 29 34 35 36 42 45 50 52 55 57 71 76 79 81 82 83 85 86 89 95
1 2 3 4 5 8 9 18 25 27 28 29 30 32 33 34 35 37 40 41 44 49 50 52 54 55 58 60 65 67 72 79 82 83 84 85 93 94 95 96
2 6 12 21 22 23 26 32 33 41 42 43 44 46 48 59 61 62 64 72 74 75 93 97 98
3 4 5 6 10 13 16 22 26 29 32 36 40 41 42 44 45 49 50 54 55 58 62 64 70 71 73 74 75 76 77 81 83 85 86 87 90 93
4 13 14 15 17 18 19 23 24 25 27 29 33 37 41 43 44 45 47 48 50 60 63 69 79 80 81 83 90 96 98 99
5 6 8 18 19 20 24 25 26 30 34 36 39 44 45 47 49 52 57 60 61 65 69 72 76 83 84 85 87 89 90 92
6 9 14 15 17 20 23 28 29 30 33 37 38 39 41 42 43 52 53 55 59 60 61 67 68 73 79 80 81 90 92 96 97
7 8 9 13 15 22 23 27 31 34 35 39 43 47 48 50 53 54 58 60 62 63 64 72 75 80 81 82 85 87 92 96 99
8 12 13 14 16 20 23 26 27 32 33 38 42 52 53 55 56 57 63 64 65 69 76 78 82 83 84 85 92 96
9 11 12 13 14 21 24 27 29 30 31 34 35 38 40 43 44 48 49 52 62 64 65 72 73 77 81 82 85 89 90 94
10 11 13 17 18 22 23 26 29 31 42 45 49 51 52 54 57 59 63 67 72 77 80 83 85 87 90 91 94 95 96
11 12 14 22 27 33 35 37 43 44 45 50 51 53 54 56 58 61 64 66 67 68 73 74 82 84 87 88 90 93 94 99
12 15 19 25 26 27 28 34 39 42 44 45 46 53 67 69 71 72 73 76 77 78 83 89 93 94 95 96
13 16 17 18 20 23 24 25 33 40 42 44 45 46 49 53 57 59 60 63 65 74 76 77 78 83 91 95 99
14 17 18 22 23 24 27 29 32 34 40 42 43 45 52 61 72 77 84 90 92 96
15 22 26 29 30 32 37 38 42 45 46 52 59 61 65 67 69 70 72 73 82 86 89 90 93 94 95 96 99
16 19 27 34 35 36 38 40 45 54 57 66 75 80 84 91 95 99
17 19 20 32 36 37 38 46 53 55 56 61 68 70 71 72 73 75 77 79 80 82 84 85 90 95 98 99
18 21 24 27 32 43 44 61 62 63 68 73 79 82 85 89 90 94 97
19 24 25 26 32 33 36 39 43 44 49 56 57 58 59 60 61 67 70 72 79 82 83 84 89 94 95 99
20 23 25 26 28 29 30 32 34 35 37 41 43 52 53 54 57 59 61 62 65 69 71 74 76 77 78 83 84 86 88 90 93 94 97
21 22 24 25 28 29 30 33 34 39 40 44 50 54 55 58 61 65 73 80 82 83 84 85 87 88 90 91 96 99
22 23 26 27 29 32 35 46 54 58 63 66 67 75 77 79 83 87 90 94 97 98 99
23 24 26 27 28 34 41 42 46 49 52 54 56 57 60 64 65 68 83 85 99
24 33 35 38 44 47 48 65 79 84 91 92 95 96
25 28 33 38 41 47 48 50 51 52 57 58 63 64 65 71 77 78 89 92 97 98
26 27 29 31 35 36 39 40 41 42 43 46 48 49 51 55 60 63 65 67 71 73 75 78 85 86 90 94 95 97 98
27 28 34 35 36 43 47 48 52 53 54 55 58 61 65 69 72 73 76 77 78 80 83 88 89 98
28 32 34 37 42 43 46 48 51 52 57 59 65 71 72 74 75 76 77 80 84 85 86 89 93 96 98
29 34 35 36 37 40 41 45 50 57 58 67 68 70 72 75 76 78 80 85 94 95 99
30 31 41 44 49 52 53 56 64 65 68 70 71 73 76 78 81 83 89 92 95 99
31 33 34 36 38 39 48 54 59 61 64 67 68 72 73 74 76 78 81 87 89 93 94 99
32 37 39 42 43 49 52 55 56 58 59 61 66 74 87 93 94 96 97
33 37 38 47 48 55 58 59 60 61 62 64 66 70 74 78 79 84 91 93 98
34 35 39 43 44 45 47 57 65 68 69 75 77 78 79 80 83 86 87 90 91 93
35 38 40 44 50 51 52 54 55 58 60 62 65 68 72 78 83 86 87 88 90 92 94 95 97
36 40 41 44 46 48 49 53 55 57 59 62 67 71 72 73 74 75 80 96 98
37 39 42 43 44 48 55 61 73 75 81 82 88 89 96
38 39 40 41 42 47 55 59 63 64 66 67 69 71 73 76 81 85 93 99
39 46 61 66 67 68 70 71 74 78 85 88 90 91 93 98
40 44 45 46 54 57 63 65 73 76 78 80 87 88 90 92 93 94 99
41 44 45 47 49 50 54 58 62 65 67 72 74 79 84 89 90 91 94 96
42 45 48 50 52 53 55 60 62 64 69 70 76 77 79 82 84 88 90 91 92 96
43 46 48 49 50 53 55 57 61 62 65 73 77 78 81 83 84 85 96
44 45 48 52 64 68 71 73 74 76 88 95 97 98
45 50 54 55 56 61 63 65 66 69 78 80 82 83 87 89 97
46 58 67 69 72 75 79 81 92 93 98
47 49 51 53 54 58 61 64 65 69 70 77 83 87 89 91 96 97 98
48 53 67 73 75 83 87 97
49 51 52 55 56 57 58 64 67 69 70 71 75 77 78 83 85 89 91 94
50 52 59 61 67 69 70 74 76 77 86 87 88 92 94 98 99
51 56 57 58 66 67 70 71 72 82 83 84 87 91 94
52 53 54 57 59 60 66 68 73 77 80 81 83 89 90 93 94 95 97
53 56 57 58 60 63 65 67 71 79 80 82 84 86 90 92 94 98
54 57 61 65 66 67 81 86 90 94
55 59 60 62 63 72 79 88 89 90 92 93 96
56 59 60 61 63 64 72 73 74 76 77 81 83 84 90 94 96
57 58 59 60 62 66 67 68 73 74 75 77 81 83 86 87 89 92 93 94
58 59 62 63 65 68 69 71 72 74 75 80 81 87 90 91 93 94 95 99
59 62 65 68 69 72 76 80 87 88 91 92 93 95 96
60 63 65 72 74 77 83 85 87 89 93 94 95 97 98
61 64 65 66 74 77 79 80 81 82 91 92 98 99
62 65 67 68 72 78 83 86 89 93 98 99
63 64 65 66 67 70 77 79 81 90 93 99
64 65 68 69 70 71 73 74 75 78 79 82 88 89 90 91 92 95
65 66 69 70 74 77 79 83 84 87 88 90 92 93 97 99
66 67 72 75 76 77 86 88 89 91 95 96
67 71 72 75 77 87 90 91 94 97 98
68 71 73 75 76 78 79 80 81 84 85 89 90 92 93
69 70 74 75 77 80 81 84 87 90 95
70 74 79 80 86 93 97
71 77 82 90 92 93 95 97 98 99
72 74 88 96
73 75 77 82 87 90 97
74 76 80 85 92 93
75 77 82 83 87 88 92 93 95 98
76 81 84 87 88 91 97 98 99
77 81 82 83 84 87 94 96 97 98
78 86 89 97
79 82 92 93 96
80 92 98
81 83 85 86 87 89 90 91 92 99
82 85 89 94 95 96 97
83 84 85 86 94 95 99
84 85 86 89 92
85 91 92 95 99
86 99
87 96 98
88 90 92 95
89 92 94 95 96
90 91 94 97 99
91
92 98
93 94 96
94 95 98
95 96 98
96 98
97
98
99

!87