#RandomGeneratorGraph.py
# GMT Thu Jul  6 08:51:50 2023
# 
36 53 59 15
53 27 44
55 75 85 64
75 90 11
52 79 4 59
79 3 42
26 69 32 82
69 7 30
90 35 96
6 11 86 40
11 39
35 92 46
32 48 54
1 42 92 94
42 64
24 44 41 0
44 61
3 81 67
0 62 66
62 34 50
17 78 59 83
78 93 16
9 74 19 43
74 25 38
19 68 87
31 58 83 84
58 46 73
49 73 95 15
73 41
18 76 68 25
76 71 63
56 60 16 77
60 37 2
72 77 14 47
77 38
92 57
29 91 27 13
91 8 48
14 89 12
68 98
81 21 47
93 51 87
43 71 63
71 8
5 96 80 22
96 50
27 88
51 10 63
7 23 34
4 70 28
82 28 10
59
23 86 99
39 64 95
34 66
2 54 84
54 21
86 94
66 83
28 57
80 84 57
16 98
8 99
65 88 99 61
88 85
84
94 25
37 20 45
57
10 12
67 20 33
83
48 13
20 13
12 33
33 89
21 97
41 87
87
99
46 95
95
47 85
63
38 45
45 70
40 97 22
97 30
61 15
15
64
70 22
13
89 30
25
85
30
50 98
22
98

!62