#RandomGeneratorDifficultGraph.py
# GMT Tue Jul 18 09:41:37 2023
# 
0 1 2 3 4 5 6 10 11 12 13 14 15 20 21 26 29 30 31 32 35 36 38 41 42 43 44 45 46 48 49 51 52 53 54 56 57 58 60 61 63 64 66 67 68 71 72 73 74 75 81 82 85 89 90 91 92 93 95 96 97 98
1 2 3 4 6 7 8 9 10 12 13 14 15 17 18 20 22 23 24 25 26 27 30 31 32 33 34 35 37 38 40 42 47 48 49 53 58 61 64 68 70 73 74 76 79 80 82 84 88 90 92 95 96 97 98 99
2 3 6 7 9 10 13 14 15 17 18 19 21 22 25 26 29 31 32 34 36 38 39 40 41 42 45 46 47 48 50 51 52 54 60 62 64 68 69 71 73 74 75 77 79 80 81 83 84 86 88 89 90 91 97 98 99
3 4 8 14 16 17 20 21 22 26 27 29 30 31 32 33 36 39 40 45 46 47 48 52 53 54 56 59 61 62 63 64 65 66 67 68 70 78 81 82 83 85 86 87 89 90 93 94 95 96 98
4 5 6 9 10 11 13 19 22 23 26 30 32 35 38 46 48 49 51 52 53 54 55 56 60 63 64 68 70 71 72 73 77 78 80 81 85 89 90 91 94 96 99
5 7 8 9 10 11 13 15 17 18 19 23 24 25 26 28 29 31 33 34 37 39 41 43 44 45 46 47 50 52 53 58 63 64 65 66 67 68 69 73 74 75 76 77 78 80 81 84 85 87 88 89 93 94 95 97 98 99
6 7 8 9 10 11 14 15 16 17 19 21 22 25 27 28 30 31 32 33 34 35 37 38 40 43 44 45 46 47 49 50 51 53 55 57 58 61 65 66 67 68 70 71 72 76 77 78 79 82 83 84 85 87 91 95 96 97 98 99
7 8 12 13 15 16 17 18 20 21 22 23 24 26 28 30 31 32 33 35 36 37 39 40 42 43 44 45 50 51 52 53 54 55 56 57 58 59 61 64 66 67 69 70 72 74 75 76 78 79 80 82 83 85 86 87 89 91 93 94 96 97 99
8 9 11 13 14 15 16 17 18 19 20 24 27 29 35 38 41 42 43 47 48 49 51 52 53 55 57 60 62 63 64 65 67 75 76 82 84 86 87 90 91 94 97 98 99
9 10 11 14 16 18 19 20 22 23 24 25 26 27 30 32 33 34 36 39 40 41 42 43 44 52 55 56 57 58 60 62 63 64 66 67 68 69 71 74 79 80 83 85 86 87 88 89 90 91 92 95 97 98
10 11 12 13 14 15 17 19 22 24 25 26 28 29 30 31 32 33 35 36 41 42 43 48 49 51 52 53 56 57 58 59 60 61 63 64 65 67 68 69 71 73 75 77 78 79 82 83 85 86 87 88 89 90 91 92 97 98
11 12 14 16 18 21 23 26 27 28 31 32 33 36 41 45 46 47 48 49 50 52 53 54 55 56 58 60 61 63 64 66 68 69 70 71 73 74 78 82 83 85 86 88 90 91 93 96 97 99
12 13 14 20 22 23 24 25 26 28 29 30 32 33 34 35 36 37 38 39 40 41 42 44 45 47 49 50 51 55 57 59 61 62 63 64 65 67 74 75 76 77 80 81 82 85 86 87 89 90 92 94 96 97 99
13 15 18 19 24 27 28 30 32 33 34 35 37 38 39 41 42 43 45 47 49 50 51 54 55 57 58 59 63 64 65 66 67 68 69 70 72 73 75 76 78 82 83 84 85 87 89 90 93 95 96 97 98 99
14 16 17 18 20 22 24 25 27 28 30 32 33 35 39 40 41 42 43 45 50 52 53 55 58 59 61 62 64 65 66 68 69 70 71 74 76 77 79 81 86 87 88 95 97 98 99
15 17 18 19 20 21 22 23 25 26 27 30 32 33 34 36 38 39 40 42 45 46 47 48 50 51 55 56 57 59 61 62 63 64 66 67 68 70 71 74 78 79 80 83 85 86 87 90 91 92 95 96 97 99
16 17 25 31 32 33 38 39 40 43 44 46 48 49 51 55 60 61 63 65 68 69 70 72 74 75 76 77 79 80 82 83 84 85 86 87 88 89 90 92 93 97 98 99
17 20 21 23 24 25 27 29 32 34 38 39 40 42 44 45 51 52 57 58 61 62 64 65 66 67 69 71 72 73 74 75 77 78 81 82 84 85 86 87 88 89 90 91 94 95 98 99
18 20 23 24 25 26 27 28 29 32 34 35 36 37 41 47 48 49 50 51 53 55 57 58 60 61 63 64 66 67 68 69 70 71 72 73 75 76 78 79 81 82 83 84 87 88 90 91 92 93 94 95 98 99
19 20 21 23 29 31 33 34 36 39 40 41 42 45 46 47 48 49 50 52 53 55 57 58 59 60 61 64 65 66 67 68 69 70 72 73 75 77 79 80 81 83 84 85 86 87 88 92 93 95 96 97 99
20 21 22 23 24 25 26 27 28 30 31 33 34 35 36 38 39 42 44 45 46 47 48 49 50 52 54 55 57 58 59 61 63 65 66 67 68 72 73 75 77 78 79 80 82 83 87 88 89 91 92 93 96 97
21 23 24 25 26 27 28 30 31 33 34 35 36 38 39 41 42 44 45 46 50 51 52 54 56 57 58 59 64 66 67 69 70 73 75 78 81 82 84 85 86 87 89 90 92 95 97 98
22 24 26 29 30 31 33 34 36 40 42 43 45 46 47 50 54 57 58 60 62 63 64 65 66 68 69 72 73 75 76 77 79 80 81 82 83 84 85 86 87 89 90 92 94 95 96 97 98
23 24 27 31 32 34 35 39 41 42 44 45 49 51 52 56 57 59 60 61 62 63 65 66 69 73 74 75 76 77 78 79 81 84 87 89 90 94 98 99
24 26 27 29 30 31 32 34 35 37 39 40 43 47 48 50 51 54 55 57 58 59 60 61 62 63 64 65 66 67 68 69 74 75 77 79 80 82 84 86 88 89 91 92 94 95 97 98 99
25 27 29 30 32 33 34 35 36 37 38 39 40 42 43 44 45 46 47 48 49 52 53 54 56 57 58 59 61 62 63 64 65 66 68 70 71 72 73 74 76 78 79 80 82 83 85 86 88 92 93 94 96 98 99
26 27 29 30 31 37 40 41 44 47 48 49 50 53 56 59 60 61 62 64 66 67 69 70 74 76 77 78 79 83 85 88 89 92 93 95 96 98 99
27 33 38 39 40 42 45 48 49 50 51 53 54 55 57 58 59 62 63 64 65 66 67 68 69 70 71 73 74 78 79 81 82 83 84 85 88 90 91 92 93 94 95 97 98
28 31 32 33 38 39 40 41 42 43 44 46 48 49 50 51 53 57 59 62 63 65 67 68 69 70 72 74 76 80 81 82 83 84 86 87 88 89 90 92 95 96 99
29 30 31 32 34 38 40 42 43 45 46 48 50 51 52 53 54 55 56 57 58 59 60 61 62 64 65 66 68 69 70 71 73 77 81 82 83 84 85 87 88 91 95 97 98 99
30 31 33 34 35 36 37 38 39 40 41 42 43 44 45 53 54 55 56 57 59 61 62 63 64 65 67 68 69 70 71 74 76 77 80 81 82 84 87 88 90 91 92 94 95 96 97
31 32 33 34 36 38 39 41 42 47 48 49 50 51 52 53 55 56 57 61 65 66 67 69 74 76 78 79 81 82 83 88 89 90 91 92 94 96 97 98 99
32 33 35 37 38 39 40 43 45 46 47 49 50 51 52 54 55 56 57 59 60 62 63 64 66 68 69 70 71 74 76 77 81 83 85 86 87 88 90 94 95 96
33 35 36 37 38 40 41 42 43 46 47 48 50 51 52 53 54 55 58 59 61 62 64 65 66 72 73 74 75 76 78 80 81 82 83 88 91 92 93 94 98 99
34 35 36 37 38 39 40 41 42 46 47 48 49 50 51 53 54 55 57 58 59 63 64 66 68 70 71 72 74 75 76 78 79 80 81 82 84 86 87 90 91 92 93 96 98
35 38 40 41 42 44 46 47 49 50 51 53 56 60 62 64 69 70 72 74 75 76 77 78 79 81 83 84 85 86 87 88 89 92 94 95 99
36 38 40 45 47 49 51 52 56 58 60 61 62 63 64 65 66 67 68 70 71 72 74 76 77 78 79 80 84 85 87 89 91 92 93 94 95 97 99
37 40 41 42 43 44 45 46 48 49 50 51 52 53 55 58 59 61 64 65 66 70 73 74 76 77 79 80 83 84 85 86 91 92 93 95 96
38 40 41 42 44 45 46 48 49 50 51 53 55 56 57 58 61 63 64 65 66 68 70 72 73 74 75 78 79 80 81 84 87 88 90 91 93 94 95 97
39 40 41 42 43 44 45 47 50 52 53 54 56 57 58 62 63 64 67 68 70 75 76 78 79 81 84 85 87 89 91 93 94 95 96 97 98
40 41 43 44 45 46 52 55 57 58 61 62 63 64 65 66 67 70 71 72 73 76 81 83 84 85 86 88 89 90 93 94 95 96 98 99
41 43 44 47 49 50 51 56 58 59 61 63 66 67 68 69 70 71 72 73 74 75 77 80 82 83 84 86 87 89 90 93 94 97 98 99
42 43 45 46 47 48 51 52 54 55 57 58 61 62 63 65 66 69 70 72 73 74 75 77 81 83 84 85 88 92 93 94 95 96 97 98
43 45 46 47 48 50 52 54 55 56 58 59 60 61 62 66 67 68 69 71 74 75 80 81 82 83 85 86 89 91 92 93 95 96 98 99
44 46 47 50 51 52 55 58 59 60 62 64 65 66 69 73 76 77 78 79 81 82 83 85 87 88 90 91 92 93 94 95 96 97 98
45 47 48 49 50 54 56 57 58 59 60 63 64 65 66 68 69 70 72 73 74 75 77 78 80 82 83 86 90 92 93 94 95 96 97 98 99
46 47 48 49 51 52 54 55 56 57 60 64 65 66 67 70 72 73 74 76 77 82 85 86 87 89 91 95 96 97 98 99
47 48 49 50 51 52 56 57 58 59 61 62 66 67 69 70 75 76 78 79 81 82 83 84 85 86 87 90 91 92 93 96 97
48 49 50 51 52 53 54 55 56 57 61 62 66 67 68 69 70 72 76 77 78 79 80 81 82 83 85 86 87 90 91 94 97
49 50 51 52 54 55 57 58 60 63 66 67 68 71 72 74 75 77 78 79 80 81 83 84 87 88 89 91 93 94 95 96 97 98 99
50 53 57 59 60 61 62 64 66 67 70 71 75 76 77 78 82 86 87 91 94 95 98 99
51 54 55 57 59 60 61 62 63 64 67 68 69 71 72 73 74 75 76 77 79 83 87 89 90 91 92 93 98 99
52 53 54 55 56 57 58 59 61 62 64 69 70 71 72 75 76 77 78 80 81 82 85 86 87 90 91 92 93 95 97 98 99
53 56 57 58 59 61 62 63 65 66 67 68 69 70 71 74 75 77 78 80 81 83 84 85 86 88 92 95 96 99
54 56 57 58 63 66 67 68 69 74 76 78 80 81 83 86 87 88 89 90 91 92 93 96 97 98
55 56 57 58 59 62 63 65 66 67 69 72 73 76 77 78 79 81 82 84 87 88 89 90 94 98 99
56 57 58 59 60 61 62 64 65 67 70 71 72 74 75 76 77 79 80 81 83 86 87 89 90 93 97 98 99
57 58 59 61 63 66 68 69 70 72 73 74 75 79 82 84 85 87 89 92 93 94 95 96 97 98 99
58 60 63 64 65 67 68 69 71 72 73 76 77 79 81 82 83 84 86 88 89 90 91 92 94 96 97 98
59 61 62 63 67 68 70 72 76 77 79 80 81 82 84 86 87 89 90 91 92 95 97 99
60 61 62 65 66 67 68 69 70 73 75 76 80 82 83 84 86 87 88 89 90 92 93 95 96 97 98
61 64 66 67 70 73 74 75 77 78 79 81 85 89 90 92 93 94 98
62 64 67 68 69 70 71 74 76 77 78 80 81 82 83 85 88 89 92 93 95 96 99
63 64 67 69 74 77 78 80 83 84 86 87 88 90 91 93 95 96 97
64 65 67 68 69 71 72 73 74 75 76 78 81 82 84 86 87 89 90 94 96 97 98 99
65 66 67 69 73 74 75 76 77 79 80 82 84 85 88 89 90 91 93 94 98 99
66 70 71 73 74 75 76 77 78 79 85 86 87 88 89 91 92 93 94 96 99
67 71 72 75 76 78 80 82 83 84 85 86 87 89 90 92 95 96 97 99
68 69 70 71 72 73 74 75 78 83 85 89 91 95 97 99
69 70 71 72 73 74 75 76 77 78 82 83 84 86 87 88 89 90 95 98 99
70 71 72 73 74 75 77 78 79 80 82 83 86 88 89 90 92 93 94 97 98
71 72 73 74 76 77 78 79 81 82 83 85 88 89 93 94 96 97 99
72 73 78 81 83 84 86 88 89 91 92 93 99
73 75 76 78 79 82 83 84 86 87 88 91 92 93 95 97 98
74 75 76 80 81 84 85 86 87 88 89 90 92 97
75 76 78 80 81 82 83 84 85 87 89 94 96 97 99
76 81 82 83 85 88 89 90 92 94 96 97
77 79 80 81 82 83 87 88 90 93 94 95 97 98
78 79 80 81 82 83 84 85 90 94 96 97 99
79 83 85 86 89 90 95 98 99
80 81 82 84 85 86 87 88 89 91 92 93 94 96 97 98
81 82 83 90 91 93 95 96 97 98 99
82 83 84 85 86 89 93 94 96 97 98
83 85 86 87 90 91 93 96 97 99
84 85 86 87 88 90 91 94 96 97 99
85 87 88 89 91 93 94 95 98 99
86 87 93 95 96 97 98
87 88 89 91 94 95 96 99
88 90 91 95 96 97 99
89 90 92 93 96 98
90 91 93 94 95 98 99
91 93 95 96 98
92 93 95 99
93 95 96 97 98 99
94 97 99
95 96 97 98 99
96 97
97 99
98
99

!93