#RandomGeneratorDifficultGraph.py
# GMT Tue Jul 18 16:25:26 2023
# 
0 5 25 29 45 50 62 64 73 90 96
1 28 30 31 38 54 63 79 84 90 91 95 98
2 7 13 14 16 51 52 58 73 94 96
3 4 9 11 12 13 15 57 59 63 80 90
4 19 21 24 37 42 47 62 66 71 72 76 83 94
5 26 32 45 46 60 64 65
6 24 37 57 59 60 61 70 90 93 94 99
7 15 20 41 61 62 65 70 81 90 92
8 10 27 41 51 57 60 61 69 85
9 21 24 26 27 40 41 50 62 65 68 88 94
10 13 43 48 52 57 59 62 63 65 81 98
11 12 18 24 25 52 55 71 86
12 16 61 70 78 81 94 96
13 16 23 27 50 53 64 85 89 94
14 15 26 32 33 35 44 45 57 59 76 88 91 95 97
15 20 24 34 39 50 61 62 70
16 24 30 46 50 60 62 70
17 21 25 33 45 67 73 85
18 24 33 37 59 80 82 96 97
19 22 37 47 52 64 67 69 71 79 92 95
20 36 37 55 56 75 95
21 22 27 36 65 81
22 41 45 66 67 85 88 99
23 29 31 34 51 55 67 73 85
24 27 32 81
25 29 45 58 69 77 89 98
26 40 56 73 83 85 90 92 94
27 28 43 50 57 70 75 77 86 87 96
28 46 57 58 65 80 87 89 92 93
29 34 53 54 79
30 40 50 55 56 66 81 91
31 34 42 44 48 74 76 78
32 37 48 50 53 54 55 66 70 75 78 85 93
33 38 51 78 91 93
34 67 83 94
35 37 48 52 58 65 86 99
36 55 68 73 85 90
37 42 87 92 97
38 52 54 60 73 84 89 95 97
39 45 60 63 68 76 77 78 82 89 90
40 50 52 56 58 64 87 98
41 53 74 76 93
42 43 77 79
43 44 46 93 96
44 49 58 61 76 98 99
45 57 64 68 80 82 89 97
46 49 50 52 66 70
47 57 83
48 56 58 63 71 77 84 85
49 69 81 82 93 99
50 51 74
51 63 69 73 75 78 81 86 89 90
52 64 66 68 73 76 81 82 84 89 93 97 99
53 67 71 75 83 96
54 57 59 69 77 79 86 88 91 93 96
55 67 75 77 80 91
56 66 67 86 93 94
57 63 83 93
58 59 60 75 80 81 98
59 64 75 80 89 90
60 81 87
61 70 84 85 86 91
62 69 78 80 93 97 99
63 65 84 90 99
64 73 82
65 75 78 80 86 91
66 73 76 94 99
67 82 83 84 86
68 94
69 71 89
70 91 92 97
71 87 89 93
72 73 79 86 87
73 79 82 84 90 94
74 84 94
75 79
76 90 91 98
77
78 96
79 82 95
80 88 98
81 98
82 99
83 91
84
85 86 92
86 87
87 95 96
88 90 99
89
90 97
91
92 94
93 98
94
95 96
96
97 98
98
99

!77