#RandomGeneratorGraph.py
# GMT Thu Jul  6 08:51:43 2023
# 
0 1 2 3 4 5 6 7 8 10 11 13 14 21 22 23 24 26 29 31 33 34 35 36 38 39 40 41 42 43 46 47 48 49 50 52 54 55 56 57 58 59 60 62 63 64 67 69 73 74 76 77 78 79 80 82 83 85 88 89 91 94 97 98 99 100 101 103 106 107 108 109 111 112 113 116 118 119 120 121 122 123 125 126 127 130 132 133 134 135 136 138 139 141 144 145 146 147 148 149
1 2 3 4 5 6 7 8 9 11 15 16 18 19 20 21 22 23 24 25 26 27 29 30 32 34 35 36 37 38 40 41 42 44 45 46 47 48 50 51 52 55 56 57 59 60 62 63 64 66 68 69 71 72 74 75 76 77 78 80 81 82 83 86 87 88 89 90 91 93 94 96 97 98 99 100 101 103 104 105 106 107 108 111 118 119 120 121 122 124 126 128 129 130 131 133 134 135 136 137 138 139 140 141 143 145 146 147 148
2 3 4 6 7 8 10 11 12 13 14 15 16 18 19 21 22 23 26 27 29 30 31 32 33 34 35 36 37 38 42 43 44 49 50 51 52 53 54 55 57 58 59 60 61 62 64 67 68 70 73 74 75 76 77 78 80 81 82 83 84 85 86 89 90 91 92 93 95 96 97 98 99 100 102 103 104 106 107 110 111 112 113 114 115 117 119 120 121 122 123 126 127 128 129 130 131 132 133 134 135 138 139 140 141 142 143 145 146 148 149
3 4 5 6 7 9 10 11 13 15 16 18 20 22 24 25 27 28 29 30 31 35 37 39 40 41 43 45 46 47 48 50 51 53 54 55 57 58 59 62 64 66 67 68 69 70 71 72 73 74 75 76 77 78 79 80 82 83 84 85 86 87 88 89 90 91 92 93 95 96 97 98 99 100 101 102 103 104 106 108 109 110 111 114 115 116 118 120 121 123 125 126 127 128 129 130 131 136 137 138 140 141 144 146 147 149
4 6 7 9 10 11 13 14 15 17 19 20 22 25 27 28 29 32 33 34 35 36 37 40 41 42 43 47 48 49 50 52 53 54 55 56 57 58 59 60 63 65 66 68 70 71 74 75 77 78 80 81 82 84 85 89 91 92 93 95 99 100 102 103 104 107 108 109 110 111 112 114 117 119 121 122 124 125 126 127 128 130 132 133 134 135 137 139 141 142 146
5 6 7 8 12 13 14 15 16 17 18 19 20 23 24 25 26 27 28 30 32 33 34 35 36 37 39 40 42 43 44 45 46 53 55 56 57 58 60 63 64 66 67 69 70 71 72 74 75 77 78 79 80 82 83 85 86 87 88 89 90 91 92 93 94 95 96 98 99 100 102 103 104 106 108 109 111 112 113 114 115 116 117 119 120 121 122 124 125 128 129 130 134 135 136 137 140 141 142 143 144 145 146 147 149
6 7 10 11 12 13 15 16 18 19 20 21 23 24 25 26 31 32 35 36 38 39 40 41 42 46 47 49 50 51 52 53 55 56 57 58 59 60 62 63 64 67 68 70 71 73 75 76 79 80 81 82 83 84 86 87 88 89 94 95 96 97 98 99 100 101 102 104 106 107 108 109 111 112 113 114 116 117 118 119 121 122 124 125 126 127 129 130 132 133 134 135 136 137 138 141 142 143 144 145 146 148 149
7 8 9 10 11 13 14 15 17 21 22 23 24 25 26 27 30 31 32 33 34 38 40 42 43 44 45 46 47 50 51 54 56 57 59 61 64 65 66 68 69 74 75 76 77 78 79 81 82 84 85 86 87 90 91 92 93 96 98 101 102 106 107 109 110 112 113 114 116 118 122 123 125 128 129 130 131 133 136 137 138 140 141 142 143 144 145 146 147
8 9 10 11 13 15 16 17 18 20 21 25 28 30 32 34 35 36 38 39 40 41 42 43 44 45 47 48 49 50 51 52 53 56 57 58 59 60 62 63 65 66 67 68 70 71 72 74 75 76 77 78 79 82 84 86 88 89 90 91 92 93 94 97 98 99 100 105 106 108 109 110 111 112 113 114 115 117 119 120 121 122 124 125 126 127 128 130 131 132 133 135 137 138 141 142 143 144 146 147 148 149
9 10 11 12 13 16 18 20 22 23 24 26 27 28 29 30 31 32 33 34 35 39 42 43 46 47 48 49 54 55 56 57 58 59 60 64 65 66 71 74 75 76 78 79 80 81 82 83 84 85 86 87 88 89 90 91 92 93 94 95 96 97 103 104 106 107 108 109 110 112 113 114 115 116 117 118 119 120 121 125 126 128 129 132 133 134 135 136 137 138 139 140 141 142 143 144 145 146 147 148 149
10 11 12 13 14 16 18 19 20 21 25 29 35 36 37 38 39 41 43 44 45 47 48 49 50 51 55 56 58 59 61 62 63 64 66 67 69 70 71 72 73 74 75 76 77 78 79 80 81 82 83 84 85 86 87 88 89 90 91 92 93 95 96 97 101 102 103 105 106 107 108 109 110 111 112 113 114 115 116 117 121 122 123 124 127 128 129 130 131 132 133 134 135 136 137 138 141 142 143 144 145 147 148 149
11 12 14 15 16 17 18 19 22 23 24 26 28 29 30 32 33 35 38 39 40 42 46 47 48 49 51 52 53 54 55 56 58 60 61 63 64 66 67 68 70 73 75 77 78 79 82 83 84 86 89 93 94 95 96 97 98 99 100 102 103 104 106 107 111 112 113 115 117 120 121 122 123 125 126 129 130 131 132 133 134 135 136 137 141 142 143 144 146 147 148
12 13 15 16 17 18 19 21 22 23 24 25 26 28 29 34 35 36 37 38 40 41 43 44 45 46 47 48 49 50 51 53 54 55 56 57 60 61 62 63 64 66 67 68 69 70 72 73 74 75 78 82 83 86 87 88 89 90 91 92 94 95 96 97 98 99 100 101 103 105 108 111 112 113 114 115 116 117 121 122 123 125 126 127 128 129 130 132 133 135 137 139 140 142 143 146 147 148
13 14 15 16 17 18 19 20 21 23 25 26 30 31 32 33 34 37 38 40 41 42 43 44 45 46 47 48 51 52 53 54 55 57 58 59 60 61 62 63 65 66 68 69 70 71 72 73 74 77 78 80 81 83 84 86 87 88 89 92 94 96 99 100 103 104 105 106 107 109 112 113 114 115 116 117 118 119 120 121 122 123 125 126 127 129 130 132 135 136 138 141 143 144 145 146 148
14 16 18 19 20 21 23 24 25 27 28 30 31 33 34 35 36 37 38 39 42 43 44 45 46 47 48 49 50 51 52 56 58 59 60 61 63 64 65 66 67 68 69 70 71 72 73 74 75 77 78 79 80 82 83 84 86 88 90 92 98 99 100 102 103 104 105 108 109 110 111 112 113 115 116 119 121 122 123 124 125 126 127 128 129 131 134 141 142 144 146 147 148
15 18 20 21 23 25 27 28 29 31 33 34 35 37 40 41 42 43 47 48 49 50 52 53 54 55 56 58 61 62 63 64 65 66 67 68 69 71 72 73 74 75 76 77 78 80 81 82 83 85 86 87 89 90 91 94 96 98 99 103 104 106 107 108 109 110 111 112 113 114 115 116 117 118 119 120 121 123 124 126 127 128 130 131 132 133 135 136 137 138 140 141 143 144 145 146 148 149
16 17 19 20 21 22 24 25 28 29 30 31 32 33 34 36 37 38 39 40 41 42 43 44 46 47 48 52 53 54 55 59 60 61 62 64 65 67 70 71 72 75 76 77 79 82 83 84 85 86 87 88 90 93 96 97 98 100 101 102 103 104 105 106 107 110 112 114 115 119 121 122 123 124 126 127 128 129 130 131 134 135 136 141 142 143 144 145 146 147 149
17 21 22 23 24 25 26 27 28 29 30 33 35 37 38 42 43 44 45 46 47 48 49 51 56 57 58 62 63 64 65 66 67 68 69 71 73 74 75 77 78 79 80 81 82 83 84 85 86 87 88 89 90 91 92 93 94 95 96 97 98 101 105 107 108 109 110 112 113 114 116 117 118 119 120 121 124 125 126 130 131 133 134 135 136 138 139 140 142 146 149
18 19 20 21 22 23 24 25 27 29 30 31 32 33 37 38 39 40 41 42 43 46 47 48 49 50 51 52 53 54 55 56 58 59 62 64 65 66 68 69 71 73 74 75 76 77 78 79 80 81 83 84 85 86 87 88 89 90 91 93 94 95 96 99 101 102 103 104 107 111 112 113 114 115 118 119 120 121 122 123 125 128 129 130 132 133 135 136 137 138 139 141 142 143 146 147 148 149
19 20 22 24 26 27 28 29 30 31 32 37 39 40 42 43 44 45 47 49 50 52 53 54 55 56 57 58 59 61 64 65 66 67 68 69 70 72 73 75 76 78 79 80 81 83 84 85 86 87 89 90 92 93 95 96 98 99 100 101 102 103 104 105 106 109 110 112 113 115 116 117 118 119 120 121 123 124 125 126 128 130 131 133 134 135 136 138 139 140 141 142 144 145 146 147 148 149
20 21 22 23 24 25 26 27 28 29 33 37 38 40 41 44 45 46 48 49 50 51 55 56 58 61 62 63 65 68 69 71 72 73 74 77 78 79 80 81 82 83 84 85 86 87 88 89 90 91 92 93 94 96 100 101 102 103 104 105 106 107 108 110 111 114 118 119 120 121 122 123 125 126 127 128 129 130 131 133 135 136 138 141 143 144 145 146 148
21 24 26 27 28 29 30 31 32 33 34 35 36 37 38 39 42 43 44 46 47 48 49 50 51 53 54 56 57 58 59 60 61 62 63 64 66 68 69 72 74 75 76 77 78 82 83 84 85 86 87 88 90 91 92 93 94 95 96 97 98 99 100 102 103 104 107 109 110 111 113 114 115 116 117 120 121 122 123 124 125 126 128 129 130 133 135 137 138 139 140 142 144 147
22 23 25 26 28 30 32 33 34 35 36 37 38 39 40 42 43 46 48 49 50 51 52 54 55 56 57 58 59 60 61 62 63 64 65 66 67 68 69 70 71 74 75 76 79 80 81 83 84 85 87 90 91 92 94 95 96 97 98 99 100 101 102 104 106 108 109 110 111 112 113 114 115 116 117 118 123 124 126 127 129 130 131 132 134 135 136 137 141 142 143 145 147 148 149
23 25 26 27 28 29 30 31 32 33 34 35 39 40 41 42 43 45 46 47 48 50 51 52 53 54 55 56 57 58 59 60 61 62 63 64 66 68 69 70 71 72 73 77 78 79 80 82 83 84 85 86 88 89 91 92 93 94 95 98 99 100 101 104 105 106 107 108 109 113 114 115 117 118 119 120 123 125 127 128 130 131 133 134 135 137 138 139 141 142 144 145 147 148 149
24 26 27 29 30 31 32 34 35 37 38 41 42 44 47 48 50 51 56 58 59 60 61 63 65 66 69 70 72 74 75 76 77 78 79 80 81 82 83 84 85 88 89 91 92 93 95 96 97 100 101 103 105 106 107 109 110 111 112 113 114 115 117 118 119 120 121 123 125 126 127 129 130 131 132 133 134 136 137 139 140 142 143 144 146
25 27 28 31 32 33 34 40 41 42 45 49 50 51 52 53 54 55 60 61 62 63 65 67 68 69 71 72 74 75 77 78 80 83 86 87 88 90 91 92 94 97 99 100 103 104 106 107 109 110 111 112 113 117 119 120 122 124 125 126 127 128 129 131 133 135 136 137 138 140 141 144 145 148 149
26 27 31 33 34 36 37 39 40 43 44 46 49 50 52 53 54 55 56 57 58 60 62 63 64 65 66 67 68 69 70 72 73 74 75 77 78 81 82 84 85 86 87 89 90 91 92 93 94 95 97 98 99 100 102 103 106 107 108 110 111 112 114 115 117 119 121 122 124 125 127 128 131 132 133 134 136 138 139 140 141 143 144 145 146 147 148
27 28 29 30 33 34 35 36 37 38 42 43 45 46 47 48 49 50 51 52 53 54 56 59 60 61 62 63 64 65 66 68 69 70 71 72 74 75 76 77 78 79 80 83 84 86 88 89 90 91 92 93 95 96 97 99 100 101 103 104 105 106 107 108 109 111 114 116 117 119 120 121 122 124 125 126 127 129 131 132 135 137 138 142 143 144 145 146 148 149
28 29 30 31 32 33 34 36 37 39 40 41 42 43 44 45 48 49 50 51 52 53 55 57 58 59 60 61 62 63 64 65 66 67 69 70 71 72 73 75 76 78 79 81 82 83 84 85 86 87 89 90 91 92 94 95 97 98 99 101 102 103 106 107 108 109 110 111 112 115 116 118 120 121 122 123 124 125 127 129 130 132 134 136 137 138 140 142 145 146
29 30 32 34 35 36 38 39 40 42 43 44 45 46 47 48 49 55 56 58 60 61 63 65 66 68 70 72 73 74 75 78 79 80 82 83 85 86 87 88 89 91 94 95 97 98 99 100 102 103 104 106 110 111 112 113 114 117 118 122 124 125 126 127 128 129 130 131 132 133 134 135 136 137 139 142 143 144 145 147 148
30 33 34 36 37 38 39 41 43 44 47 50 51 52 54 55 56 57 59 60 61 63 64 65 66 67 68 69 70 71 72 73 74 75 76 77 78 79 81 82 83 84 85 86 87 88 91 92 93 95 96 97 98 99 100 104 105 109 110 111 112 113 115 116 117 118 120 124 125 128 129 130 131 132 133 134 135 136 137 138 139 140 141 142 143 146 149
31 32 33 34 35 36 38 39 41 45 46 50 52 53 54 55 56 58 61 64 65 66 67 68 69 70 71 73 74 76 77 78 79 80 82 84 86 87 88 89 92 93 96 97 98 99 100 103 105 107 108 111 113 115 116 117 119 120 122 123 125 130 131 132 134 135 136 137 138 139 141 142 143 144 147
32 34 35 36 37 41 42 44 45 46 48 49 50 51 54 55 56 61 68 69 70 71 72 74 75 76 77 78 79 80 82 83 84 85 87 88 89 90 93 95 96 97 98 101 102 103 105 107 108 109 110 111 115 116 117 118 119 121 125 126 131 133 135 136 137 138 139 141 143 144 147 148 149
33 34 35 37 39 40 41 42 44 47 48 49 50 55 56 57 58 59 60 63 64 65 67 68 69 70 71 72 73 74 75 76 77 78 79 80 82 86 87 88 89 90 91 92 93 95 96 97 98 99 100 101 102 103 104 105 107 108 111 118 120 121 122 123 124 126 127 128 129 134 135 136 137 138 139 140 143 144 145 146
34 35 36 37 38 39 40 43 44 45 46 48 49 50 53 54 55 56 57 58 60 61 62 64 66 67 68 69 70 72 74 76 78 79 80 81 83 84 86 87 88 89 92 93 94 95 97 100 101 102 103 104 106 108 109 110 112 114 118 119 120 121 122 125 127 128 129 130 131 133 134 135 137 138 139 140 141 143 145
35 36 37 38 40 41 43 44 45 46 47 48 49 52 54 56 57 58 62 64 65 66 68 69 71 72 73 74 75 76 78 79 80 81 82 84 85 89 90 91 92 93 94 95 96 98 99 100 101 102 103 104 105 108 109 110 111 113 116 119 120 121 122 123 125 126 127 129 130 131 132 134 135 137 141 145 146 148 149
36 37 38 39 40 41 43 45 46 47 48 49 50 51 56 57 58 59 60 61 63 66 67 69 71 72 73 74 76 77 78 80 82 83 84 86 87 88 92 93 94 98 99 100 102 103 104 105 106 107 108 114 115 116 119 120 125 127 128 129 130 131 132 133 135 136 137 139 140 141 142 143 144 146 148 149
37 38 39 40 41 42 44 45 46 47 48 50 51 52 53 54 55 57 58 61 62 63 64 65 67 68 69 70 71 74 75 76 77 78 79 80 81 82 83 85 87 88 89 91 93 96 97 98 99 100 103 104 105 108 109 112 113 115 116 117 118 119 120 121 122 123 124 125 126 127 128 130 132 133 134 135 136 137 138 139 141 142 145 146 147 148
38 39 40 41 42 44 47 48 49 51 52 53 54 55 56 58 61 62 64 65 66 68 70 71 73 74 75 77 78 80 81 82 83 84 85 86 87 89 90 91 93 94 95 97 98 99 100 102 104 105 107 109 110 111 112 113 114 115 116 117 118 119 120 121 122 123 124 125 126 127 128 129 130 131 132 133 136 137 138 141 143 144 147 148 149
39 40 41 43 45 46 47 48 50 52 54 55 56 59 60 62 65 66 68 70 71 72 73 74 76 78 80 82 83 85 86 87 88 93 94 96 99 100 101 102 103 104 105 106 107 109 112 113 114 115 117 119 120 121 122 125 126 127 128 129 131 132 133 134 135 137 138 139 140 141 142 143 145 147 148 149
40 41 42 43 44 46 47 48 50 52 54 55 56 57 58 59 61 62 63 64 65 66 67 68 70 71 73 74 77 78 80 81 82 83 84 85 86 89 90 91 92 93 95 96 97 98 100 101 102 103 104 105 106 107 108 110 111 113 114 115 116 117 118 119 120 121 122 123 124 125 126 127 130 132 133 134 136 137 139 140 142 147 149
41 42 44 45 46 47 48 49 50 51 53 54 55 56 57 58 60 64 65 66 68 70 72 75 76 78 79 80 81 82 83 85 87 88 89 90 91 93 95 96 97 98 99 101 104 105 108 109 110 112 113 114 115 116 117 118 119 120 121 123 124 125 126 127 128 129 130 131 132 133 134 135 136 139 141 142 143 145 147 148 149
42 43 45 48 49 50 51 54 55 56 57 58 59 61 63 64 65 68 69 70 71 72 73 75 76 78 82 84 85 87 89 90 91 93 94 95 97 98 99 101 102 103 104 105 108 109 110 111 112 114 117 118 121 122 123 124 125 127 129 130 132 133 134 136 137 138 139 141 142 143 144 147 149
43 45 46 50 52 54 56 57 58 59 60 62 63 64 65 67 68 69 70 71 73 74 76 77 79 81 83 85 86 88 90 91 94 96 97 98 99 100 101 103 104 105 107 109 110 112 113 115 116 117 118 119 120 121 123 124 125 127 128 129 130 131 132 134 135 136 137 138 139 142 143 144 146 147 148 149
44 45 46 48 52 54 55 57 58 59 61 62 63 65 66 67 68 70 71 72 76 77 78 79 80 81 82 83 84 88 89 90 91 92 93 94 95 96 99 103 105 106 107 108 110 111 113 114 115 116 117 118 120 121 122 124 125 128 129 130 131 134 135 137 138 139 140 141 143 144 145 146 148
45 46 48 49 51 52 55 58 59 60 62 63 64 65 66 68 69 70 71 75 76 78 81 82 84 85 86 87 90 91 92 93 94 95 97 98 99 100 102 105 106 107 108 111 112 114 116 117 118 119 120 121 123 124 125 126 128 130 131 132 134 135 137 138 139 140 141 142 143 145 146 147 148 149
46 47 48 50 51 52 53 54 56 58 60 61 62 63 64 66 73 74 75 76 77 78 79 80 81 83 84 85 86 87 90 91 94 95 96 97 100 101 102 103 104 105 108 109 110 111 112 113 114 115 117 118 119 120 122 123 126 127 128 129 132 134 135 136 138 139 140 143 145 147 149
47 48 49 50 51 53 55 56 58 59 61 62 63 64 65 67 68 69 70 71 76 77 78 79 80 82 84 85 87 88 91 92 98 101 103 104 106 107 110 113 114 115 116 118 119 120 121 123 125 126 128 129 132 133 134 135 138 139 141 143 144 145 146 149
48 49 51 52 53 54 55 56 57 58 59 60 62 63 65 66 67 68 69 70 71 73 74 76 77 78 79 80 81 82 83 84 85 86 87 88 90 91 93 95 96 97 98 101 102 103 104 106 107 109 110 111 113 114 115 118 119 121 123 124 126 129 130 131 133 134 136 139 140 141 142 143 144 148 149
49 50 51 52 54 55 56 57 58 59 60 65 66 68 69 71 74 75 79 80 82 83 84 85 86 87 88 90 91 92 93 95 96 98 99 100 102 103 106 107 108 110 111 113 115 117 118 119 120 121 122 123 124 125 127 128 129 130 131 133 136 139 141 142 144 146 147 148
50 52 55 56 57 58 61 64 65 66 67 69 70 72 73 76 77 79 81 82 83 84 85 86 87 88 90 91 92 93 94 96 98 99 101 103 104 106 107 109 110 111 112 113 114 115 116 117 118 119 120 121 122 123 125 126 127 128 129 130 131 135 136 137 138 139 140 141 142 144 147 148 149
51 52 53 54 56 58 59 60 61 62 63 64 65 66 67 69 71 72 74 76 77 79 80 81 82 86 89 90 91 92 93 95 96 97 98 99 100 101 103 104 105 107 108 110 112 113 114 115 116 117 118 119 120 121 122 123 129 130 131 132 134 135 136 137 139 140 143 144 145 146 148 149
52 54 55 56 58 59 60 61 62 63 65 66 68 69 72 73 74 75 76 79 80 81 82 83 84 86 87 91 94 97 99 103 104 105 107 109 110 111 112 115 116 117 118 119 121 123 124 125 126 128 129 131 132 133 134 136 138 140 141 142 143 144 145 148 149
53 55 57 58 59 61 62 63 64 65 67 69 70 71 74 75 76 79 80 81 84 86 89 91 92 93 94 95 96 98 99 100 101 103 104 105 106 107 108 110 111 112 114 115 116 117 118 119 121 123 124 125 126 127 128 129 130 131 132 133 134 137 140 141 142 144 145 146 147 148
54 55 56 57 58 59 61 62 64 65 66 67 68 69 71 72 74 76 77 78 79 80 81 82 86 87 89 90 93 94 96 98 100 102 104 105 108 109 111 114 115 116 118 119 121 123 126 128 129 131 132 133 135 137 138 139 140 141 144 145 146 147 148 149
55 56 57 58 59 60 61 62 63 65 66 67 68 70 71 75 76 78 80 81 82 84 85 86 88 89 90 92 93 94 95 96 98 100 103 104 106 107 108 110 111 112 113 114 118 119 120 121 122 125 126 127 128 129 132 133 135 136 138 139 140 141 143 144 145 146
56 57 58 59 61 62 63 64 66 69 71 74 75 76 77 78 79 80 81 82 83 84 85 86 88 90 93 94 95 96 97 98 100 101 102 103 106 107 109 111 112 115 118 119 120 122 123 126 127 128 131 133 134 135 136 137 138 141 142 143 145 146 147 148 149
57 58 59 60 61 63 64 67 68 71 72 73 75 76 77 78 79 80 81 82 83 84 87 88 89 90 91 94 95 96 97 98 99 102 103 105 106 107 108 109 112 113 116 118 119 121 122 126 127 128 129 130 131 132 133 134 137 139 140 142 143 144 145 146 148
58 61 62 63 65 66 71 72 73 75 77 78 80 82 87 88 89 90 91 92 94 95 96 98 99 100 103 105 106 108 109 111 112 113 115 116 117 118 119 120 122 124 125 126 127 129 130 131 132 135 136 137 138 139 140 143 145 146 147 148 149
59 60 61 62 63 64 66 69 70 71 73 74 76 77 78 79 81 82 83 84 85 86 89 90 91 94 95 96 97 98 99 100 102 104 106 107 108 109 110 112 114 115 116 118 120 123 125 127 128 129 131 132 136 137 138 140 141 142 143 144 145 147 149
60 61 62 64 65 67 68 70 73 74 75 76 77 78 79 80 81 83 84 85 87 88 89 91 92 93 94 96 100 101 102 103 104 105 106 107 108 109 110 111 112 113 115 116 120 121 122 123 124 125 126 130 131 132 134 135 136 137 139 141 142 144 146 147 148 149
61 62 63 65 67 70 71 72 74 75 78 79 81 83 85 86 88 89 90 91 92 96 99 100 102 103 104 105 106 107 108 109 111 114 116 117 118 120 122 123 124 125 126 127 129 132 135 136 137 138 139 141 142 143 144 145 147 148 149
62 63 65 66 67 68 69 70 72 74 75 76 77 79 80 82 83 84 85 87 88 90 91 92 93 94 96 98 99 102 103 104 106 108 109 110 113 114 115 116 118 119 120 121 122 124 126 127 131 132 133 134 135 136 138 140 141 142 143 144 146 147 148 149
63 64 65 66 67 69 71 72 73 74 75 76 77 78 79 80 81 82 84 87 89 90 91 92 93 94 95 96 97 98 99 100 102 104 105 107 108 110 111 112 115 116 117 119 122 123 124 125 127 129 130 131 132 134 135 137 139 141 144 146 148 149
64 66 67 70 71 73 74 75 79 81 84 85 86 87 88 89 90 92 93 95 97 98 99 100 101 102 105 106 107 108 109 110 112 115 116 117 118 119 120 121 122 123 124 125 126 128 129 130 131 132 133 136 140 142 143 144 145 146 147 148 149
65 66 67 68 69 70 72 73 74 78 79 80 82 90 91 92 93 94 95 96 97 98 99 100 101 103 104 105 106 107 109 112 113 116 117 118 119 120 123 124 125 127 128 129 130 131 132 133 134 135 136 138 140 141 142 143 144 145 147 149
66 67 68 72 73 75 76 77 78 79 80 82 85 86 87 88 89 91 92 94 95 97 98 99 100 101 103 104 106 107 108 110 113 114 115 116 118 119 121 124 126 127 129 131 132 133 135 136 137 138 139 140 143 145 147 148
67 68 69 72 74 77 78 81 82 85 86 87 88 89 90 91 93 94 95 98 100 101 102 103 104 105 106 107 108 109 110 111 113 116 117 118 120 121 122 123 124 126 127 128 130 131 134 137 142 143 145 146 147 148 149
68 70 73 74 76 77 79 80 82 83 84 85 86 88 90 91 92 93 94 95 97 99 100 101 103 104 105 107 108 109 111 112 113 114 116 118 119 120 121 122 127 128 129 130 131 132 133 134 135 136 137 138 139 141 145 146 147
69 70 73 78 79 80 81 82 83 84 86 88 89 90 91 92 93 94 96 97 99 100 101 102 103 105 106 107 108 109 110 111 112 113 115 116 117 120 121 123 126 127 128 129 130 131 132 135 136 137 140 141 142 143 144 146 147 148
70 71 72 73 74 76 79 81 82 83 84 85 86 91 93 94 95 96 97 98 99 100 101 102 105 106 107 108 112 113 114 116 117 118 119 120 123 124 127 128 130 131 132 134 136 137 138 140 141 142 143 144 145 147 148 149
71 73 74 75 76 77 78 79 80 81 84 86 87 88 90 91 92 93 94 95 98 99 101 103 105 107 111 112 113 114 118 119 123 124 126 128 129 130 131 132 133 134 136 137 138 139 141 142 143 147 148
72 74 76 77 78 79 80 81 82 83 87 88 89 90 91 92 93 94 95 96 98 102 103 105 106 107 108 109 111 113 114 115 116 117 118 119 122 124 125 126 127 128 129 130 131 132 134 135 136 137 139 140 141 142 143 145 147
73 74 75 76 78 80 81 82 83 84 85 86 87 88 90 91 92 93 96 97 99 100 101 103 105 107 110 111 112 113 114 116 117 118 120 121 122 124 125 126 127 128 129 131 132 133 134 135 136 137 139 140 141 142 143 144 145 146 147 148 149
74 75 76 78 79 81 82 83 84 85 86 87 88 89 90 91 92 94 95 96 99 100 102 103 104 106 107 110 114 116 117 118 119 120 122 123 124 125 126 128 130 131 132 133 134 135 136 139 141 142 143 144 145 146 147 148 149
75 76 77 78 79 80 81 82 83 84 87 88 89 90 92 93 94 95 96 99 100 101 102 104 105 107 110 112 115 116 117 118 119 120 123 124 125 126 127 128 129 131 132 133 134 135 136 138 142 143 144 145 147 148 149
76 77 79 80 81 82 83 84 85 88 89 91 94 95 96 97 98 100 101 102 105 107 108 109 110 112 113 114 116 117 118 119 120 121 123 124 125 127 129 130 131 132 134 135 139 140 141 143 144 145 147 148 149
77 78 79 80 81 83 84 85 87 88 89 91 92 93 94 96 99 100 101 102 104 105 106 108 109 110 112 116 118 119 120 121 123 124 125 126 127 129 130 131 134 135 136 137 138 139 140 142 144 146 147 148 149
78 79 81 83 84 85 87 88 89 92 95 96 98 99 100 102 103 104 105 107 108 110 112 115 117 118 119 120 121 123 124 126 128 129 130 131 133 135 136 137 139 142 143 144 145 147 149
79 80 82 83 84 87 89 91 93 94 95 96 97 98 99 100 101 102 104 105 106 107 109 110 111 112 113 114 115 116 117 118 121 122 123 124 125 128 129 130 131 132 135 140 142 143 144 147 149
80 81 82 83 84 85 86 89 91 94 95 96 97 100 101 102 105 106 107 110 111 112 114 115 117 119 120 121 122 123 124 126 127 128 129 131 132 134 137 138 139 140 141 142 143 144 145 146
81 82 83 85 86 88 89 90 91 92 93 94 95 96 97 98 99 101 102 103 104 105 106 107 108 109 110 111 112 113 114 115 116 118 119 120 121 122 124 125 126 127 128 129 130 131 132 134 135 137 140 141 142 143 144 148
82 83 86 87 88 89 91 94 95 96 98 100 101 102 104 106 107 108 109 110 113 114 115 117 118 119 122 123 125 127 128 129 130 131 132 134 136 138 140 141 142 144 147 148
83 85 86 87 88 89 90 92 93 94 95 98 99 101 105 107 109 110 111 113 115 116 117 118 119 121 122 123 124 125 126 127 128 131 132 133 134 135 136 139 141 142 143 145 146 148
84 86 87 90 92 93 94 95 96 98 99 102 104 105 107 108 111 113 115 117 118 119 120 121 122 123 124 125 127 128 130 131 132 133 134 136 137 138 139 142 143 144 145 146 147
85 87 88 89 92 93 94 95 97 98 99 100 104 105 106 109 111 112 113 115 116 117 118 119 120 121 122 127 128 132 133 135 136 137 138 139 140 141 143 144 145 147 148 149
86 87 88 89 91 93 94 96 97 99 100 102 105 106 107 108 109 110 111 112 113 116 117 118 119 120 121 122 123 127 128 129 130 131 132 135 136 139 140 141 142 143 144 145 148
87 88 89 90 91 93 95 97 98 104 105 106 108 109 110 111 112 113 114 116 117 118 119 121 122 123 124 125 126 127 130 131 132 133 134 136 137 138 139 141 142 143 144 145 146 148 149
88 90 91 93 95 98 99 100 101 103 105 106 107 108 109 110 111 113 114 115 117 118 120 121 122 124 125 126 127 128 130 131 135 136 138 141 143 145 146 147 148 149
89 90 91 93 94 96 97 99 100 103 104 105 106 108 109 110 111 114 115 116 117 118 119 120 122 124 125 127 128 131 132 133 134 135 136 137 138 139 144 145 146 147 148 149
90 91 92 93 94 96 97 98 100 101 103 104 106 107 108 109 110 111 112 113 114 115 117 118 119 120 121 122 123 125 128 129 130 131 132 133 135 138 139 140 141 142 143 144 145 146 147 148 149
91 92 94 96 97 99 101 102 103 105 106 107 110 111 112 115 116 117 118 120 121 123 124 125 126 128 130 132 134 135 136 138 139 140 141 142 144 145 147
92 93 94 95 96 97 101 102 104 105 106 107 108 111 112 113 114 115 116 117 118 119 120 121 122 123 124 125 126 127 128 130 134 135 136 138 139 140 141 142 143 144 145 146 148 149
93 94 95 97 99 100 102 104 107 109 111 112 114 115 117 118 119 120 122 123 125 126 127 128 129 131 132 134 136 137 138 139 140 141 142 143 144 146 147 148 149
94 95 96 97 98 99 100 104 106 107 109 110 111 113 114 115 116 120 121 122 123 126 127 128 131 132 133 135 136 137 138 139 141 142 144 145 146 149
95 97 100 103 104 105 106 107 108 109 110 111 112 113 114 119 120 121 122 123 124 126 127 128 131 132 134 135 136 137 140 142 143 146 147 148 149
96 97 98 102 103 105 106 107 108 110 111 112 113 114 115 117 118 119 121 125 126 129 130 131 132 133 135 136 137 138 141 142 143 146 147
97 99 100 102 103 106 110 112 113 114 116 117 120 121 123 126 128 130 132 134 137 138 140 141 142 144 145 146 147 148 149
98 99 100 102 105 107 108 109 111 112 113 114 116 117 118 121 122 123 125 126 127 128 129 131 133 134 135 136 138 139 140 141 142 143 144 147 148 149
99 101 102 103 104 105 107 108 109 110 111 112 113 115 118 119 121 122 126 127 129 130 132 134 135 136 137 138 139 140 141 142 143 144 145 148 149
100 101 103 104 105 107 108 110 111 112 113 115 116 117 120 121 123 124 126 127 129 130 131 132 133 134 135 137 142 143 144 145 146 148 149
101 102 103 104 106 107 108 109 111 112 113 114 115 116 119 121 122 123 124 126 127 129 133 134 135 136 138 139 140 141 144 146 147 148 149
102 103 104 105 106 108 109 112 113 114 115 116 117 121 124 125 126 127 129 130 132 134 135 138 139 140 141 142 143 144 145 146 147
103 104 106 108 109 111 112 113 116 117 118 119 121 122 123 124 128 131 134 135 136 138 139 142 143 144 146 147 148 149
104 105 106 107 109 110 111 112 113 116 117 118 122 123 124 125 126 127 128 129 130 131 132 133 134 135 136 137 140 141 142 144 145 146 147 149
105 107 110 111 112 113 116 117 118 120 123 124 127 128 129 132 133 135 136 137 139 140 141 142 143 146 147
106 108 112 113 114 115 116 118 119 121 122 123 124 127 128 130 131 132 133 134 135 136 137 138 140 142 143 144 145 146 147 148
107 108 109 110 112 113 116 117 118 120 121 122 123 124 126 128 130 131 133 136 139 140 142 143 144 145 146 148
108 110 111 112 114 115 116 117 119 121 122 123 124 125 128 129 131 132 134 135 137 139 141 142 143 144 146 147 148
109 111 112 113 114 115 117 118 120 122 124 125 126 127 129 130 131 133 135 136 137 138 139 143 145 146 147 148
110 111 112 113 114 116 118 120 121 122 130 131 133 134 135 136 137 139 140 141 144 145 146 147 148 149
111 112 113 115 116 117 118 119 120 121 122 123 125 129 130 131 132 133 134 135 137 141 143 144 145 146 147 148
112 113 114 117 118 120 121 122 123 125 126 127 130 131 132 133 134 136 137 138 139 140 141 142 143 144 145 146 147 148
113 114 115 118 119 120 122 123 127 128 130 132 135 136 137 138 139 140 141 142 143 144 146 147 149
114 117 118 121 122 123 124 127 128 130 131 132 134 135 136 137 138 139 143 144 145 147 149
115 116 117 118 120 122 123 124 125 126 127 129 130 131 132 133 134 136 139 140 141 142 144 145 146 147 148
116 117 118 119 120 124 125 127 128 129 131 132 133 134 135 136 138 139 140 141 142 143 144 145 146 147 148 149
117 118 120 121 122 123 126 127 128 130 131 134 135 136 137 138 142 143 144 147 148 149
118 119 121 124 125 126 127 131 133 135 136 139 140 142 143 144 145 147 148
119 120 121 122 126 128 129 131 132 133 134 135 136 138 141 142 143 144 145 146 147
120 121 123 124 129 130 131 132 133 135 136 137 138 140 143 144 145 146
121 122 125 127 128 129 130 131 132 135 136 137 138 139 141 142 143 144 146 147 148 149
122 124 126 127 129 131 132 133 135 136 138 139 140 142 143 144 145 146 148 149
123 124 125 126 127 129 130 131 133 134 135 136 138 140 142 143 145 146 147 149
124 126 127 128 129 133 134 135 136 137 138 143 144 145 148
125 127 128 129 132 134 135 136 137 140 141 142 143 144 145 146 147 148
126 127 128 129 133 136 137 138 139 140 143 146 147 148
127 128 129 130 131 132 134 137 138 139 141 142 144 146 147 148 149
128 129 130 132 133 134 135 136 140 141 142 143 144 145 146 147
129 130 131 132 133 138 139 140 141 142 143 144 145 146 147 149
130 131 133 134 135 136 138 140 141 143 144 145 146 147 148 149
131 132 133 134 135 138 140 141 142 143 144 146 147 148 149
132 133 135 136 137 138 140 141 146 147 149
133 134 135 136 137 139 140 143 144 146 147 149
134 135 137 138 139 140 142 143 145 147 149
135 136 139 140 141 142 144 149
136 137 139 140 141 144 145 146
137 139 140 141 142 144 145 146 147 149
138 139 140 141 143 144 145 146 147 148 149
139 140 145 147
140 141 142 143 145 146 147 148 149
141 142 145 146 147 148
142 143 144 145 146
143 144 145 146 147 148
144 145 146 147 149
145 146 147 149
146 147 148 149
147 149
148 149
149

!145