#RandomGeneratorDifficultGraph.py
# GMT Tue Jul 18 16:23:17 2023
# 
0 4 8 9 12 19 22 26 31 35 39 41 48 53 55 59 66 67 71 75 78 86 87 88 89 90 96 98
1 5 6 8 10 11 12 22 24 26 44 53 54 59 60 63 68 71 74 79 81 83 89 94 96
2 3 5 6 7 10 12 15 16 22 24 32 40 41 42 43 44 45 50 52 62 63 69 70 74 75 78 80 82 86 91 92 96
3 4 11 14 19 29 30 32 33 34 35 37 38 40 43 46 51 56 63 65 67 71 73 75 76 78 80 82 83 89 90 91 99
4 6 12 14 15 18 19 21 24 28 29 32 39 40 41 43 47 48 49 50 51 55 58 65 73 74 75 79 80 84 85 93 96 97
5 6 8 11 13 14 16 17 18 19 22 23 27 29 37 38 40 43 45 52 58 68 70 73 75 76 83 93 95
6 8 11 14 17 21 23 24 28 31 32 45 49 50 56 60 63 67 68 70 75 80 81 82 84 89 90 95
7 9 13 15 17 18 21 27 28 30 31 32 35 38 40 45 48 49 52 53 56 58 67 68 69 72 76 77 80 85 87 88 99
8 12 23 24 27 31 32 37 39 40 41 43 44 48 49 52 53 59 61 66 68 69 76 79 80 81 84 89 91 94 96
9 20 21 25 26 28 31 34 35 43 48 49 51 54 56 61 65 74 77 82 86 89 93 94
10 12 14 17 22 25 29 34 41 42 46 48 50 54 58 59 61 62 64 68 70 80 85 89 92 96 97 98
11 12 17 21 30 35 36 37 39 40 53 56 63 64 71 75 76 77 86 87 89 90 91 92 93 94 97
12 15 17 20 21 24 27 37 38 42 49 51 53 55 59 60 63 64 66 70 72 80 81 89 91 94 99
13 14 16 23 28 30 33 35 36 42 44 46 63 65 67 72 73 76 78 85 86 92 99
14 20 27 37 38 43 47 50 51 52 53 54 58 63 65 71 74 76 77 78 88 90 95 96
15 17 22 23 24 26 30 35 38 44 45 46 47 51 52 56 59 63 65 66 71 74 76 79 81 84 85 86 88 90 92 95 99
16 17 19 21 27 30 35 36 49 51 55 64 66 68 70 72 85 89 90 95 99
17 18 19 21 23 27 31 36 37 39 41 43 45 47 49 50 51 53 59 63 65 68 72 73 74 77 78 83 84 87 93 96 99
18 19 21 25 27 30 33 38 39 41 45 46 53 54 60 67 73 74 76 79 80 81 82 84 86 87 88 92 93 94 96 97
19 21 22 27 35 36 43 49 69 74 75 77 79 81 83 96
20 22 25 27 30 32 34 38 44 46 48 52 54 55 56 57 59 65 67 70 73 78 80 81 84 87 91 95
21 22 24 26 27 28 33 37 42 45 46 55 59 60 63 71 80 84 85 88 91 93 97 98 99
22 23 34 36 37 52 53 55 62 70 79 80 82 88 89 96 99
23 34 40 43 46 51 52 54 55 56 57 59 61 67 68 69 72 82 84 85 88 89 90 92
24 27 34 41 44 46 51 53 57 59 61 62 63 64 65 71 72 87 91 94
25 28 34 38 39 40 41 43 44 46 50 51 52 56 59 61 63 64 67 68 71 79 94 96 97 98 99
26 35 41 42 43 48 55 56 58 59 65 66 69 72 73 85 89 90 93 97 98
27 33 52 58 61 65 68 69 74 77 80 83 92 94 96
28 32 33 38 41 46 47 49 50 56 57 62 63 67 70 71 72 73 77 78 83 86 88 89 91 92 94 95 98
29 32 41 47 51 52 56 75 77 82 83 89 93 95 98 99
30 32 35 37 39 40 43 46 49 50 55 64 69 70 72 77 78 84 87 95
31 33 34 36 41 46 48 50 56 62 72 77 78 80 82 87 89 91 94 95 96 98
32 43 44 45 47 52 54 55 60 61 66 69 80 82 87 96 98
33 36 38 41 43 50 51 55 62 66 74 80 82 88 92 99
34 36 40 42 44 45 50 52 54 57 66 68 73 74 77 79 81 85 90 92
35 38 42 49 50 53 54 59 60 65 66 72 78 84 94 95
36 41 43 44 46 51 53 59 60 61 63 66 71 73 76 81 83 89 90 93 94 97 98
37 39 42 46 50 52 53 54 55 58 61 62 64 68 74 75 76 77 81 87 93 98
38 39 44 45 53 54 55 56 61 62 66 68 69 74 78 84 85 86 88 89 92 95 96
39 41 47 50 51 52 55 59 61 62 64 65 66 69 77 78 85 90 91 94
40 42 43 49 51 52 53 59 62 64 65 69 74 78 79 86 87 98 99
41 43 45 51 56 61 76 80 81 82 87 93 95 96 97 99
42 52 55 57 59 60 61 65 69 81 83 87 92 93 94 96 99
43 45 47 56 61 64 66 71 73 75 81 85 91 92 95
44 45 48 49 50 57 61 62 65 66 68 69 70 71 74 76 77 78 81 83 87 92 98
45 53 58 62 64 74 76 77 83 84 85 87 92 99
46 47 50 51 54 56 58 59 65 66 67 70 79 80 81 83 85 86 88 89 91 93 94 95
47 49 52 56 57 59 61 68 71 76 79 82 88 90 98
48 49 51 56 58 59 62 63 64 78 83 84 87 91 92 95
49 51 55 61 67 70 75 80 83 89 93 94 95 97
50 56 59 75 78 85 89 91 92
51 57 62 65 68 69 73 74 75 79 81 84 87 91 94
52 55 56 66 67 68 69 74 79 80 83 84 87 90 99
53 54 55 58 60 64 65 68 74 76 78 79 92 94 95 97 98
54 57 58 59 62 63 68 73 78 81 86 92 98
55 64 70 71 73 76 77 84 86 87 88 91 93 94 97
56 58 60 66 69 75 81 86 94 95 98
57 59 62 64 88 92 94 96 97 98
58 64 67 69 71 75 80 82 83 86 89 97
59 62 67 81 87 88
60 61 64 79 82 86 89 91 98
61 74 76 87 88 90 91 94 97
62 72 74 75 78 79 82 85 86 88 89 94 98
63 68 70 73 74 77 84 88 91
64 81 86 90 93 95
65 66 67 69 73 74 78 79 83 85 95 99
66 75 76 81 84 90 94 95
67 68 69 73 75 86 88 89 95 96 97 98
68 71 79 81 82 87 88 89 91 96
69 72 73 75 76 78 79 80 84 89 91 92 99
70 72 73 80 81 86 89 93 95 97 99
71 74 77 79 80 81 83 86 87 88 90 95 97 98
72 74 78 81 84 86 88 89 90 93 94 97
73 81 85 86 88 89 90 96
74 77 79 82 83 89 91 94 95
75 82 84 90 98
76 79 81 83 89 93 95 98
77 78 85 88 92 94 95
78 80 82 86 95
79 80 81 87 89 92
80 86 87 88 89 90 91 93 94 95 96 97
81 82 92 93 94 96 97
82 83 92 95 97 98 99
83 88 99
84 86 87 92 99
85 87 92 93 95 97 98
86 90 91 92 93 97 98 99
87 88 91 95 99
88 89 91 92 94 95
89 90
90 93 96 98 99
91 93 94 97
92 96
93 97
94 95 97 98 99
95 99
96 97 98
97 99
98
99

!87