#RandomGeneratorDifficultGraph.py
# GMT Tue Jul 18 16:25:27 2023
# 
0 5 15 17 25 36 49 59 65 80 91 92
1 2 3 10 14 22 44 47 57 95
2 31 36 41 63 69 87
3 23 31 41 57 62 94
4 8 17 23 25 44 45 67
5 30 94
6 16 28 37 60 77 82 83 93
7 26 36 60 64 76 92
8 24 33 41 43 53 65 77 86 93
9 10 11 13 15 20 38 45 46 50 51 56 76 87 95 96
10 14 15 28 33 55 60 68 78 90 95
11 20 50 54 58 68 89 93
12 20 22 24 47 49 60 68 92
13 19 30 36 58 59 61 63 66 88 94
14 25 27 41 59 63 73 87 88 94 99
15 21 29 36 37 48 49 54 57 71 77 97
16 31 34 39 45 47 59 82 88 97
17 20 29 31 32 40 46 52 60 63 69 76 90 91 96
18 23 32 40 51 54 79
19 30 45 56 59 75 99
20 28 29 48 65 67 80 81
21 62 67 69 76 82 95
22 26 28 41 45 57 65 68 88 93
23 41 52 53 56 97
24 33 39 44 52 70 76 81
25 30 42 66 75 84 85 95
26 42 46 48 52 70 71 77 82 95
27 47 98
28 40 50 55 73
29 30 41 67 80 99
30 34 38 46 58 92
31 40 41 44 45 71 76 89
32 33 34 39 40 61 66 71 75
33 41 54 60 65 87
34 35 38 44 58 66 75 84 85 97
35 38 39 43 46 51 55 63 65 78 86 87
36 39 49 64 72 75
37 38 42 68 80 82 91 99
38 61 69 71 88 99
39 41 88
40 41 49 57 77
41 46 54 60 76 80 82 91 98
42 45 63 82 83 84 88
43 57 61 66 69 97
44 50 51 73 75 89 91 94
45 59 60 65 70 81 88 99
46 64 71 81 87 88 94 95 96 99
47 51 56 66 73 87
48 62 63 71 80 91
49 54 58 61 65 71 73 76
50 68 81 90
51 61 73 81 87 95 96
52 55 76
53 98
54 76 77 90
55 57 58 59 75 80 84 86 94 99
56 57 59 61 62 86 92
57 69
58 59 64 79 87 89 91
59 67 96
60 64 85
61 74 80 91 96
62 78 80 85 86 88 90
63 68 69 74 89 98
64 68 91
65 72 74 81 87
66 73 89 90 94 96
67 73 75
68 72 73 85
69 72 77 87
70 87
71 74 89 90 93 95 98
72 77 78 82 95 96
73 76
74 81 87
75 77 96
76 82 99
77 91 99
78 79 81 82
79 82 83
80 96 98
81 83 86 89 97
82 83 84 87 96
83 84 86
84 88
85 89
86 96
87 92 98
88
89
90 93
91
92
93
94 98
95
96 98
97
98
99

!71