#RandomGeneratorDifficultGraph.py
# GMT Tue Jul 18 16:23:07 2023
# 
0 4 5 7 13 15 17 19 24 25 28 31 33 36 38 39 46 55 56 61 65 69 71 73 74 77 79 80 85 88 91 92 95 96 97
1 4 9 13 16 17 19 24 25 26 29 32 49 58 65 69 73 74 81 84 87 90 92 93 95 99
2 6 10 25 26 28 29 31 38 45 51 52 53 56 63 66 68 70 71 72 74 75 76 80 95
3 11 12 13 14 15 16 17 18 25 26 29 34 35 42 46 47 57 61 64 68 70 73 84 86 91 97 99
4 5 9 11 13 14 27 36 42 46 48 49 50 52 53 59 60 66 71 74 76 81 85 96
5 7 17 18 19 20 22 24 27 31 34 40 43 44 47 56 60 65 66 68 69 78 83 84 85 86 99
6 9 10 12 20 25 27 30 31 35 36 41 45 46 48 50 51 52 53 58 60 61 64 65 67 69 70 71 76 77 78 81 84 85 86 88 90 92
7 10 11 14 17 18 19 20 29 31 37 39 45 46 47 48 51 56 58 59 60 66 67 71 74 75 78 79 83 84 87 88 90 91 93 98
8 10 12 16 33 37 38 39 41 45 49 57 59 62 70 76 77 79 81 84 88 89 91 94 97 98
9 10 18 23 28 29 30 32 35 36 40 46 47 54 56 61 67 77 78 79 85 87 92 94 97
10 16 21 22 24 25 26 29 31 33 38 61 66 70 74 76 79 81 82 87 88 91 94 95 99
11 16 20 21 22 33 38 40 41 42 47 55 57 65 69 91 93 95 97
12 14 16 22 24 32 44 51 55 56 58 60 64 68 75 77 84 85 86 88 89 91 94 96
13 14 16 23 24 26 27 28 31 33 36 40 41 43 44 47 52 53 58 60 63 69 70 87 88 91 95 98
14 16 17 20 27 32 33 37 41 42 46 47 48 60 63 67 69 70 71 74 76 80 81 86 87 91 95 98
15 24 27 29 32 33 37 38 44 48 51 54 56 57 58 63 65 66 68 72 74 75 83 84 85 90 92 93 95
16 17 19 24 25 29 32 34 36 37 38 39 44 49 50 56 60 64 65 68 71 74 75 78 80 82 86 87 90 91 98 99
17 18 22 24 27 29 41 46 50 54 55 57 60 63 64 66 67 70 78 81 84 86 93 95 97
18 19 21 22 24 30 31 34 36 39 42 43 45 48 49 50 51 63 64 65 68 69 70 75 76 82 89
19 21 23 26 33 37 40 41 44 48 50 51 61 62 70 71 73 75 88 90 91 96 97 98
20 21 26 28 33 36 37 39 40 43 45 48 50 52 53 57 60 61 65 67 68 70 71 75 78 80 82 85 92 93 94 95 96 97 99
21 22 23 32 33 35 38 42 51 55 58 60 62 63 67 69 70 76 78 79 84 85 87 89 90 91 92 99
22 25 34 35 36 40 48 49 50 54 62 63 64 65 67 69 71 75 76 84 86 92 95 99
23 24 25 27 28 30 32 34 35 41 42 44 45 49 50 52 53 58 59 60 63 65 69 70 73 74 75 77 79 82 84 92 93 97 98 99
24 30 31 33 35 39 42 46 48 64 66 70 72 73 74 77 81 88 97
25 26 29 30 37 40 41 42 47 55 61 64 65 67 72 75 77 79 81 94 95 96
26 27 29 30 32 36 42 45 52 55 57 67 71 77 79 80 81 82 83 91 93 95
27 30 33 34 39 44 50 55 59 77 83 90 91 95
28 29 32 33 35 37 38 40 44 46 49 50 52 54 58 60 64 65 70 73 76 79 85 99
29 30 34 35 43 53 57 60 65 66 67 71 73 76 78 79 84 88 91 96 97 98
30 32 33 35 37 41 42 47 53 59 72 73 80 87 88 92 97
31 32 39 43 44 49 54 61 62 72 76 80 84 85 88 93 94 97 98 99
32 34 39 44 46 52 53 55 56 59 60 62 64 71 73 76 79 80 92 93 94 95 96 99
33 36 37 38 40 44 45 49 51 53 54 55 62 68 70 77 82 86 88 90 91 92 96 97 99
34 35 36 38 39 42 47 51 54 59 64 65 66 67 68 70 83 96 97
35 36 41 43 45 47 52 54 60 61 62 69 70 77 80 85 87 88 91 93
36 37 40 42 43 48 49 50 51 57 65 70 71 72 74 83 85 86 88 89 90 91 98
37 38 44 46 47 52 53 55 58 59 73 74 75 77 78 82 87 90 91 94 95 98 99
38 46 49 51 54 55 57 62 63 66 67 69 72 75 80 82 84 85 87 91 92 93 94 95 96
39 40 41 43 51 53 59 69 70 72 89 90 92 97
40 43 48 51 52 54 56 62 75 80 81 83 86 87 89 92 94
41 43 48 49 55 58 60 63 70 79 83 86 88 90
42 47 57 64 66 68 72 74 77 81 82 85 86 87 93 98
43 52 65 67 70 72 74 77 78 88 89 90 93 94 98
44 48 49 53 54 55 58 63 65 68 70 83 84 90 96
45 53 55 56 62 70 74 77 78 79 81 87 88 93 95 99
46 49 51 52 56 68 75 76 81 82 83 84 90 95 98 99
47 53 55 61 63 70 71 74 77 81 82 85 87 94 99
48 50 52 56 58 59 60 63 65 69 70 74 75 90 92 97
49 51 52 55 56 59 65 70 72 74 75 76 78 79 81 84 87 88 91 98
50 51 54 60 69 70 79 81 82 84 86 87 91 92 93 96
51 52 55 64 66 78 79 83 87 91 93
52 53 58 62 63 70 71 80 83 84 85 86 88 89 90 91 97
53 58 61 62 65 67 80 82 84 85 86 92 96 99
54 57 59 60 62 63 65 68 71 72 74 82 92 93 95
55 58 59 60 63 64 66 68 70 71 74 76 83 84 85 91 94 97
56 57 62 65 66 71 72 75 78 80 82 83 85 88 92 93
57 60 66 68 77 82 84 86 91 96 97
58 60 62 65 69 76 86 88 89 98
59 60 64 70 71 73 76 78 83 88 90 98
60 64 65 66 67 71 80 82 84 85 94 98
61 62 64 66 67 69 79 80 81 82 84 86 94 95 96 97
62 63 65 67 68 69 70 71 72 78 87 88 91 93
63 70 77 78 83 85 86 94 96 99
64 72 73 74 75 77 80 83 87 91 93
65 68 72 76 82 85 92 94 95
66 79 81 85 87 88 92
67 75 76 77 78 79 83 85 91 99
68 69 74 75 85 88 89 92 97
69 76 78 79 81 83 84 91 93 94 98
70 74 75 77 79 81 83 88 91 93 94 98
71 78 81 82 83 92 98
72 76 79 81 88 90 91 92 93 97
73 86 93
74 77 84 87 91 92 99
75 77 78 82 83 86 89 91 93
76 81 85 86 88 90 92 95
77 83 86 90 93 99
78 82 85 90
79 87 95 97 99
80 84 88 90 95 97
81 93 97
82 86 96
83 85 93
84 92 93 99
85 86 87 90 92 93 95 96
86 90 94 95 98
87 88 92 94 95 98
88 95
89 95
90 94 95 97
91 93 94 98
92 99
93 95 98
94 95 96
95 96
96 97 98
97 99
98
99

!87