#RandomGeneratorDifficultGraph.py
# GMT Tue Jul 18 16:23:56 2023
# 
0 1 4 27 37 40 43 49 57 58 59 60 71 76 81 85 88 90 91 98
1 10 11 16 25 29 32 42 45 49 50 53 60 65 67 77 80 82 89 91 92 95
2 3 7 16 21 28 31 39 47 49 53 60 63 67 68 72 76 93
3 4 5 12 21 23 28 35 55 56 59 63 73 79 80 84 87 88
4 5 12 13 16 20 23 25 26 34 43 53 56 59 60 65 70 89 93 97
5 10 11 19 21 26 30 31 39 40 64 65 70 77 78 84 86 94
6 10 17 18 19 22 27 38 41 52 54 58 59 61 63 64 65 70 76 77 81 86 92 94 96 98
7 9 10 30 33 37 42 53 56 57 64 77 79
8 15 17 30 37 46 50 61 67 69 71 72 77 81 82 98
9 14 17 20 21 22 23 37 56 63 66 68 69 76 77 79 80 89 90 97
10 12 14 23 37 40 47 58 70 74 78 86
11 29 30 35 40 61 65 76 78 83 88 90 94 95 97
12 13 21 23 35 44 48 52 61 66 70 73 75 87
13 25 29 34 36 42 45 52 55 57 62 72 75 76 77 86
14 20 22 24 29 32 59 67 72 73 76 78 95 96
15 16 17 27 30 34 36 39 49 53 62 77 79 81 83 84 86 88
16 19 20 22 28 46 49 57 59 62 65 73 79 84 90 93
17 18 24 26 30 46 47 54 56 58 59 69 73 80 89 97
18 22 23 31 45 46 49 58 65 66 67 72 74 95
19 20 21 24 26 35 37 39 46 54 57 58 63 77 80 82 88 90 97
20 21 23 29 30 38 39 53 61 64 75 85 88 92 98
21 24 25 27 34 39 43 49 59 63 65 68 69 70 73 74 79 80 84 86 89 98
22 26 34 47 49 54 60 61 68 76 84 85 86 88 98 99
23 33 34 36 44 48 57 59 61 65 69 72 73 77 86 90 91 93 94 95 96
24 32 42 47 53 54 63 74 89 92 97
25 30 33 35 40 41 45 53 56 57 59 73 79 83 84 91 94 99
26 27 30 36 39 45 46 50 76 86 92 94 96
27 30 31 38 39 41 45 51 52 61 69 75 82 89 91 93 98
28 32 34 40 52 58 65 76 82 89 90 91 93 94 98 99
29 36 40 42 46 54 74 75 80 82 90 94
30 31 38 43 44 50 56 57 62 66 68 70 76 77 79 93 99
31 42 43 58 66 71 72 77 81 86 88 91 92 94 98
32 34 35 43 45 51 61 63 70 80 81 82 86 87
33 38 47 58 71 79 84 85 92 95
34 49 53 61 79 85 88 90 93
35 36 39 48 51 61 68 75 99
36 37 38 42 45 46 47 51 54 59 62 68 71 75 80 81 85 86 92 93 96
37 46 57 73 79 80 82 87 96
38 57 66 83 99
39 40 53 57 63 66 68 73 77 82 85 86 98
40 44 49 51 52 54 57 59 60 63 64 65 70 75 76 78 82 91
41 49 51 52 53 64 65 68 78 81 83 85 89 91 93 96
42 44 45 51 54 56 65 69 82 87 89 95 98
43 48 52 55 57 63 69 79 81 84 85 92 93
44 45 50 56 65 68 69 78 85 89 90
45 49 50 57 58 76 79 83 89 90
46 47 53 58 67 69 75 81 84 92 97
47 48 51 54 55 56 63 69 71 77 78 79 80 88 89 90 94
48 49 50 53 54 70 71 73 75 80 96
49 54 62 67 79 81 92
50 52 54 73 74 75 77 79 82 84 85 90 92 93 97
51 53 75 80
52 64 65 66 70 82 87 89 93 98
53 64 72 73 80 84 89 95 96
54 63 64 68 70 75 82 84 85 90 96
55 62 75 78 94
56 58 61 70 72 73 75 76 79 81 96 97 98
57 60 64 65 66 79 87 90 94
58 59 65 66 69 70 72 73 75 93 94 95 98
59 72 73 80 85 97 99
60 62 72 88 90 92 97
61 67 79 82 84 88 89 91 92
62 68 69 72 76 77 82 83 87 94
63 66 74 86 87 96
64 72 73 74 81 87 96 97
65 71 74 78 79 81 86 88 89 95
66 70 74 84 85 86 87 90 91 92 99
67 72 73 81 87 98 99
68 74 79 85 86 88 90 91 94 95 98
69 70 72 76 82 83 90 91
70 74 75 80 82 90 95 98
71 74 92 94 95 96
72 73 79 80 81 83 96 98
73 74 79 87 89 91 97
74 78 84 85 89 92 95
75 77 78 91 94
76 80 83 84 87 90 93
77 78 90 92 93 95
78 80 82 87 91
79 83 87 88 91 92 94 96
80 97
81 83 86 87 88 99
82 83
83 85 88 92 94 95
84 86 87 88 90 92
85 88
86 96 97 98
87 91 93
88
89 90 95
90 93 97
91
92 93 95
93 99
94 97 99
95 98
96 97 99
97
98
99

!85