#RandomGeneratorDifficultGraph.py
# GMT Thu Jul 20 14:28:22 2023
# 
0 4 8 13 16 21 26 33 36 38 41 44 45 47 49 53 54 57 68 70 71 72 76 84 86 98
1 5 7 8 10 12 13 15 20 24 25 27 28 30 31 32 35 37 38 39 41 42 44 45 47 48 52 55 58 59 62 67 68 70 72 74 75 76 77 79 80 81 86 89 90 91 92 94
2 5 7 8 15 20 23 28 29 31 34 35 38 40 42 43 44 48 51 53 54 55 61 68 70 72 73 74 77 79 80 82 83 85 87 88 89 91 93 95
3 4 8 13 16 17 19 20 21 28 30 33 34 40 41 42 43 45 46 47 48 50 53 59 63 65 66 70 71 72 78 79 81 82 83 84 86 87 88
4 6 12 17 18 20 21 24 27 29 30 32 33 39 43 44 46 47 50 52 53 60 61 65 74 80 81 88 89 95 96
5 8 11 14 18 19 20 21 22 23 26 28 29 32 33 34 35 38 39 40 42 44 46 50 52 54 58 59 61 63 64 65 66 67 71 74 76 78 82 83 84 88 93 96 99
6 10 11 14 15 19 24 26 28 30 31 34 35 36 37 41 43 44 46 48 50 60 61 63 65 67 69 74 76 77 79 81 84 86 91 92 98
7 8 9 11 12 19 23 25 26 27 30 31 32 33 34 35 37 42 44 55 56 57 58 59 61 65 68 69 72 74 75 76 77 78 80 81 84 86 87 89 91 94 98 99
8 9 14 18 19 21 24 27 29 30 34 35 36 38 40 41 47 49 51 55 57 60 62 63 66 68 69 70 73 79 83 87 90 92 93 99
9 11 16 17 18 21 25 27 28 31 32 34 35 36 38 39 43 45 46 47 50 52 57 60 61 62 66 67 70 71 73 76 77 82 84 87 89 90 91 92 93 94 97 99
10 11 17 23 25 29 31 33 36 38 44 47 49 53 55 59 60 61 62 70 74 75 77 78 83 84 92 97
11 13 19 20 28 30 33 41 46 50 51 52 53 55 58 60 63 65 66 69 71 72 73 74 76 80 84 88 89 90 91 95 97
12 15 17 20 21 23 24 27 30 33 36 39 41 42 48 50 52 58 59 60 62 64 66 67 68 69 72 74 75 76 83 85 86 87 88 89 90 93 98 99
13 17 19 21 24 27 28 29 30 32 33 36 43 44 45 46 47 48 52 54 56 57 60 63 65 69 70 73 74 75 78 85 86 88 93 94 97 98 99
14 17 19 21 24 28 29 33 36 41 43 45 47 50 52 53 55 57 58 64 65 66 69 73 74 80 82 87 90 97 98
15 21 24 27 29 33 36 42 45 51 54 55 56 61 63 67 72 74 77 78 79 80 83 84 85 86 88 91 93
16 19 20 21 22 24 25 29 30 32 33 34 36 41 42 43 49 52 58 60 61 62 65 66 67 76 78 79 81 85 86 87 88 89 91 92 93 94 95 96 99
17 19 20 23 24 25 27 30 33 40 43 47 50 52 53 55 59 61 63 65 66 69 71 76 78 79 85 86 90 91 98 99
18 26 35 37 41 42 43 46 54 56 58 64 68 73 74 79 80 82 85 87 90 93 96 98
19 21 22 24 26 27 29 31 32 33 36 39 41 47 49 50 51 52 53 55 58 60 62 64 65 70 78 84 87 88 90 93 96 99
20 22 25 27 28 32 37 40 41 44 47 50 53 57 62 63 67 68 70 72 73 74 78 81 82 83 87 90 91 92 93 94 96 97 98
21 25 29 30 32 39 40 42 45 46 47 49 54 56 57 60 61 62 63 66 71 74 75 77 81 85 86 90 93 95
22 25 26 36 40 44 45 46 47 49 52 53 55 57 59 63 65 67 68 73 75 76 78 79 80 88 90 95
23 24 25 28 31 33 35 36 37 41 47 53 55 60 61 62 64 65 66 69 71 72 75 78 80 87 90 92 93 97 98
24 25 27 29 30 31 36 37 39 40 42 43 44 45 48 49 50 54 55 59 60 61 62 67 75 77 78 80 82 83 84 89 90 91 93 94 98
25 26 33 34 38 39 40 48 56 57 58 59 65 66 68 69 74 81 83 84 86 89 92 94 98
26 29 31 32 37 41 46 50 53 55 59 61 62 68 69 72 73 74 76 78 79 83 85 88 90 97 98 99
27 29 30 32 33 34 35 36 38 42 43 44 47 49 50 53 62 63 65 67 70 71 74 75 81 82 84 87 88 89 95 96 98 99
28 29 33 35 39 40 42 47 48 49 53 54 59 60 64 65 67 68 69 73 75 77 79 84 85 87 92 93 95 96 98
29 33 35 36 38 39 40 45 49 58 59 62 64 68 69 70 76 78 79 81 82 83 84 87 89 90
30 32 35 38 39 41 43 45 51 52 53 54 55 59 62 63 64 67 68 69 72 74 76 81 88 93 95 96 99
31 35 36 37 40 41 47 48 50 51 54 57 61 62 64 68 69 70 72 73 74 78 84 91 92 93 96 97
32 35 36 39 44 49 51 58 59 60 64 72 73 74 76 80 86 97
33 35 36 39 40 41 42 44 47 48 50 52 58 61 64 65 67 69 70 72 74 77 81 84 86 87 88 89 90 94 95 99
34 35 37 41 47 48 51 53 55 60 64 66 69 70 71 72 73 74 78 79 82 86 89 91 93 94 95 96 98
35 41 42 43 46 49 54 56 61 65 66 72 73 75 77 79 88 90 92 93
36 41 43 46 47 53 54 57 60 61 62 63 69 70 71 72 74 84 87 91 97 99
37 38 39 40 41 44 46 49 57 59 62 65 67 68 71 75 76 77 79 80 83 86 91 93 97
38 40 41 42 43 44 46 47 52 55 56 57 58 59 61 62 64 67 70 73 77 78 79 83 84 88 89 91 93
39 43 44 46 49 53 58 59 62 65 67 68 69 78 79 82 83 86 87 88 95 97 98
40 43 46 48 49 51 59 60 64 66 67 74 78 79 80 82 84 85 90 93 95 98
41 45 49 51 53 55 58 61 63 64 66 68 70 73 74 76 78 79 82 83 85 88 90 92 97 98 99
42 47 50 52 53 57 63 69 70 72 75 77 84 88 95 98
43 44 47 48 53 55 56 61 70 73 76 77 79 82 83 84 85 89 95 98
44 50 55 58 59 60 66 67 76 78 81 82 84 89 90 94 98 99
45 46 47 51 53 55 56 68 70 71 72 73 75 76 77 80 81 90 98 99
46 47 50 51 52 53 59 61 62 63 71 74 75 76 79 80 81 82 84 85 87 88 91 93 95 97 98 99
47 52 54 57 59 64 66 67 68 70 75 80 81 82 84 86 87 88 89 90
48 49 51 55 56 59 63 65 66 69 73 78 80 81 83 85 87 93 98
49 50 51 52 53 54 55 57 58 61 63 65 66 67 69 71 72 74 78 81 84 85 87 89 92 97
50 58 59 60 61 62 63 70 76 85 94 96
51 56 62 63 68 72 77 82 83 84 85 86 87 91 92 96 98 99
52 53 55 56 58 59 62 66 71 73 74 75 76 77 78 80 82 85 88 94 95 96
53 54 55 57 58 59 64 65 67 70 73 79 80 85 86 90 92 94 98 99
54 57 58 61 63 65 68 69 70 74 80 83 84 85 86 87 89 90 92 94 96
55 56 57 62 63 64 71 83 84 86 88 90 91 92 95 98
56 57 59 60 64 65 68 69 75 84 86 88 90 92 94
57 59 62 63 65 66 67 68 69 70 73 74 76 77 78 79 81 83 86 87 90 91 94 97
58 65 66 67 68 69 75 78 80 83 87 90 91 92 95 96 99
59 63 68 70 76 77 79 81 82 83 84 85 87 90 91 92 93 94 95 97
60 62 64 65 66 68 70 78 79 84 86 87 90 91 93 97
61 62 63 69 72 73 74 80 85 88 89 90 91 92 95 96 99
62 63 64 67 70 73 78 82 83 88 92 94 97
63 64 65 70 71 72 74 75 78 80 89 90 91 95 98
64 67 68 69 72 74 75 76 80 82 83 86 88 92 94 95 96 98
65 68 69 82 83 85 93 95 96 98
66 67 68 73 76 77 85 86 87 88 92 93 94 95 96 97 98
67 71 78 79 82 83 86 87 88 92 94
68 71 76 79 80 81 82 83 84 85 88 89 90 93 95 96 97 98 99
69 70 72 80 81 82 83 84 85 86 88 94 95 98
70 71 73 74 77 80 83 84 89 92 95 97
71 73 76 77 78 79 88 90 91 96 99
72 74 75 77 78 87 88 91 94 95 98 99
73 75 77 79 80 81 85 89 91 93 95 96 97
74 75 76 77 80 89 91 92 93 94 95 99
75 77 79 80 82 83 87 89 90 91 93 97 98 99
76 79 84 85 86 87 90 94 96 97 98
77 79 80 83 87 88 96 98
78 87 89 91 92 93 95 99
79 80 81 82 83 85 86 90 91 92 94 98
80 81 85 86 90 91 93 95
81 82 84 85 86 90 91 94 96
82 89 90 97 98
83 85 86 93 94 96 99
84 88 91 92 95
85 87 90 91
86 93 94 96 97
87 91 94 96
88 89 91 92 93
89 93 94 95 96 98 99
90 94 96
91 94 97
92 96 97 98
93 94 97 99
94 98
95 97 98
96 99
97 98
98
99

!89