#RandomGeneratorDifficultGraph.py
# GMT Tue Jul 18 16:25:28 2023
# 
0 14 28 29 38 44 56 75 79 90
1 4 5 7 8 37 49 52 71 73 74 99
2 5 13 24 33 35 45 75 76 79 85
3 7 21 25 36 38 56 57 58 59 64 70 74 79 84
4 19 60 61 90
5 6 11 18 21 23 24 29 35 50 59 62 67 69 71 79 93 99
6 14 78 79 99
7 11 12 17 22 33 48 57 62 68 80 85
8 11 18 27 30 33 44 54 70 79 85
9 10 11 21 24 28 38 40 45 52 62 65 97 98
10 20 22 24 34 39 74 79 88 93
11 28 57 65 68 93 94
12 17 21 25 37 40 66 71 80 91
13 14 37 48 54 55 69 74 76 93 94 95 99
14 16 38 41 52 57 79 85 92 96
15 25 26 29 33 49 60 86 97
16 21 22 24 26 31 65 77
17 32 52 62 75 99
18 21 32 38 47 87 91
19 21 30 48 56 69 84 90 91 99
20 22 29 36 38 46 57 74
21 26 41 53 54 57 63 69 70 71 77 98
22 28 40 47 97 99
23 63 72 77
24 27 49 54 62 86 89 94 96
25 38 39 63 68 71 76 80 98
26 39 76 77 86 94
27 33 50 56 63 72 94 96
28 45 52 59
29 60 63 66 76 85 88
30 41 43 51 54 60 61 68 81 97
31 39 45 61 67 74 79 82 88 99
32 42 51 64 91
33 43 52 98
34 56 63 93
35 57 63 65 89
36 42 48 59 64 78 96
37 61 62 76 91 95 98
38 43 44 74 84 99
39 73 74
40 66 73 77 85 94 99
41 65 70 84 94
42 79 82 86
43 55 57 85 90 94 97
44 57 63 68 72 86 95 98
45 52 53 96
46 47 49 60 64 73 95 96
47 48 50 60 68 82
48 58 59 76
49 70 82 84 99
50 52 53 61 66 73 76 83 87
51 54 56 59 63 67 81 84 88
52 81
53 56 64 65 66 87 90 95 99
54 59 63 76 85 90 92
55 75 79 81 93
56 75 87 89 91
57 59 64 72 81 82 93
58 61 75 93
59 67 78 91 95
60 64 77 92
61 73 84 97
62 64 70
63 84 88 91 98
64 65 77
65 68 73
66 72 74
67 95
68 85 86 90 99
69 75 87 95
70 80 95
71 73 88
72
73 80 86
74
75 82 96 97 98
76 81 89
77 80 81 84 86
78 83
79 87 92
80 96
81 93 95
82 88 97 98
83
84 90
85 93
86 89 92 98
87 98
88 99
89
90
91
92 99
93 98
94
95
96 98
97
98
99

!73