#RandomGeneratorDifficultGraph.py
# GMT Tue Jul 18 16:25:33 2023
# 
0 18 25 44 55 67 72 75 78 86 89 99
1 21 36 40 58 69 86 93
2 7 10 22 23 25 32 34 35 39 40 48 65 74 90 99
3 6 18 28 29 39 61 63 71 91
4 25 35 52 87
5 6 22 29 59 63 65 73 75 91 94
6 11 73 93
7 15 21 22 23 35 37 92
8 10 11 24 34 39 44 50 86 88 92 94
9 21 37 39 41 43 44 46 48 98
10 20 23 42 58 62 66 89
11 15 21 26 30 37 54 70
12 18 28 34 54 58 59
13 16 24 31 35 41 45 47 51 67 68 77 91 97
14 19 25 53 68 69 70 89 92
15 27 37 53 58 63 73 80
16 63 82 92 93 97
17 49 54 56 71 78
18 38 70 80
19 29 31 45 50 52 54 63 71 79 96
20 23 35 40 75 92 99
21 29 30 36 51 94
22 33 45 64 68 69 75 81 84 92 95
23 51 57 72 75 76 85 93 94
24 25 30 35 46 54 61 62 64 66 78 79 81 91
25 26 37 57
26 30 36 40 41 48 57 71 86
27 33 39 63 66 70 71 82 95
28 39 67 87 93
29 52 54 64 77 80 86 92
30 31 32 60 64 73 81 83 84 91 92
31 36 44 47 79 86 87
32 34 44 52 53 56 97
33 43 44 50 64 69 74 87
34 36 39 61 63 66 83 90 91
35 43 44 45 47 50 70 83 88 90 91 92 95
36 45 46 69
37 43 49 55 56 81 85
38 39 49 55 58 59 75
39 50 61 67 68 70 83 86 87 93
40 66 68 72 84 85 90 96 98
41 45 52 60 77
42 83 88 94
43 49 50 53 67 72 79 94
44 67 72 77 82 84
45 48 53 64 67 69 84 88
46 68 74 82 93 95
47 49 68 88
48 60 73 91 97
49 55 65 78 99
50 62 68
51 53 76 79 83
52 66 70 77 79
53 54 55 60 68 70 73 77 80 81 92 99
54 91
55 57 74 86 92
56 79 83 85 92
57 81 89
58 63 75 76
59 61 67 70 73 96 99
60 69 71 78 79 95
61 78 87
62 85 92
63 75 79 86 90 92
64 88 91 97
65 67 73 74 76 82
66 78 80 83 88 92 99
67 73 83 85
68 77 83 90 92 94 96 98
69 81 86
70 72 75 83 92
71 95
72 74 79 97
73 74 85 87 89
74 89
75 78 82 93
76 90 99
77 78 85 87 93
78 98
79 92 94
80 88
81 85
82 85 88
83 98
84 85 93
85 90 91 92 93
86 89
87 94
88 97 98
89
90 99
91
92
93 94 96
94
95 99
96
97
98
99

!73