#RandomGeneratorDifficultGraph.py
# GMT Tue Jul 18 12:47:59 2023
# 
0 4 5 9 11 17 20 24 25 29 30 32 35 37 45 46 48 50 53 55 56 58 59 62 64 65 68 69 70 71 73 76 78 90 92 95 96 97 99
1 2 5 9 12 13 14 16 20 22 23 27 28 30 31 33 35 38 39 47 48 49 52 54 55 61 63 71 77 79 82 84 86 90 91 95 96 97 98
2 6 7 9 13 14 16 18 19 20 22 23 24 28 29 30 34 35 36 38 45 48 50 51 52 54 56 57 58 61 64 68 70 71 73 79 81 85 87 94 96 97 98
3 4 9 10 11 12 13 15 17 18 20 22 27 28 30 37 47 51 52 53 54 56 57 58 59 63 64 65 73 80 81 82 85 87 90 93 94 95 98 99
4 9 18 19 21 24 25 27 29 31 33 37 40 42 47 48 54 56 62 66 70 71 72 73 74 75 76 80 83 85 86 87 89 90 92 94 99
5 11 12 14 16 20 21 23 26 27 30 31 32 33 34 35 40 44 45 46 49 54 56 57 58 60 61 62 63 64 65 66 67 72 74 75 76 78 79 80 85 89 91 94 96 98 99
6 8 12 15 17 21 24 33 34 37 39 40 48 50 54 56 57 59 60 61 67 69 70 71 74 75 76 79 80 84 90 93 94 97 99
7 10 15 16 18 20 21 23 24 36 38 39 41 43 44 48 51 53 54 61 62 65 66 67 70 71 72 73 74 77 79 81 87 89 90 92 93 94 95 98
8 10 15 16 17 18 19 21 22 25 27 28 31 34 36 39 41 45 47 50 51 53 57 60 61 67 68 69 73 74 75 77 81 85 86 88 90 91 93 95 96 99
9 11 14 15 21 23 24 26 27 28 30 33 34 35 38 40 41 42 50 62 64 65 66 67 68 70 71 73 74 76 78 82 84 86 87 88 91 94 95 97 98
10 11 12 13 16 17 21 22 24 25 26 29 34 36 37 38 39 41 43 48 50 52 53 57 59 62 63 64 65 66 67 70 78 81 82 89 93 97 98
11 12 14 15 18 20 24 25 27 35 36 38 41 43 44 49 51 52 53 55 60 67 68 69 71 72 76 80 83 85 86 90 92
12 16 22 23 25 35 36 38 39 42 45 47 52 54 58 61 63 70 78 79 80 81 84 88 91 94 96 98 99
13 16 18 22 23 24 27 30 37 39 43 45 46 48 50 53 55 56 60 61 63 64 67 73 74 76 84 85 86 88 89 90 91 94 95 97
14 15 16 19 20 23 26 29 30 32 33 35 36 37 40 41 44 45 48 49 50 51 57 58 59 63 64 66 69 70 72 73 76 79 80 82 84 85 87 88 91 93 95 96 97
15 19 20 22 23 24 27 28 32 34 37 38 39 41 43 45 50 52 55 59 60 61 62 63 64 66 69 70 72 75 76 80 81 83 86 93 95
16 18 21 24 26 27 29 30 32 34 36 45 46 50 51 53 57 60 62 64 70 72 74 75 86 87 90
17 18 21 22 24 25 30 31 33 34 36 41 43 44 45 46 48 50 51 56 58 59 60 63 66 67 69 71 73 75 76 78 81 82 85 86 87 89 94 95 98
18 20 21 23 24 25 27 33 36 37 39 40 41 42 45 51 53 54 55 57 59 61 62 65 66 67 77 79 80 82 83 84 86 90 94 96 97 99
19 20 22 23 24 27 28 33 36 37 38 39 42 43 47 50 51 52 53 54 56 61 64 67 68 69 71 72 77 79 86 91 92 95 96 99
20 21 22 23 27 28 30 31 32 34 36 37 38 40 41 43 45 50 51 55 56 58 59 61 67 69 72 74 75 76 77 78 79 83 84 85 87 88 91 93 95 97 98 99
21 22 26 27 33 34 36 37 38 41 49 50 51 52 53 55 57 58 64 65 71 72 76 79 80 81 83 88 90 96 99
22 23 24 28 29 41 43 45 46 48 51 53 54 66 67 68 71 72 75 77 80 81 82 85 86 88 91 94 98 99
23 24 28 29 30 31 33 34 35 39 51 52 54 55 58 61 64 66 67 71 73 78 83 85 86 87 88 95
24 25 26 27 30 32 40 46 47 48 49 50 53 55 56 65 69 71 72 81 89 90 93 95
25 27 28 29 33 37 39 45 47 55 58 59 60 66 67 69 70 71 77 81 83 85 87 89 91 95 98
26 34 37 39 40 52 53 55 56 60 64 66 73 76 81 83 84 85 90 91 92 94 99
27 28 31 33 34 37 41 43 44 45 47 48 50 51 57 58 59 60 68 70 74 75 76 77 79 80 81 86 87 93 95 96
28 29 38 43 44 46 47 49 55 56 57 58 65 66 67 68 70 76 78 79 80 82 83 84 85 87 89 91 92 93
29 30 33 34 40 41 43 44 46 51 53 54 56 59 60 61 66 69 70 72 79 81 82 84 89 92 94 98
30 31 34 40 42 44 45 50 52 53 55 56 63 66 68 74 76 79 81 83 85 91 93 95 98 99
31 33 34 39 41 42 44 46 48 49 52 53 54 55 57 60 61 72 74 76 77 78 80 83 84 85 95 97 99
32 37 38 39 43 48 50 51 53 54 55 59 60 61 66 70 73 74 75 76 78 80 83 85 87 88 90 91 92 93 96
33 34 38 40 43 44 46 47 51 55 57 59 62 63 64 65 67 68 78 80 86 91 92 93 97 98
34 39 44 45 48 51 54 55 57 63 67 70 76 79 82 83 85 87 90 92 94 95 96
35 36 37 38 43 47 48 51 52 53 56 57 58 59 65 70 73 75 76 78 79 84 86 96 99
36 38 46 47 48 49 52 53 55 56 57 58 63 67 68 69 71 73 74 76 77 79 82 85 90 91 96 98
37 39 42 44 47 50 51 52 53 66 67 71 74 76 87 89 91 92 93 97
38 39 41 42 50 52 54 58 60 61 63 65 73 76 79 80 83 84 88 89 90 91 93 95 96 97 99
39 41 43 44 45 56 60 63 64 66 67 68 72 75 76 77 78 79 80 82 89 90 91 92 95
40 41 43 44 45 46 47 50 51 52 54 56 57 58 60 64 70 72 73 74 85 87 91 93 94 96 98
41 43 48 50 51 52 53 61 62 68 69 71 73 74 76 79 81 93 95 97 98
42 43 47 51 52 54 55 57 60 65 67 75 77 79 81 84 92 94 97 98 99
43 44 46 51 52 61 66 75 76 79 80 81 82 86 92 93 96 99
44 45 48 49 50 54 56 57 58 61 68 73 75 76 80 82 86 90 91 97 98 99
45 48 56 57 58 60 63 64 67 68 71 75 80 81 82 84 86 88 89 93 97
46 48 49 50 52 53 55 63 65 66 70 71 73 79 81 85 87 91 93 96 97
47 50 51 55 56 57 60 65 68 71 77 79 80 83 91 96
48 49 51 52 53 55 56 57 58 60 61 63 65 68 69 71 72 76 77 84 85 91 94 95 96 97 99
49 51 66 69 70 75 76 77 79 81 82 86 89 90 91 93 99
50 51 52 53 54 55 60 61 62 65 66 71 74 75 81 85 92 93 95 96 98
51 52 53 57 58 60 61 62 63 67 69 71 73 75 77 78 81 84 86 88 89 90 91 93 94 98 99
52 56 58 61 63 64 66 68 71 73 74 75 76 77 81 82 84 89 90 93 94 97 98 99
53 55 56 59 67 68 71 72 75 78 79 83 87 89 90 92 94 96 97 98
54 57 59 61 62 67 69 73 76 77 79 82 83 85 86 87 88 91 93 96 98
55 57 62 64 66 67 68 69 71 72 74 75 77 79 80 86 90 91 93 96
56 58 60 61 62 66 67 70 71 75 80 82 84 86 90 92 93 94 98
57 63 69 71 72 73 78 79 82 83 86 87 89 91 93
58 59 60 61 69 71 73 75 79 80 81 82 83 84 85 87 88 98
59 60 62 64 68 73 75 79 80 82 83 86 87 89 90 91 95
60 66 67 68 69 70 72 73 80 81 84 85 87 90 93
61 66 67 68 70 72 79 80 84 85 86 91 93 94 95 96 97 98
62 67 68 69 76 78 80 81 86 92 93 97 98 99
63 64 65 73 75 78 84 86 89 90 91 96 97 98 99
64 65 66 70 71 72 73 77 80 81 82 86 89 94
65 72 74 75 78 80 86 87 91 93 99
66 68 71 73 74 76 77 79 81 82 85 88 91 94 99
67 68 71 73 79 82 83 84 86 88 98 99
68 69 89 90 93 94 95 96
69 71 72 85 86 89 91 92 95 98
70 73 75 77 79 80 82 85 89 90 91 92 97
71 75 80 83 84 85 86 87 89 91 92 93 94
72 73 74 75 79 82 84 86 87 91 92 93 99
73 74 76 79 80 82 84 86 90 94 96
74 84 86 87 89 92 93 94 97
75 77 78 79 88 95 99
76 82 84 88 90 91 92 96 97 98 99
77 80 82 83 96 98
78 81 82 83 85 87 90 91 93 94 96
79 82 84 88 89 90 91 93 94 95 98
80 84 88 92 93 95 96 98 99
81 93 97 98
82 84 91 94 98 99
83 85 90 91 92 93 98
84 85 88 89 93 95
85 86 87 91 92 95 98
86 87 95 97
87 88 92 93 94 95 96 99
88 90 95 97 99
89 91 95 98
90 94 97
91 95 96
92 94 96
93 95 96 98
94 96
95 96 99
96
97 98
98
99

!90