#RandomGeneratorDifficultGraph.py
# GMT Tue Jul 18 08:55:02 2023
# 
0 1 3 4 5 7 8 9 10 11 12 13 14 15 16 17 18 19 20 21 24 25 28 29 30 35 36 39 40 41 42 44 45 46 47 48 49 50 54 55 56 57 59 60 61 62 64 65 66 67 68 69 71 72 73 74 75 76 77 78 79 80 81 82 83 85 86 87 88 89 90 91 94 95 97 98 99
1 3 4 5 6 8 9 10 11 15 16 17 18 19 20 21 23 24 26 28 29 30 31 32 33 36 37 38 39 40 41 42 43 44 45 46 47 49 51 52 53 55 57 58 59 60 61 64 65 66 67 68 69 70 71 72 73 75 76 77 79 80 81 82 84 85 86 87 88 89 91 92 93 94 95 96 98 99
2 3 4 5 6 7 9 10 11 16 17 19 21 22 23 24 25 26 30 31 32 34 35 36 38 39 40 42 43 45 46 48 49 50 51 52 53 54 55 58 59 60 61 62 63 64 65 68 69 70 71 72 74 76 77 78 80 81 83 84 85 86 87 88 89 90 92 95 96 99
3 4 5 6 7 8 9 10 12 13 16 17 18 19 23 25 26 28 29 30 31 32 33 34 36 37 38 39 40 41 42 43 45 46 47 48 49 53 55 56 57 58 60 61 62 63 64 65 66 67 68 69 71 73 75 76 79 80 81 82 84 85 87 89 90 91 92 93 94 96 97
4 6 8 9 10 13 14 15 16 19 21 22 24 25 26 27 30 31 33 34 35 36 37 39 40 41 42 43 46 48 49 50 51 52 54 55 57 58 60 62 65 68 70 71 74 76 79 80 83 84 85 87 89 91 92 93 95 97
5 6 7 8 9 11 12 13 14 16 17 18 19 21 22 23 25 26 28 29 30 32 33 34 35 36 37 38 39 42 44 46 48 49 50 51 52 53 54 55 57 58 59 60 61 62 63 65 66 67 68 69 70 71 72 73 75 76 77 78 81 82 84 86 87 88 89 91 92 93 94 95 96 97 98 99
6 7 10 11 12 14 15 17 18 19 20 21 22 24 26 27 28 29 31 32 33 34 35 36 37 38 39 40 42 43 44 45 48 50 51 52 53 54 58 59 60 61 62 63 64 65 67 68 69 70 71 73 74 75 76 78 79 80 81 82 84 85 86 87 88 89 91 92 93 95 97 98 99
7 8 9 11 12 14 15 16 18 19 20 21 22 23 24 25 26 27 28 30 31 32 33 35 37 38 40 41 43 44 45 46 47 48 49 50 51 52 54 55 56 57 58 60 61 62 63 64 65 66 67 68 71 72 75 76 79 80 81 82 83 84 85 86 87 88 90 92 94 95 96 99
8 9 10 11 12 14 15 16 17 18 19 21 22 23 24 25 26 27 28 29 30 31 32 33 34 36 37 38 39 42 43 44 46 47 50 51 54 55 56 61 63 64 65 66 67 68 69 72 73 75 77 78 79 80 82 83 84 85 86 88 92 93 94 95 96 97 98 99
9 10 11 12 13 14 16 17 18 19 20 21 22 24 25 27 28 31 32 33 34 37 38 39 40 41 42 43 44 46 47 48 49 50 51 53 56 57 58 60 61 62 63 64 65 66 67 68 69 70 71 73 74 75 77 83 84 87 88 90 91 93 94 95 98 99
10 13 14 15 17 18 20 21 23 24 25 27 28 29 30 31 32 33 34 37 40 41 42 44 45 47 48 49 51 52 53 54 55 56 57 58 59 62 63 64 65 66 67 68 70 71 73 74 75 77 78 80 81 82 83 84 85 88 89 90 91 92 94 99
11 12 13 14 15 16 19 20 21 22 24 25 26 27 28 29 30 31 33 37 39 41 45 46 47 49 50 51 52 54 55 57 58 61 63 65 67 68 69 70 72 75 76 77 78 80 81 82 83 84 85 86 87 88 89 90 91 93 94 96 97 99
12 13 15 16 17 18 19 20 24 26 27 28 30 31 32 33 34 35 36 37 38 39 40 41 43 46 47 50 51 52 53 54 55 56 58 59 60 62 63 65 67 69 71 73 75 78 81 82 83 84 85 86 87 89 91 93 95 97 99
13 14 15 16 17 18 20 23 24 25 27 29 31 32 34 35 38 39 41 43 45 47 48 49 50 51 53 55 56 57 58 59 61 62 63 64 65 67 68 69 71 74 77 78 79 81 82 83 85 87 90 91 92 93 95 96 97 98 99
14 16 17 19 21 23 24 25 26 27 31 32 33 37 39 40 41 42 43 44 46 47 48 50 52 53 58 59 60 61 62 63 64 65 66 67 68 69 70 73 75 77 80 82 83 85 86 87 88 89 90 91 92 93 94 95 96 97 99
15 17 18 19 21 23 24 27 28 29 30 33 34 35 36 37 38 40 42 43 45 46 47 49 52 53 56 57 58 59 61 63 64 66 71 73 75 76 79 80 82 83 85 86 89 92 93 94 95 96 98 99
16 17 18 19 20 21 22 23 24 25 26 27 28 29 31 32 34 38 39 40 41 42 44 45 47 49 50 52 56 59 60 61 62 63 65 66 67 68 69 73 74 75 76 77 78 79 81 82 84 86 87 88 89 90 92 93 94 96 97 99
17 18 19 21 22 24 25 27 28 29 30 31 33 35 36 37 38 39 40 41 42 44 45 46 47 48 49 50 51 52 53 54 55 56 57 58 59 61 62 63 65 66 67 68 69 70 71 72 73 75 76 78 80 82 83 84 87 88 89 90 91 92 93 95 96 98 99
18 19 20 22 23 25 27 28 30 32 33 34 35 36 37 38 40 41 43 44 45 47 49 52 53 54 55 56 57 60 61 62 63 64 66 68 69 70 71 72 74 75 76 78 79 80 81 82 84 85 87 89 90 93 97 98 99
19 21 22 23 24 25 26 27 28 29 30 31 33 34 38 39 40 42 43 44 45 47 48 50 52 54 55 60 61 63 64 65 68 69 70 71 72 73 74 75 76 77 79 80 81 82 86 87 89 90 91 95 96 98 99
20 21 23 24 25 26 27 28 31 32 33 35 36 37 38 40 41 42 43 44 47 48 49 50 54 55 56 58 59 60 62 65 66 67 68 69 70 71 73 74 75 76 77 79 80 81 83 87 88 91 92 94 95 96 97 98 99
21 22 23 24 25 26 28 29 30 31 32 33 36 37 39 41 42 43 44 48 49 50 51 52 53 55 56 57 58 59 60 61 65 66 67 69 70 71 72 73 74 75 76 78 80 83 84 88 89 91 93 94 95 97 98 99
22 23 24 25 27 28 29 30 32 33 34 37 38 39 40 41 42 44 45 46 47 49 50 52 53 54 55 56 57 59 60 62 63 64 66 67 68 69 71 74 75 76 77 79 81 83 84 85 86 88 89 90 92 93 94 95 96 98 99
23 24 25 26 31 32 37 39 40 43 44 46 47 48 49 50 51 52 53 57 58 60 62 63 64 65 66 70 71 72 73 74 75 76 77 78 79 80 81 82 83 85 86 87 88 90 91 92 93 94 95 96 97 99
24 25 27 28 30 32 33 34 35 36 37 39 41 43 44 45 46 47 48 49 53 54 55 56 57 58 59 60 61 62 64 65 66 67 69 72 73 74 75 76 77 78 79 81 82 83 84 85 86 87 89 91 92 95 98
25 26 27 28 29 31 32 33 34 36 37 38 43 44 45 47 48 49 50 51 53 55 57 58 59 60 62 63 65 66 69 70 71 72 73 74 79 80 82 84 85 86 88 89 90 91 93 94 95 97 98
26 27 28 29 30 33 35 36 38 39 40 41 43 44 45 46 48 50 51 52 53 54 55 56 57 59 61 65 66 67 68 69 71 73 74 77 78 80 81 82 84 85 86 87 88 90 91 92 93 97 98
27 28 30 31 32 33 34 35 38 39 41 42 43 46 48 49 50 51 53 55 56 57 58 59 63 64 65 66 67 68 69 70 71 72 76 79 80 81 82 83 84 85 87 88 89 91 92 93 94 95 96
28 32 33 34 35 37 39 41 42 43 44 45 46 47 48 51 52 54 55 56 57 58 61 63 64 65 66 67 69 71 72 75 76 78 80 82 83 86 87 89 91 92 93 97 98 99
29 31 32 33 35 37 38 39 40 45 46 48 49 50 51 52 53 54 55 56 57 59 60 61 62 64 65 67 69 71 72 73 74 75 77 78 80 81 82 83 84 86 88 89 90 91 92 93 94 97 99
30 31 32 34 38 39 40 41 43 44 45 46 48 49 50 51 52 53 55 57 58 60 61 63 64 65 67 69 71 73 74 81 82 83 84 85 87 88 89 90 91 92 93 97 98 99
31 32 33 34 36 37 38 39 41 43 44 45 46 47 49 50 51 52 56 57 58 59 63 65 66 67 70 71 73 74 76 79 80 82 83 85 86 87 88 89 90 91 92 93 94 95 96 97 98 99
32 34 35 36 38 39 40 41 44 45 47 50 51 52 53 54 55 56 57 58 62 63 64 65 68 69 71 72 73 74 75 78 79 80 82 83 85 87 89 90 92 95 96 97 99
33 34 35 38 39 40 41 42 43 44 48 50 51 52 53 54 55 56 57 58 60 61 62 63 64 65 66 67 68 69 70 72 73 74 76 77 78 79 80 81 83 86 87 88 91 92 93 95 96 98 99
34 35 36 39 40 42 43 46 47 48 49 51 54 55 56 57 58 59 60 61 62 63 64 65 66 67 69 71 72 73 75 76 77 79 80 81 83 86 87 90 91 92 93 94 96 97 98 99
35 36 37 38 39 40 41 43 44 45 47 50 51 55 56 58 60 62 63 64 66 67 68 69 70 71 72 73 74 75 76 77 78 81 82 83 86 88 89 90 91 92 95 96 97 98 99
36 37 39 40 41 42 44 45 46 47 49 50 51 53 54 55 57 58 59 60 61 62 63 66 67 68 69 71 72 73 74 75 79 80 82 83 84 85 86 87 88 89 90 91 93 95 97 98 99
37 38 39 40 43 44 45 46 47 48 49 51 52 54 55 56 57 58 59 60 62 63 64 65 66 67 68 69 70 71 72 74 76 77 79 80 81 82 83 85 86 87 88 89 90 95 96 97 99
38 39 41 42 43 48 49 50 51 52 53 55 57 58 59 61 62 66 68 69 70 71 72 73 74 75 76 77 78 79 80 81 82 83 86 88 89 90 91 92 93 94 95 96 98 99
39 42 46 47 49 50 51 52 54 56 58 60 61 62 65 66 67 68 69 70 75 76 77 78 80 83 84 86 87 89 91 92 93 94 97 98 99
40 41 42 43 45 46 47 48 49 52 54 55 56 57 58 59 62 63 65 66 67 68 69 70 71 72 73 74 75 77 79 80 81 82 84 85 86 87 88 90 91 92 93 94 95 96 98 99
41 42 43 44 45 47 49 51 52 54 56 57 58 59 60 61 62 65 67 68 70 71 72 73 74 76 77 78 79 80 82 83 84 85 86 87 92 94 96 97 99
42 46 47 48 49 52 54 57 59 62 63 64 65 66 67 68 69 71 74 75 76 77 78 80 81 82 83 84 87 88 90 92 93 94 95 99
43 44 45 46 47 48 49 50 51 52 53 54 55 56 57 59 60 61 65 66 67 68 69 70 72 73 75 76 79 80 83 86 87 88 89 90 91 92 93 94 95 96 97 98 99
44 45 46 49 51 53 54 56 58 60 62 63 64 65 66 67 70 71 72 73 76 77 78 79 82 83 84 86 87 88 89 93 95 96 99
45 46 47 48 49 51 52 53 57 59 60 62 64 66 67 69 70 72 74 75 76 77 78 79 80 81 82 84 85 87 88 89 90 91 93 95 96 97 98 99
46 47 48 51 52 53 56 60 61 63 64 66 67 68 70 72 73 74 75 76 77 79 80 81 82 83 87 88 90 93 94 95 96 97 98
47 49 50 51 52 54 55 58 64 65 66 68 69 71 72 73 74 75 76 77 78 81 82 83 84 85 87 88 89 90 91 92 95 97 99
48 49 50 51 52 53 55 56 57 59 60 61 62 63 64 66 67 68 69 70 71 72 73 74 76 77 78 80 82 83 85 86 87 88 89 90 91 92 93 95 96 97 99
49 51 53 55 56 59 63 64 65 66 67 70 72 74 76 77 78 79 80 81 83 84 85 86 87 89 91 93 94 95 97 98 99
50 51 52 53 54 55 58 60 61 62 64 66 67 68 69 71 72 74 76 78 79 80 81 83 84 85 87 90 91 92 94 96 97 98 99
51 52 53 54 55 56 58 59 60 61 64 66 67 69 70 72 73 74 76 77 78 79 80 82 83 84 85 86 88 90 91 92 93 97 98 99
52 53 55 56 58 59 60 61 63 64 66 67 70 71 72 73 74 75 76 77 79 85 86 87 88 91 92 93 94 95 97 98
53 54 55 56 58 59 60 61 63 65 66 67 68 70 72 73 74 76 77 78 80 81 82 84 85 87 88 89 90 92 93 94 95 97 98 99
54 55 56 57 58 60 64 65 66 68 69 72 74 75 79 80 81 82 83 84 86 87 88 89 91 92 95 97 99
55 57 58 59 61 62 63 64 66 70 73 74 76 77 79 80 81 82 85 86 87 89 90 91 92 93 94 95 97
56 57 59 60 62 63 64 65 66 68 69 70 75 76 77 78 79 80 81 83 84 85 86 90 91 92 93 96 97 98 99
57 60 61 62 65 67 68 69 70 72 73 74 76 77 78 80 81 82 83 85 87 88 89 91 92 93 96 97 99
58 60 62 63 65 70 71 72 74 75 76 78 80 81 83 84 86 87 88 89 90 92 93 97 98 99
59 60 61 63 65 66 67 68 70 71 73 76 78 81 83 84 85 86 87 88 89 90 92 93 94 96 97 99
60 61 62 64 66 67 69 71 72 73 74 75 76 78 79 80 81 82 85 86 88 89 91 93 94 95 98
61 62 64 65 66 67 72 73 75 78 79 80 81 83 84 86 87 89 90 92 93 94 96
62 64 65 66 67 69 72 74 75 76 77 78 79 81 82 84 85 86 87 88 89 90 91 92 93 94 95 96 97 98 99
63 64 66 68 71 73 74 75 76 79 82 85 86 87 88 89 90 91 92 93 94 95 99
64 65 66 69 70 73 74 77 78 79 80 83 84 85 86 87 88 89 90 91 92 94 95 96 97 98
65 67 68 69 72 73 74 75 76 78 80 82 83 84 85 86 87 90 92 93 94 98 99
66 67 69 71 72 73 74 75 77 78 79 80 81 82 83 85 87 88 89 90 91 92 93 94 95 96 97 98 99
67 68 69 73 74 78 79 80 81 82 83 84 85 86 89 91 92 93 94 96 97 98 99
68 69 70 72 74 76 77 78 79 80 81 82 83 84 85 86 87 88 89 90 92 93 94 95 96 97 98 99
69 70 71 72 73 74 77 79 80 81 83 84 85 86 87 88 89 90 91 92 93 95 96 97 99
70 71 72 73 75 76 77 78 79 80 81 82 83 86 87 88 89 90 92 94 95 98
71 72 73 74 75 76 77 78 80 85 86 87 88 89 90 92 93 94 95 97 98 99
72 73 74 75 78 79 81 85 86 87 88 89 92 94 95 96 97 99
73 74 75 77 79 80 81 84 85 86 87 88 89 90 91 92 93 94 96 97 98
74 75 76 77 79 81 82 83 85 86 87 88 89 90 91 93 94 96 97 98
75 76 78 80 81 82 83 84 85 87 88 89 90 91 92 93 94 95 98 99
76 78 81 83 84 86 88 90 94 95 97 98 99
77 78 80 82 85 87 88 93 94 97 98 99
78 79 80 81 82 85 86 87 88 89 90 91 92 93 94 95 96 97 98
79 80 81 82 83 85 86 87 90 91 92 94 95 96 97 99
80 81 82 85 86 87 88 89 90 92 93 95 97 98 99
81 82 83 84 85 87 88 92 93 94 95 96 97 99
82 83 85 86 87 88 90 92 93 96 97 98 99
83 84 86 87 88 89 90 92 93 95 97 98 99
84 85 86 87 88 89 92 93 94 96 97 98 99
85 87 90 91 92 93 94 95 96 97 98 99
86 88 89 91 92 94 95 96 97
87 88 89 91 92 94 96 97 99
88 89 90 91 92 94 96 97 98 99
89 90 92 93 94 95 97 99
90 91 92 93 95 96 99
91 93 95 96 97 98
92 94 95 96 99
93 94 96
94 95 96 98
95 98 99
96 97 98
97 98 99
98
99

!94