#RandomGeneratorDifficultGraph.py
# GMT Tue Jul 18 16:24:10 2023
# 
0 6 7 16 22 26 38 39 56 66 69 72 76 78 86 88 89 92 93
1 16 19 22 29 30 44 51 54 60 66 68 71 77 86 87
2 5 9 16 18 31 34 39 42 49 50 51 52 53 56 64 66 70 71 88 98
3 10 12 13 15 16 17 19 20 22 29 33 36 41 50 55 63 64 70 72 85 88 92
4 19 21 30 31 37 46 49 52 66 72 75 78 80 88 89 98
5 15 17 18 21 22 28 30 36 51 57 59 66 69 72 78 91 92 93 95
6 12 20 23 25 27 29 30 31 32 34 35 39 42 45 47 50 51 63 67 68 69 70 71 72 81 85 88 93
7 13 19 21 25 36 39 41 42 45 46 49 59 60 61 63 64 66 68 79 87 90
8 10 12 31 32 37 45 48 49 56 70 71 74 75 82 83 84 87 89 95
9 12 19 20 31 32 42 50 57 64 66 76 79 81 82 88 91 96 99
10 12 16 17 19 20 23 27 31 32 33 36 37 47 61 64 67 71 72 79 82 97
11 24 28 47 51 52 55 65 71 74 75 77 79 87 90 94 95
12 19 21 25 37 46 49 54 58 59 64 67 72 81 88
13 16 21 32 43 53 57 59 62 63 67 68 74 78 84 87 93
14 16 31 32 41 46 51 55 56 59 60 61 69 72 73 77 90 96 97 99
15 25 28 33 35 38 44 46 50 56 58 60 62 63 69 73 74 83 96
16 18 19 20 27 35 39 50 55 58 65 73 79 98
17 19 24 26 35 42 44 47 49 60 61 70 77 79 81 84 90 92
18 20 22 23 27 30 39 40 45 50 56 67 75 89 93 99
19 22 23 24 32 35 45 50 51 52 53 59 63 69 72 81 82 84 91
20 30 33 41 67 80 86 92
21 23 27 29 32 41 43 46 59 60 64 66 75 80 82 86 91 96 97 99
22 23 33 34 37 46 52 56 58 68 71 74 76 86 94
23 31 39 43 44 60 65 70 71 80 82 83 90 91 94 95 97
24 40 43 46 48 53 55 57 58 59 71 78 82 85 91 98
25 28 30 35 38 41 52 58 61 66 73 75 76 84 90 91 92 98 99
26 28 30 37 47 48 69 76 80 88 90 95
27 28 38 41 45 54 59 62 83 85 89 93
28 31 34 35 43 58 61 70 74 75 81 91 93 98
29 33 35 40 51 63 64 70 89 92 93 97
30 37 44 47 66 67 73 81 82 83 89 98
31 40 41 42 45 47 49 51 63 68 71 84 92
32 35 36 37 41 48 50 52 53 66 69 71 74 97 99
33 43 61 66 70 73 75 77 83 88 95
34 41 47 52 54 59 79 80 81 93 97 99
35 42 45 58 61 64 73 75 77 80 83 88 95 96
36 37 38 44 51 55 56 61 80 84 91 92 96 98
37 41 42 48 52 57 60 64 74 75 77 90
38 39 40 43 49 52 60 61 68 71 79 80 83 85 90 93 94
39 47 55 68 73 75 83
40 42 43 46 51 60 61 66 74 75 78 80 88 91 93 95 96
41 43 49 59 67 68 83 87 90
42 46 48 54 64 66 68 89 94 97 98
43 44 45 46 52 53 56 59 61 63 64 72 92 97
44 49 53 54 68 72 74 75 76 79 83 89 98
45 47 51 62 63 66 67 82 83 87
46 51 65 69 76 79 84 85 88 91 98
47 57 62 65 70 71 72 87 92 94 96 98
48 50 51 52 53 64 66 73 82 84 85 88 92 93 94 97
49 52 57 64 76 84 91 92 93 98 99
50 51 52 54 57 58 64 70 73 90
51 52 53 61 80 83 84 93 95
52 54 66 67 75 79 80 82 92 95
53 66 69 73 87 89 94 96 99
54 62 68 69 76 78 90 91 94 97 99
55 73 82 84 91 98
56 57 58 68 76 82 83 91 93
57 65 75 83 87 89 93 95
58 64 79 89 94 98 99
59 66 83 90 91 95
60 62 66 68 69 79 81 93 95 98 99
61 77 78 85 88 90 94 95 98 99
62 64 69 71 77 79 95
63 70 71 76 82 84 86 91 92 94
64 72 76 85 88 91 97
65 69 86 87 89 91 93 95 96
66 68 69 71 82 89 92 93 95 98
67 74 85 91 99
68 69 91 93 95 98
69 74 77 84 87
70 73 81 88 95
71 77 78 87 90 99
72 74 76 77 85 86 96 98
73 74 85 95
74 79 80 89 94 96 98 99
75 82 99
76 85 90 94 96 97 98
77 93
78 80 84 97
79 84 87 92 94 95 99
80 85 87 91 99
81 86 98
82 83 87 89 90 92 97
83 90 92
84 86 87 93 97 98 99
85 94
86 87 95
87 90 94
88 93 94 96
89
90 91 93 94 95
91 94
92 94 95 96 97 98
93 94 96 98
94 98
95 98
96
97
98
99

!82