#RandomGeneratorDifficultGraph.py
# GMT Tue Jul 18 16:24:04 2023
# 
0 5 7 10 17 19 36 43 46 53 57 59 65 66 70 79 91 93 95 99
1 4 5 7 11 15 23 37 39 42 44 50 52 57 58 63 65 70 71 74 90 91 98 99
2 3 5 16 23 24 39 42 44 46 47 59 61 63 64 72 77 82 92 95
3 18 28 30 39 40 41 42 45 46 48 57 58 63 74 76 83 85 93 95 96
4 6 7 10 12 16 29 48 53 58 62 68 75 77 84 88 93 99
5 8 18 20 22 24 25 31 34 35 41 44 50 63 71 74 76 81 98
6 7 13 14 17 23 26 29 31 32 39 41 42 50 52 59 61 64 67 72 76 78 81 82 85 87 95 99
7 8 19 25 27 38 47 49 50 57 58 63 65 67 69 71 79
8 14 17 28 37 45 48 49 59 67 68 72 81 82 83 91 96
9 12 16 22 26 28 32 50 51 65 74 84 90
10 14 16 21 27 35 37 38 43 46 52 53 54 58 60 65 66 68 70 89 91 92 97
11 12 22 27 36 47 50 55 59 64 65 66 73 77 78 83 85 87 99
12 18 19 34 49 51 54 56 58 65 66 74 79 82 88 94
13 15 17 20 21 27 39 46 48 52 54 55 68 77 78 99
14 18 20 22 37 44 49 50 54 61 64 65 70 71 74 79 91 97 99
15 16 18 20 26 28 30 38 46 60 72 84 87 92
16 23 44 45 48 50 53 57 67 75 77 82 86 91 99
17 22 28 30 31 32 55 64 66 75 76 81 86 95
18 20 28 39 40 49 64 72 77 80 84 99
19 28 30 31 35 37 40 45 49 51 53 59 68 80 84 85 87 93 94
20 23 35 54 55 56 58 81 85 89 92 94 96
21 47 50 56 76 78 84 92 94 95 97
22 34 43 44 45 52 58 60 61 63 64 67 68 75 77 82 84 86 87 96 97
23 26 29 38 39 42 44 45 51 52 53 59 64 82 93
24 25 34 40 50 54 61 62 64 66 87 92 95 96
25 37 41 43 47 53 54 69 71 76 81 83 91
26 34 37 50 54 61 63 67 70 73 77 82 83 99
27 34 35 38 39 42 48 53 56 59 60 65 73 75 77 82 86 93 99
28 31 32 37 40 42 44 46 52 53 56 63 65 67 70 74 78 79 87 93 97
29 30 38 39 44 47 50 52 56 59 63 68 74 75 78 85 93 94 95 99
30 40 44 49 57 67 68 69 70 72 77 87 97
31 32 41 50 54 67 69 70 73 78 84 85 87 98 99
32 34 38 46 47 58 59 60 67 69 75 78 86 88 91 95 98
33 50 51 66 71 72 74 75 81 82 88 91 92 93 94 99
34 43 46 47 48 51 54 62 65 70 76 82 89 92 95
35 40 51 55 62 63 64 78 83 85 88 92 96 97 98 99
36 58 60 61 67 81 86 88 98
37 38 39 44 45 47 57 63 65 67 86 90 91
38 56 66 67 71 76 77 80 85 86 88
39 41 42 44 47 48 49 56 62 72 73 81 86 87 94 97
40 41 47 51 58 61 63 72 78 79 95 96 99
41 49 50 52 55 57 61 65 66 73 80 87 88 92
42 53 57 58 62 64 72 73 76 79 81 84 85 92 96 97
43 48 58 60 61 66 68 69 73 77 84 87 98
44 50 54 57 62 63 72 76 79 80 81 83 90 94 99
45 57 61 69 70 75 78 79 83 86 87 90
46 47 48 52 68 70 72 74 76 85 87 89 90 94 95
47 51 57 58 62 63 68 72 80 87 94
48 53 55 57 60 70 73 75 84 86 94 98
49 61 71 74 77 81 86 94 98
50 59 60 63 66 67 80 81 89 91 97 98
51 61 62 68 85 91 96 98 99
52 58 64 66 72 77 81 95 96 98
53 61 68 69 81 84 86
54 55 60 78 80 81 86 92 96
55 59 60 61 62 64 72 76 92
56 58 61 62 64 66 74 76 82 86 98
57 65 70 72 76 80 87 91 95 96
58 61 64 72 73 74 78 82 84 88 92 95 96
59 68 81 82 91 97 99
60 65 78 85 86 88 89 90 97
61 70 71 84 92 97
62 68 75 83 87 97 98
63 65 70 74 78 82 91 94 95 99
64 69 70 72 74 76 79 87 91 96 98
65 66 76 81 84 87 88 90 99
66 96 99
67 73 82 85 88 89 91 99
68 74 77 86 90 93 94 98
69 71 75 81 82 85 94 97
70 71 73 84 94
71 78 81 82 83 98
72 90 92 94 96
73 79 90 93 96
74 81 83 86 95 98 99
75 79 84 91 93
76 78 80 81 85 87 91 99
77 93 94 97 98
78 82 85 86 88 89 94 95 98
79 81 85 88 93 96 99
80 82 83
81 89 90 92 93 94 95 99
82 83 85 86 87 88 91
83 84 93 94 98
84 89 97
85 88 94 95
86 92 96 97
87 90 97
88 90 98
89 91 96
90
91 94 95
92 94 96 98
93 94 96 98
94 97
95
96
97
98
99

!82