#RandomGeneratorDifficultGraph.py
# GMT Tue Jul 18 12:47:46 2023
# 
0 1 3 4 5 6 7 8 9 10 12 17 18 21 25 26 27 29 36 37 38 40 43 44 46 47 48 49 53 57 58 59 60 63 71 74 76 77 78 79 81 82 84 85 88 90 91 94 97 98
1 3 4 6 7 10 11 15 16 24 25 29 30 32 33 37 38 42 45 46 47 48 49 50 52 53 56 60 65 67 68 76 77 80 82 83 87 88 89 91 92 94 95 96 99
2 3 4 5 6 7 12 14 16 20 21 24 25 28 30 31 33 34 36 37 38 39 41 46 47 49 52 53 55 57 60 61 62 63 65 66 67 68 70 72 76 79 81 85 86 88 89 90 91 93 94 97 98 99
3 4 5 6 7 11 12 16 19 21 23 28 33 35 41 44 47 49 52 53 55 56 57 59 61 63 68 70 72 73 74 75 77 79 80 84 87 88 89 95 96 99
4 5 6 7 9 10 12 13 15 16 20 23 25 26 27 29 32 33 34 35 39 41 43 48 52 53 55 56 57 58 59 60 62 65 68 70 71 72 73 74 75 76 77 78 79 82 83 86 87 89 91 93 95 97 98 99
5 9 10 11 19 21 25 26 27 28 29 30 31 39 40 43 45 48 50 59 64 65 66 69 70 71 77 78 84 85 86 93 94 97 98 99
6 8 10 13 17 18 19 22 25 26 27 29 31 32 37 38 39 41 44 45 46 50 52 54 57 58 59 61 62 63 64 65 68 70 72 74 76 77 80 81 84 86 87 90 92 94 95 96 97 98
7 9 10 18 19 20 23 25 27 28 30 33 34 36 37 38 39 42 43 45 46 47 48 53 56 57 58 59 62 64 66 67 72 77 79 80 81 83 86 87 92 93 95
8 14 15 17 18 19 25 26 27 29 30 31 34 35 36 37 40 46 50 53 60 61 63 67 68 69 71 72 77 79 81 82 86 87 88 89 90 93 96 98 99
9 11 12 14 15 16 17 20 21 22 23 24 26 27 33 35 37 39 44 45 46 48 49 50 51 55 56 59 60 63 65 66 68 69 72 73 74 75 76 77 79 80 81 84 85 86 89 90 91 93 94 96 97 98 99
10 12 14 15 16 17 23 26 27 29 31 32 34 35 37 38 40 47 48 50 53 54 55 58 61 62 63 66 67 68 70 72 73 74 75 78 81 84 86 87 88 89 90 91 93 95 96 99
11 12 15 16 24 26 29 30 34 35 38 39 40 43 46 51 52 58 60 61 64 65 66 69 71 74 76 78 79 80 82 83 88 90 92 94 95 96 97 98
12 13 16 17 18 21 23 25 29 34 35 44 45 46 48 51 52 54 55 56 59 60 61 62 63 66 67 68 69 70 73 75 76 77 78 79 80 85 86 87 88 90 92 95 96
13 14 15 17 18 21 24 25 29 32 34 36 37 42 45 46 47 48 52 53 55 56 57 60 61 62 63 64 65 68 70 71 72 73 74 75 76 77 80 83 85 86 87 91 92 93
14 15 16 17 20 22 24 29 32 36 39 40 43 46 51 52 53 57 59 61 66 67 68 72 73 76 78 79 80 81 82 83 89 90 95 96 99
15 16 17 21 22 24 25 26 27 28 30 32 33 34 36 39 41 44 45 46 49 52 53 54 58 60 62 63 65 66 69 71 74 75 77 78 79 81 82 83 84 86 87 88 90 92 95 97 99
16 17 19 20 22 28 29 32 34 44 46 49 50 52 53 55 57 58 59 61 62 63 65 66 67 68 69 70 72 73 75 77 79 80 81 82 84 86 87 90 93 94 95 97
17 18 19 21 23 24 25 26 29 30 32 35 37 39 40 45 46 47 54 56 58 59 69 70 72 73 74 78 80 82 83 87 89 95 97 98
18 19 20 21 22 23 24 25 26 30 31 37 39 40 43 44 45 46 47 49 50 53 58 60 61 62 63 65 66 67 69 70 72 74 85 86 89 90 92 94 95 96 99
19 20 21 22 24 26 28 29 30 31 33 34 35 36 37 39 40 41 46 47 51 52 54 57 58 63 65 67 68 69 74 75 76 77 78 79 80 82 83 86 88 90 93 97
20 21 22 23 25 26 27 29 30 32 38 39 41 43 48 50 52 53 56 57 61 64 72 73 74 75 76 79 83 85 88 90 91 92 96 98 99
21 23 24 25 26 27 28 30 34 35 36 37 39 40 43 46 49 51 53 56 59 60 61 62 63 65 67 68 69 70 73 74 75 79 80 84 85 86 88 89 92 93 96 98 99
22 25 26 27 28 29 32 33 34 36 37 38 39 42 43 46 47 49 54 55 56 58 59 60 61 68 69 70 75 76 82 84 85 86 88 89 91 93 94 95 98 99
23 24 25 26 30 31 33 34 36 39 42 44 47 48 49 52 53 56 57 58 59 61 65 67 69 71 72 73 75 76 77 79 82 83 84 85 86 87 90 91 92 93 94 95 96 98
24 27 30 32 34 35 37 39 40 42 44 45 47 53 54 55 56 60 61 62 63 64 65 67 68 71 72 74 75 80 84 85 89 90 92 95 97 99
25 28 30 33 35 36 38 39 40 41 44 45 46 51 52 53 56 57 59 60 62 63 64 65 67 69 71 72 73 74 76 79 80 81 82 83 84 86 87 91 94 96 98 99
26 27 30 33 36 39 40 44 45 46 48 50 51 53 55 57 58 61 63 65 68 72 74 76 77 78 80 81 83 85 86 88 90 92 93 94 96 98
27 29 30 31 36 37 38 39 40 41 42 45 46 47 51 52 59 60 61 67 68 69 71 74 75 76 77 79 82 83 85 86 87 89 91 93 95 97 98
28 29 31 32 33 34 37 40 42 43 48 52 53 54 58 59 60 61 62 65 67 70 75 76 78 79 80 81 82 89 90 91 93 94 98 99
29 30 32 33 35 36 37 39 40 42 44 45 46 48 49 50 51 52 53 54 58 59 60 61 62 63 65 66 68 69 73 74 75 78 79 80 82 83 87 88 90 92 93 94 97 98 99
30 31 34 36 38 39 40 42 43 44 45 49 50 51 53 54 56 57 61 62 64 66 67 68 69 70 71 72 73 75 76 77 79 82 83 88 91 92 93 99
31 34 35 36 37 41 42 43 44 45 47 50 51 52 54 55 58 62 66 70 71 72 73 74 75 77 78 81 82 83 84 85 86 88 89 90 91 92 94 96 98
32 33 34 35 36 39 43 45 46 47 48 50 51 60 61 62 63 64 65 66 69 70 74 75 77 79 80 81 82 84 86 87 90 91 94 96 99
33 34 36 37 38 43 47 49 52 54 55 56 58 59 62 65 67 68 71 75 76 79 84 85 86 87 92 95 99
34 38 40 41 44 46 48 49 53 54 60 61 65 66 68 72 76 79 80 82 83 85 88 89 90 93 95 96 98
35 36 39 42 44 47 48 49 50 51 53 55 60 61 62 63 65 66 68 69 70 71 72 75 76 77 80 82 87 90 97 99
36 37 38 41 42 43 45 46 47 48 51 52 54 59 60 61 62 64 65 68 71 74 75 76 78 79 80 81 82 83 85 86 87 88 92 93 96 99
37 40 41 43 45 46 48 49 54 57 58 60 62 65 72 73 79 80 82 85 87 88 91 94 95 96 97 99
38 39 44 46 51 55 57 59 64 66 68 69 72 79 82 83 87 94 95 96 99
39 40 43 46 48 51 53 55 57 62 63 66 68 71 73 75 77 78 81 82 84 85 86 91 94 95 96 98 99
40 43 44 45 48 49 50 51 52 54 55 56 57 59 60 63 64 65 67 70 75 76 77 78 81 82 85 89 90 91 93 97 99
41 42 45 46 47 49 50 51 52 53 54 55 61 64 65 67 68 72 73 74 78 81 82 83 85 86 89 91 93 96
42 44 45 46 50 51 53 54 56 57 60 61 63 65 66 67 69 80 81 82 83 86 87 88 89 90 91 95 97 98
43 47 48 52 55 57 58 59 60 63 64 67 68 69 79 80 81 83 84 85 89 90 92 93 94 96
44 45 47 48 50 54 56 60 62 64 65 66 67 68 69 72 73 75 76 78 81 84 85 86 87 89 90 91 93 94 96 99
45 48 49 50 51 54 57 58 59 60 62 65 67 68 71 72 76 79 83 84 85 88 89 90 91 92 94
46 47 49 50 51 53 58 67 69 70 71 72 75 76 77 79 81 82 83 84 86 88 89 91 92 94 95 96 97 98 99
47 48 49 51 53 54 55 56 60 62 63 64 69 71 73 74 76 77 78 79 80 83 87 88 89 90 94 96 99
48 49 50 53 54 57 58 61 63 64 67 69 70 71 73 75 76 80 83 85 88 89 90 92 94 96 99
49 54 56 58 59 61 62 65 67 68 72 76 79 80 81 84 86 88 89 92 95 97 98
50 52 53 54 57 60 61 66 71 73 74 75 77 79 80 81 82 84 85 86 88 90 92 93 95 96 97
51 52 53 54 57 59 65 69 71 73 75 77 78 79 80 85 88 89 91 94 98
52 54 58 59 61 64 65 66 70 71 79 81 82 83 85 87 89 93 95 97 98 99
53 54 55 56 59 62 64 70 72 73 76 78 80 81 82 84 87 89 90 92 95 96
54 56 58 59 60 62 63 64 68 70 71 72 73 74 75 82 84 85 86 90 93 94 96 97
55 62 63 67 69 72 73 74 75 78 94 97 99
56 58 61 62 63 64 65 68 69 70 72 73 75 76 78 79 80 81 83 85 86 87 91 94 95 96 97 98
57 59 60 62 64 65 66 68 69 71 73 74 75 79 85 87 88 90 92 93 94 99
58 59 62 63 64 65 66 68 69 70 72 73 74 75 77 79 82 83 87 89 91 92 93 94 95 98
59 65 68 69 71 72 73 80 82 85 86 87 89 92 96 97 98 99
60 61 62 63 65 67 71 72 75 76 81 82 83 86 87 88 90 92 95 97
61 62 64 67 68 71 76 77 78 79 80 82 84 86 88 89 91 92
62 64 65 68 69 70 72 75 76 77 79 80 81 82 83 87 89 90 92 94 98 99
63 65 66 68 69 71 73 74 75 76 79 80 81 86 87 91 96 97
64 65 71 72 73 74 75 79 81 87 88 89 96 97
65 66 67 69 71 74 75 76 77 78 79 80 81 84 86 87 88 89 90 91 95 98
66 68 70 74 75 80 81 83 84 85 86 87 88 89 90 91 92 93 94 95 98 99
67 68 72 73 75 81 82 87 89 93 95 96 98 99
68 69 70 73 74 77 78 79 80 82 83 85 86 88 89 90 91 92 94 95 96 97 98
69 70 71 72 73 76 82 83 86 90 91 95 96 99
70 74 75 78 80 82 86 88 90 95 96 98 99
71 72 74 76 81 85 92 93 94 95 96 97
72 73 77 79 80 81 82 83 86 87 93 94 96 98 99
73 74 78 79 80 83 86 87 89 90 91 92 93 94 95 96 97 98
74 78 79 81 83 84 85 86 89 92 95 98 99
75 77 78 84 85 91 94 95 96 97 98 99
76 77 80 82 83 84 85 86 87 88 90 91 93 94
77 78 82 84 85 90 92 93 95 96
78 80 81 82 84 85 87 88 91 93 94 99
79 80 82 83 85 87 88 90 91 92 94 96 98 99
80 84 86 87 88 93 96 97 98
81 83 86 87 88 90 91 97 99
82 83 86 88 89 90 96 97 98 99
83 84 85 88 89 90 91 92 94 95 96 97
84 86 87 88 90 92 94 96 99
85 87 88 89 93 97 98
86 87 88 91 92 94 96 97 98
87 88 91 93 94 95 96 97 99
88 93 94 95 97 98 99
89 90 91 92 94 95 99
90 91 93 94 95 97 98
91 94 98
92 93 94 95 96 97 98
93 97 98 99
94 97 99
95 96 98 99
96 97 99
97 98
98
99

!91