#RandomGeneratorGraph.py
# GMT Fri Apr  7 10:20:05 2023
# 
0 1 2 5 6 10 14 16 18 21 22 24 31 37 39 41 44 45 47 48 54 56 57 62 64 67 70 71 72 75 77 83 84 89 90 94 96 99
1 2 4 8 9 10 11 21 22 23 25 26 28 30 32 34 35 37 39 46 47 49 51 54 56 57 58 61 63 65 67 74 75 78 86 87 88 89 91 94 98 99
2 5 6 8 13 15 16 17 18 21 29 30 33 37 38 39 40 42 44 48 52 53 55 58 60 61 63 65 68 76 78 79 85 94 95 96 99
3 7 10 12 17 22 27 29 30 33 35 36 37 39 42 44 45 48 55 56 60 63 65 66 69 70 71 72 74 78 80 81 83 84 88 89 90 93 94 99
4 7 10 11 15 18 20 21 23 25 38 40 45 50 52 54 60 64 66 70 71 73 75 77 82 85 92 96 99
5 8 9 11 13 15 16 20 24 28 29 30 31 32 35 36 37 41 43 50 53 54 57 61 62 64 66 72 75 76 78 85 86 87 93 94 97 98 99
6 7 10 14 16 17 18 20 21 24 26 29 32 33 41 42 45 48 51 52 56 59 61 65 68 69 71 73 74 75 79 81 83 85 87 91
7 12 14 15 17 19 22 26 28 35 38 40 45 51 52 53 60 62 69 72 74 87 94 95 96 98 99
8 10 13 15 16 17 20 21 24 25 26 30 31 32 34 37 39 40 43 45 46 47 49 50 52 55 57 58 59 60 61 62 66 67 70 71 72 75 76 78 82 84 86 87 91 92 93 97
9 10 14 15 23 26 28 33 34 35 36 38 39 44 45 48 50 57 58 59 60 62 63 65 68 69 70 71 72 76 85 90 94 98
10 12 19 20 24 25 29 32 33 34 35 36 40 41 42 46 47 48 49 50 51 53 55 56 57 59 62 63 71 72 80 81 82 84 88 91 96 97 98
11 12 16 24 25 27 38 41 42 45 54 55 57 62 63 65 66 67 75 76 77 78 80 81 82 83 84 89 93 97 99
12 15 16 19 20 21 26 29 30 32 33 36 38 44 45 48 49 51 54 56 57 59 60 62 63 64 65 67 68 73 74 78 79 80 83 94 95 96 97
13 14 17 20 22 24 30 32 33 38 39 40 42 43 45 49 50 51 53 55 57 58 59 60 62 64 66 69 70 72 86 87 90 92 93
14 15 16 17 19 24 27 33 35 36 37 38 41 42 43 46 47 49 51 54 56 58 59 60 62 64 68 70 74 76 77 78 79 81 82 84 87 88 93 98
15 25 28 31 32 33 36 37 39 49 51 52 53 56 57 68 70 71 75 77 78 85 88 94 95 98
16 21 26 28 29 37 38 39 43 44 46 47 50 55 56 57 60 63 68 71 72 73 81 83 84 87 88 98 99
17 29 32 35 41 48 49 50 51 52 56 60 61 65 66 72 75 76 81 83 84 91 97
18 20 24 25 29 37 39 41 43 49 51 52 54 57 58 60 61 66 70 71 72 74 79 80 84 86 87 89 90 91 93 94 95 97
19 22 23 24 26 29 31 32 33 34 35 40 41 45 46 47 50 52 53 60 62 63 65 66 68 74 75 76 77 80 83 88 90 91 92 94 95 98 99
20 21 22 25 28 29 30 31 33 34 38 39 40 43 47 49 51 56 57 62 63 64 66 68 75 78 83 84 86 87 88 91 96
21 24 27 31 32 33 35 36 37 40 42 45 47 52 53 54 56 57 60 62 63 65 67 68 78 79 82 83 85 86 93 95
22 23 30 31 37 38 43 46 54 57 59 61 63 65 67 72 73 77 80 84 85 89 90 95 96 97 99
23 26 28 29 30 32 33 34 35 36 38 42 43 48 49 51 54 55 57 58 61 62 64 65 67 68 72 75 77 79 81 82 83 85 87 88 91 93 95 96 97 99
24 27 29 36 38 39 40 43 44 45 46 47 50 51 54 55 57 59 60 63 65 70 75 80 82 86 88 91 92 93 94 96 97
25 26 27 31 32 34 38 39 40 42 44 46 47 50 52 53 54 64 67 68 70 71 73 74 75 77 78 79 81 82 87 90 91 93 95
26 27 28 30 31 32 34 36 37 38 39 44 52 53 54 58 62 68 69 70 74 75 78 79 86 88 89 94 95 98 99
27 31 36 37 38 42 49 50 51 52 56 57 61 63 66 67 69 71 74 82 83 84 89 90 91 92 95 96 98 99
28 33 35 39 40 43 44 48 49 50 59 63 64 65 71 73 74 75 79 80 82 84 89 91 93 94 96
29 31 38 41 43 44 50 51 57 59 60 62 63 65 66 74 76 77 79 85 88 96
30 35 36 38 39 46 47 50 54 58 59 60 65 68 69 70 80 83 84 92 94 96 97 99
31 33 35 36 40 43 45 47 50 52 57 58 59 60 70 71 72 73 74 76 80 82 87 92 94 95 98
32 33 40 42 49 52 54 58 59 60 61 62 63 66 68 69 72 74 78 79 80 81 82 83 95
33 34 39 40 43 50 52 53 55 56 58 59 61 62 66 69 74 77 79 82 86 88 91 92 94 98 99
34 37 38 42 46 47 50 51 52 55 57 61 62 66 67 70 73 74 79 81 82 85 88 90 93 94 96 98 99
35 43 45 46 49 50 53 54 56 57 59 62 66 67 68 69 72 78 80 83 85 87 88 90 91 97
36 37 40 45 46 47 48 51 54 55 56 58 59 60 61 62 63 64 66 67 68 69 75 77 79 80 81 84 85 87 91 93
37 48 49 53 59 64 66 70 72 77 79 83 85 87 93 96 98 99
38 42 46 48 50 51 52 55 56 57 63 66 72 73 76 77 81 83 91 92 93 96 98
39 40 41 45 46 48 50 51 53 54 58 59 62 67 71 76 77 78 79 80 82 86 90 96
40 44 45 47 48 49 55 57 59 64 70 72 77 81 84 91 92 94 96 99
41 50 56 58 60 62 66 67 68 70 71 76 77 80 81 82 83 86 91 97
42 44 46 47 50 53 55 56 59 60 61 63 66 67 68 69 71 72 73 74 75 76 79 81 83 87 88 96 98 99
43 44 49 53 54 55 56 57 59 70 72 73 75 76 77 78 79 82 85 90 94 99
44 46 48 49 55 58 63 64 65 67 69 71 72 73 76 78 80 82 83 86 88 92 94 95 96 98
45 46 47 48 58 59 60 61 66 68 71 72 73 75 77 80 84 88 92 95 97 98
46 47 51 52 53 54 55 56 57 58 60 61 63 64 65 67 68 69 74 77 78 81 83 84 87 94 95 98
47 50 53 55 57 62 63 65 71 72 74 75 76 81 84 86 90 94 95 99
48 49 51 54 55 57 59 62 63 64 65 67 69 76 78 81 83 87 90 91 93 94 99
49 52 55 57 59 60 61 62 65 66 68 76 77 78 82 86 87 88 90 91 95 96 98
50 56 58 59 61 62 63 65 69 70 71 74 76 77 80 82 84 85 87 94 96
51 52 55 57 58 59 62 66 67 72 77 80 81 83 91 93 94 95 98
52 55 56 58 62 71 73 74 76 77 81 83 86 87 90 92 95 98 99
53 58 60 64 65 70 71 73 80 81 82 87 88 89 90 92 93 95 99
54 57 58 59 60 61 62 63 66 72 74 78 80 81 88 89 90 94 95 97
55 58 60 61 63 66 69 71 72 73 74 75 82 85 93 96 98
56 57 58 63 64 65 66 70 73 80 85 86 87 88 92 97 99
57 58 59 64 66 72 77 79 82 84 93 94 95
58 62 64 67 72 78 82 89 90 96 97
59 60 61 62 63 64 65 68 70 74 81 86 87 88 93 94 98 99
60 62 63 67 74 75 77 78 80 82 84 85 86 88 91 95 96 99
61 63 64 70 72 75 77 78 79 82 84 89 91 92 93 94 95 96 99
62 63 64 65 66 69 72 77 80 82 83 85 87 91 97 98
63 64 66 70 73 74 79 85 86 87 89 94 95 96
64 66 69 74 81 83 84 88 89 90 92 93 94 96 99
65 66 69 73 74 75 79 80 81 82 83 86 89 91 92 93 94 96 98
66 73 74 75 76 78 79 80 86 87 88
67 68 70 72 73 76 77 78 79 81 84 86 89 90 91 92 96 97 98 99
68 70 71 76 77 80 82 84 88 92 94 99
69 70 71 86 88 92 97 98 99
70 71 73 74 75 77 78 80 82 83 84 86 89 93 95 96
71 72 73 74 78 80 82 84 85 87 88 90 91 92 93 96 98 99
72 75 76 78 80 81 82 87 93 95 97 99
73 75 78 80 86 89 94 97 98 99
74 79 80 83 86 89 90 92 93 94 95 96 97 99
75 82 86 88 89 90 91 92 99
76 78 79 85 86 87 89 94 95 96
77 79 81 82 83 86 88 89 90 93 95 97 98
78 79 80 82 84 85 86 87 89 90 95 98
79 82 83 86 87 90 93 94 95
80 85 88 93 94
81 82 83 89 91 92 93 95 96 97
82 85 88 92 93 96 98
83 84 87 88 92 98 99
84 85 86 87 88 91 95 98 99
85 86 93 97 98
86 91 92 93 95 99
87 88 91 94 95 96 98 99
88 89 91 92 95 98
89 90 93 94 96 98
90 91 92 98
91 92 94 95 98
92 93 94 95
93 94
94 95 98 99
95 99
96 99
97
98
99

!90