#RandomGeneratorDifficultGraph.py
# GMT Tue Jul 18 16:23:48 2023
# 
0 1 9 10 14 20 21 27 36 40 43 57 61 72 73 78 92
1 3 6 15 17 26 27 28 31 34 35 37 43 46 47 53 54 55 57 71 82 84 88 98 99
2 9 26 27 40 42 43 44 54 63 65 66 68 72 73 76 84 86 87 93 97
3 12 31 33 35 36 42 45 47 52 57 59 67 69 73 83 87 89 90 97
4 19 20 23 37 42 47 49 56 67 69 72 75 79 80 82
5 9 11 17 24 35 48 52 80 84 90
6 8 14 22 30 37 39 47 48 56 59 60 61 65 72 74 78 89 99
7 9 10 12 14 18 19 21 23 24 25 36 43 46 56 60 61 66 69 73 75 77 78 82 95
8 15 18 21 31 35 45 59 60 64 67 68 71 75 76 79 81
9 18 21 24 25 45 66 69 70 87 88 91 98
10 17 21 29 35 37 53 67 68 74 84 88 97 98
11 12 18 22 23 26 33 35 39 40 42 45 46 47 73 75 84 92 95 97
12 17 21 27 41 43 45 46 47 48 62 71 80 83 89 93 95
13 19 25 27 28 29 30 35 39 46 56 69 77 90 96
14 18 23 24 26 29 35 37 39 44 46 58 68 74 80 86 89 90
15 22 24 27 33 35 40 43 48 52 53 56 75 86 88
16 18 19 23 24 31 32 40 41 44 56 60 64 68 74 75 76 78 80 81 88 90 93 95 97
17 23 24 30 31 32 39 63 77 81 87 88 91 98
18 27 28 36 40 45 56 58 68 71 74 75 76 79 80 83 84 98 99
19 23 25 28 30 31 38 41 49 51 65 66 78 79 80 84 87 88 92
20 22 23 27 37 39 49 52 53 54 57 72 75 77 79 84 86 92 95 96 99
21 22 32 33 36 37 47 71 79 83 85 92 95
22 24 26 29 34 38 46 52 53 55 64 66 69 72 73 79 81 85 91 92 97
23 27 28 36 37 38 39 43 51 91 99
24 31 33 38 46 48 50 52 53 58 60 65 68 70 73 80 82 84 88 90 96
25 30 32 37 40 50 60 61 62 65 66 72 84 88 89 91 93
26 29 41 45 56 57 66 74 79 81 86 97 98 99
27 28 32 33 35 40 46 52 54 74 78 87 91 98
28 30 41 42 51 53 58 68 70 76 79 82 85 86 87 94
29 37 41 43 46 54 64 65 70 74 82 83 86 87 92 93 98
30 31 36 37 38 39 41 43 44 52 57 58 67 69 73 74 78 80 83 84 86 89 92 95
31 35 50 54 57 71 72 81 82 87 99
32 33 34 39 46 52 53 56 71 74 80 94 98
33 36 38 39 41 42 46 47 52 57 66 67 70 75 78 88 92 93 95
34 38 44 45 46 56 62 78 87 94
35 36 47 48 63 68 69 72 76 77 79 80 82 85 91 95
36 42 43 45 46 48 55 65 73 79 83 84 87 95 97
37 40 45 51 56 57 63 68 81 88 91 98 99
38 52 58 70 76 78 85 88 89 95 96 98
39 46 47 61 70 77 83 84 87 89 91 93 94 96
40 45 46 51 55 56 61 68 76 78 80
41 42 44 45 50 52 62 66 72 74 76 82 90 94 97
42 43 46 51 52 58 59 64 73 75 83 92
43 44 52 58 64 68 73 83 87 89 91 93 94 99
44 48 52 53 65 70 72 75 79 84 87 89 94 98
45 51 52 53 56 64 77 78 82 91 92 93 96 97
46 47 48 51 52 54 59 66 71 73 83 85 89
47 48 49 56 64 69 75 78 80 90 97
48 50 54 56 62 69 70 75 79 80 82 91
49 60 61 76 81 84 94 95 97
50 56 73 84 88 91 92
51 52 60 64 65 81 86 87 89 95 99
52 54 62 63 67 71 73 78 88 92
53 54 57 60 62 65 76 83 89 98
54 57 58 59 60 61 64 77 78 80 84 86 95 96 99
55 56 57 64 69 72 74 78 84 89 93 97
56 65 70 73 74 97
57 82 84 85 89
58 59 63 76 78 79 83 87 89 91 98 99
59 66 68 71 75 79 91 92
60 62 65 78 79 89 90
61 62 69 73 79 86 88 89 94 95 96
62 69 74 79 83 84 88 92 93 95
63 72 75 76 82 87 91 95 96
64 67 71 73 92 94 96 98
65 66 69 74 81 83 84 85 88 89 96
66 72 78 88 95 96
67 68 69 70 75 80 81 87 89 90 91
68 75 78 85 86 89 96 97 98
69 70 71 72 90 93 94 96 98 99
70 78 82 83 89 90 93
71 73 74 77 78 79 80 81 89 96 99
72 77 78 82 84 90 91 94 95 98
73 74 82 86
74 75 80 81 83 99
75 76 77 92 97
76 92 96
77 81 91
78 95 98
79 81 84 91 97
80 81 82 85 94
81 89 92 98
82 87 90
83 86 93 94
84 87 95 98 99
85 86 97
86 88 89 94
87 89
88
89
90 94
91 98
92
93 96 98
94 98
95
96 98
97
98
99

!81