#RandomGeneratorDifficultGraph.py
# GMT Thu Jul 20 14:28:24 2023
# 
0 7 12 14 17 18 19 22 24 26 27 29 30 33 37 42 43 44 45 46 47 49 51 52 55 58 60 63 65 67 68 69 71 75 76 79 83 85 86 89 92 93 94 95 96 99
1 2 6 11 13 16 21 23 25 34 36 37 42 43 44 47 53 55 59 63 65 71 75 83 90 99
2 3 6 9 11 12 13 14 15 16 17 19 22 24 26 28 30 31 33 35 42 43 49 51 52 55 58 60 61 63 67 71 74 76 79 82 84 87 88 89 91 97 99
3 5 6 9 12 13 18 26 27 29 30 32 36 39 43 44 47 48 52 57 59 63 64 66 69 71 72 73 74 75 79 81 85 86 88 94 96 99
4 5 6 8 11 13 14 16 19 21 23 24 27 28 32 34 35 36 38 39 40 50 51 52 53 54 58 64 65 66 67 68 70 71 72 73 74 75 77 79 85 87 90 91 92 93 94 97 98
5 6 9 10 16 17 20 24 25 26 30 31 32 33 34 35 37 38 39 41 45 46 47 52 53 57 61 64 65 66 67 70 71 72 73 74 77 78 80 81 82 83 84 86 99
6 8 9 10 11 12 14 15 18 19 20 21 25 27 28 29 33 35 40 41 51 54 56 60 61 62 63 65 67 68 69 75 78 79 80 83 85 90 91 94 95 96 97 98 99
7 10 18 22 23 24 25 29 31 33 42 45 48 49 50 51 56 57 61 63 64 65 68 71 72 81 82 85 86 87 90 91 96
8 9 13 17 18 19 20 21 23 33 34 35 36 37 41 44 45 47 52 55 56 58 61 62 67 68 71 73 75 76 77 81 83 84 86 88 89 90 92 94 95 99
9 10 14 15 22 23 29 33 38 40 42 44 45 47 48 51 52 56 57 60 61 63 65 67 71 72 74 75 79 81 84 87 93 95 96 97 98 99
10 14 20 21 23 27 29 32 33 36 38 39 40 41 43 44 47 50 52 53 57 58 59 62 63 67 69 73 75 76 78 79 84 87 89 90 91 96 97 98
11 12 13 14 15 19 20 26 27 36 37 38 39 41 45 47 48 52 54 57 59 60 61 65 66 67 72 74 75 77 78 83 85 87 91 95 98
12 14 17 18 25 27 31 32 35 37 38 39 43 45 47 48 49 51 53 59 60 62 66 70 72 78 84 86 90 93 94 97
13 14 16 17 18 24 26 31 32 34 35 36 38 44 53 56 57 58 59 60 61 62 63 65 67 68 72 76 92 93 94 97
14 15 16 18 19 20 21 22 24 25 29 31 32 33 34 43 47 48 50 52 55 58 61 63 65 69 73 74 76 78 79 80 81 83 84 85 87 88 89 92 94 98 99
15 16 17 20 29 32 33 36 39 40 43 44 46 48 50 51 58 60 62 64 68 71 75 76 80 85 86 89 95 96 98
16 17 19 21 22 25 27 28 29 31 32 33 34 40 41 42 43 44 47 48 55 57 58 59 61 62 63 64 70 71 72 76 77 78 80 81 82 83 84 87 89 91 99
17 18 21 23 27 31 32 36 39 40 42 44 45 46 47 50 51 54 55 56 59 62 70 73 75 83 86 88 98
18 20 26 33 38 50 52 54 55 57 58 60 65 66 67 68 69 70 71 74 75 76 79 81 82 84 89 91 94 95
19 20 21 25 28 29 33 36 38 40 41 48 49 50 51 53 55 56 57 59 62 63 66 68 72 76 77 78 80 86 91 93 98 99
20 24 25 26 27 28 30 31 37 39 40 47 48 49 50 53 55 58 61 63 65 66 67 81 83 84 86 87 88 89 91 96 98
21 23 27 29 32 33 34 40 41 42 52 55 62 63 65 66 70 71 73 76 77 82 86 87 96 98 99
22 23 24 29 30 35 39 43 47 48 49 51 53 54 58 59 60 62 66 70 74 75 77 78 79 80 82 85 93 94 97
23 26 27 31 32 35 38 39 41 44 46 47 51 53 54 55 56 58 62 64 65 66 67 70 71 72 73 75 77 79 83 89 91 95 96 98
24 25 39 46 47 48 51 52 53 54 55 57 58 60 66 68 69 74 75 78 79 80 85 86 88 89 90 95 98
25 27 31 32 35 40 44 45 47 49 52 53 55 56 58 59 62 64 69 72 73 77 86 87 91 92 96
26 29 31 35 38 41 43 49 51 52 55 60 63 67 70 72 74 76 77 78 79 83 86 87 89 90 91 92 93 95 99
27 29 36 37 38 40 41 42 45 46 47 48 53 55 58 59 64 66 67 70 71 73 76 80 81 83 90 91
28 29 30 33 47 49 50 52 56 57 60 62 68 69 71 72 80 83 86 88 92 96 98
29 30 32 33 35 36 37 38 39 41 44 47 49 50 53 56 57 58 60 64 66 74 76 77 78 80 81 84 90 94 96 99
30 31 38 39 40 42 43 44 46 47 50 58 59 61 68 71 75 83 86 87 89 91 92 96 97
31 33 34 44 45 47 48 49 56 59 60 61 62 67 68 69 70 71 72 73 77 78 80 82 86 87 90 91 92 95 97
32 33 35 36 39 40 44 45 51 52 53 54 55 58 59 61 62 63 64 65 68 70 75 77 79 81 84 87 91 93 95 97 98 99
33 34 36 37 39 40 41 46 48 55 57 60 63 68 69 71 74 75 76 83 84 86 89 95
34 37 38 41 44 46 49 51 52 53 54 55 56 58 60 61 62 63 66 67 69 70 73 75 77 82 87 89 90 91 92 94 96
35 36 39 40 41 44 45 47 48 55 60 68 70 71 77 79 80 86 89 90 96 97
36 38 40 41 45 52 54 55 57 59 61 64 67 68 69 70 71 74 77 79 83 84 86 89 94 96 97
37 39 42 44 47 49 60 62 65 66 67 68 69 70 75 79 80 82 86 90 93 94 97
38 40 43 46 52 54 56 66 67 72 76 80 81 82 85 89 90 93 94
39 41 43 44 45 50 51 56 59 61 64 65 66 70 72 73 74 75 76 77 79 83 85 89 98
40 42 45 46 50 53 54 55 56 58 59 60 61 62 63 74 76 78 80 81 84 85 87 92 96 98 99
41 42 50 55 56 57 59 64 66 68 71 73 75 76 82 84 86 87 91 92 94 95 96
42 43 48 50 51 52 53 54 55 60 64 65 66 68 71 72 79 80 81 82 83 85 86 87 92 94 97 99
43 45 47 48 52 54 56 57 59 60 61 62 65 68 69 70 74 78 79 81 84 85 86 90 91 93 94 96 97
44 45 48 49 50 51 61 74 76 80 81 82 83 84 85 91 93 96 97 99
45 50 53 56 58 60 65 66 68 72 73 81 82 83 84 87 94 97 98
46 47 48 49 58 61 63 67 72 76 79 81 82 83 85 88 89 92 96 98
47 54 57 60 61 62 64 68 70 71 73 83 86 88 90 91 98
48 50 51 53 58 59 62 63 64 66 67 69 70 72 76 79 83 86 89 91 94 95
49 57 62 63 65 66 69 70 72 74 75 79 80 84 86 88 89 90 94 96 98
50 51 54 55 57 59 61 63 66 67 71 72 73 76 77 79 80 89 90 91 95 96 98
51 54 58 60 71 72 74 77 80 81 86 91 93 95 96 97 98 99
52 55 59 60 61 67 69 70 72 75 83 85 87 88 90 92 94 95
53 54 57 58 60 63 64 74 81 83 88 97
54 55 56 57 59 62 65 72 77 78 79 84 88 89 90 91 93 94 99
55 56 58 59 62 63 65 66 67 73 74 79 83 84 87 91 93 94 97 98
56 61 62 63 65 70 72 73 78 82 86 88 90 92 95 97
57 60 61 62 65 66 67 70 74 80 83 84 87 88 92 95 96 98 99
58 59 60 71 78 79 82 85 86 87 88 89 94 97 98
59 62 66 67 69 70 71 72 75 76 78 80 83 84 86 87 88 89 90 91 92 95 99
60 64 68 69 70 73 76 78 79 80 82 83 84 88 89 92 95 97
61 66 69 70 71 74 76 81 83 86 92 97
62 64 65 69 70 72 73 78 80 81 83 84 86 88 92 97 98 99
63 66 67 68 69 70 72 78 80 81 82 86 87 92 96 98 99
64 65 66 67 68 70 71 75 76 79 80 87 88 91 93 94
65 66 67 69 73 74 77 78 79 80 81 85 88 93 94 95 98 99
66 68 71 72 73 74 75 78 84 85 97 98
67 69 70 71 75 76 78 80 84 86 89 95
68 69 70 71 73 74 77 78 82 87 88 89 94 96 98
69 73 77 78 80 81 82 85 91 92 94 96 98
70 75 76 77 78 79 80 88 91 94 97
71 73 76 77 79 80 81 84 87 93 97
72 74 75 76 80 81 82 87 88 89 94 96 97
73 75 76 77 78 80 83 88 89 91 92 93 97
74 75 80 82 83 84 85 87 90 91 94 95 98
75 83 84 85 86 89 93 96 99
76 77 78 80 88 89 92 93 97 99
77 79 81 82 83 84 85 86 87 92 94 97
78 80 83 87 88 90 91 92 93 96 97 98
79 81 82 91 92 93 98 99
80 81 83 85 87 88 93 99
81 83 84 91 92
82 84 85 90 92 97
83 84 85 86 87 89 90 92 93 96 98 99
84 90 91 94
85 87 93 98
86 88 91 93 94 99
87 88 89 91 95 96 99
88 90 92 93 94 95
89 94 96 97
90 92 94 96 97 99
91 93 95 96
92 93
93 98 99
94 96 97
95 96 97
96
97 98 99
98
99

!90