#RandomGeneratorDifficultGraph.py
# GMT Tue Jul 18 16:25:20 2023
# 
0 9 19 31 39 41 67 75 78 96 98
1 5 6 26 53 63 68 71 79 89 94
2 44 52 75 80 82
3 30 34 37 46 63 71 78 83 89 90 91 99
4 12 14 21 24 40 49 50 55 58 74 79 80 96
5 11 17 19 27 29 37 38 43 70 95
6 17 21 23 49 60 68 82 89 95
7 13 17 18 38 68
8 12 24 32 40 41 44 48 49 81 84 91
9 25 35 43 56 86
10 34 46 62 70 92 96
11 35 36 53 71 75 87 89 93 94 97
12 17 20 27 42 55 59 66
13 30 44 65 72 86
14 27 43 58 63 71 76 78 88 90 96
15 26 38 44 45 47 66 71 79 84 85 90
16 19 27 30 49 51 66 72 89
17 23 39 45 47 50 51 53 65 68 74 83 84 93
18 21 25 30 54 67 76 80 81 82 92 96 97
19 22 74
20 56 57 65 70
21 24 46 55 60 91 97 98
22 23 34 36 80
23 52 55 57 61 67 72
24 34 41 91
25 44 46 68 71 96 99
26 42 48 56 65 72 73 90 97
27 77 80 83 94
28 32 33 46 62 70 73 83 86 91 98
29 32 41 52 83 89 93 98
30 32 50
31 36 46 48 56 72 87
32 44 55 61 80 96 98
33 38 80 92
34 44 50 54 66 68 73 79 81
35 42 49 50 84
36 41 61 73 89 94 97
37 39 46 52 54 61 64 76 77 81 93
38 39 56 68 85 86 89 95 96
39 47 52 59 78
40 51 52 59 64
41 51 76 80 93 99
42 55 59 69 81 93 96
43 64 71 75
44 45 62 66 68 78 81
45 53 76 83 85 92
46 50 58 67 70 81 86 88 89
47 52 56 57 61 76
48 49 56 62 83 92
49 55 61 70 75 89 97
50 56 91 92
51 62
52 55 66 67 69
53 58 64 76
54 62 73 78 81 92
55 71 76 84 91
56 69 75 86 95
57 64 88
58 67 71 75 80
59 88
60 64 91 98
61 87 91
62 79 82 85 86 88
63 68 70 74
64 86 93
65 67 69 74 79 85
66 76 90
67 68 69 75 89 95
68 79 82 91 96
69 78 84
70 81 89 93
71 88 97
72 74 90
73 81 85 86 89 90
74 82 83 89 91 95
75 98
76
77
78
79 80 81 92
80 90 91 93
81
82 95 97 98 99
83
84 86 99
85 87 97
86 97 98 99
87 95
88 91 92 95
89
90
91
92
93
94 99
95
96
97
98
99

!74