#RandomGeneratorDifficultGraph.py
# GMT Tue Jul 18 16:25:19 2023
# 
0 2 6 26 37 46 48 64 75 82 83 91 92
1 7 23 33 41 69 73 84
2 4 12 71 77 99
3 16 22 27 35 41
4 8 28 33 36 38 43 61 69 85 87 89 95
5 12 22 38 41 49 61 69 96
6 42 53 58 61 66 67 77 78 82 87 96
7 15 19 37 41 42 54 59 62 75 78 83
8 27 36 60 76 92 98
9 23 29 50 67 71 78 87 88 94 96 97
10 18 64 71
11 14 15 38 41 49 79 91
12 13 17 21 28 38 40 48 49 54 85 87
13 17 25 27 32 58
14 17 19 24 26 31 44 80 82 86 87
15 17 37 38 48 65 73 74 80 81
16 40 42 65 74
17 21 50 51 61 83 87 92
18 24 26 33 56 57 71 90 96 99
19 21 27 70 87 89
20 37 43 53 55 90 95
21 23 35 49 59 63 64 87 91 94
22 32 34 37 43 45 48 70 86 92
23 29 47 56 68 74 88 97
24 31 33 34 53 56 61 65 67 72 78 81 91
25 47 48 60 66 69
26 38 39 44 45 46 47 54 69 72 73 81 92
27 36 37 42 52 63 71 73 76 77 92 96
28 33 45 84 89
29 31 35 64 74
30 38 75 78 81 96
31 49 54 60 69 85 92 99
32 38 44 47 59 66 68 75 79 81 85 86 97 98
33 49 86 91 93
34 38 39 50 55 68
35 41 42 55 56 69 71 85
36 50 54 67 70 71 82 88 95 99
37 39 42 58 77 84 99
38 46 48 53 56 67 68 87 96
39 40 49 51 58 65 70 88 90 91 92 93
40 43 50 57 80 96 99
41 45 51 60 61 68 84 95
42 74 78 83 84 86 90 95
43 49 50 59 61 71 72 87
44 56 69 74 88 95 99
45 50 66 68 77 82 95
46 65
47 63 72 73 83
48 50 57 69 81 83 93 98 99
49 50 54 58 66 97
50 55 64 78
51 62 65 75 76 79 84 98
52 55 64 66 67 80 88 90
53 56 60 70 71 83 87 93
54 75 76 77 87 98
55 60 64 66 73 83 87 95
56 59 77 81
57 64 69 77 78 85 97
58 72 77
59 63 94
60 63 81 85
61 69 71 86 88
62 63 70 78 84 90
63 68 78 92
64 74 79
65 70 79 87
66 73 92 97 98
67 73 74 80 91
68 69 87 96 98
69 82 90
70 89 90 96
71 88
72 78 84 92 99
73
74 75
75 89 97
76 82 96
77 93
78 80
79 94
80 88 93
81
82 96
83 90 91
84 94
85 88
86 87
87 98
88 91
89
90 91 98
91
92
93
94 98
95
96
97 98
98
99

!76