#RandomGeneratorDifficultGraph.py
# GMT Tue Jul 18 12:48:06 2023
# 
0 4 5 6 7 13 15 17 19 21 24 25 28 31 33 34 36 38 39 45 46 51 52 55 56 57 61 65 67 69 71 73 74 75 77 79 80 85 87 88 91 92 94 95 96 97
1 4 5 9 13 16 17 19 24 25 26 29 32 45 46 49 57 58 59 60 65 68 69 71 73 74 75 80 81 84 86 87 88 90 91 92 93 95 99
2 6 10 13 19 21 23 24 25 26 28 29 31 34 37 38 45 47 48 49 51 52 53 56 60 62 63 66 68 69 70 71 72 74 75 76 77 80 91 95
3 11 12 13 14 15 16 17 18 25 26 29 33 34 35 41 42 46 47 52 53 57 60 61 62 64 68 70 73 77 78 79 81 84 85 86 87 88 89 91 92 94 97 99
4 5 9 11 13 14 22 24 27 34 35 36 39 42 45 46 48 49 50 51 52 53 55 59 60 65 66 71 74 76 81 83 85 94 96
5 7 16 17 18 19 20 22 24 27 31 34 40 43 44 46 47 50 56 58 60 61 65 66 68 69 77 78 83 84 85 86 99
6 9 10 12 14 19 20 25 27 28 30 31 35 36 41 45 46 48 50 51 52 53 58 60 61 64 65 67 69 70 71 76 77 78 81 82 84 85 86 88 90 92
7 10 11 14 17 18 19 20 25 29 31 36 37 39 41 42 43 45 46 47 48 51 53 54 55 56 58 59 60 66 67 71 74 75 78 79 81 83 84 87 88 90 91 93 98
8 10 12 16 31 33 37 38 39 41 45 49 51 57 59 62 70 76 77 79 81 82 84 87 88 89 91 94 97 98
9 10 18 22 23 24 28 29 30 32 34 35 36 40 45 46 47 54 56 61 63 67 69 71 77 78 79 81 82 85 87 92 94 97
10 12 16 21 22 24 25 26 29 31 33 38 41 46 53 55 61 64 66 69 70 73 74 76 79 81 82 87 88 90 91 94 95 99
11 16 20 21 22 24 33 37 38 40 41 42 47 55 57 61 63 65 66 69 74 80 85 86 91 93 95 97 98
12 14 16 22 24 32 34 44 47 51 54 55 56 58 59 60 64 65 68 72 74 75 77 84 85 86 88 89 90 91 92 94 96 97
13 14 16 23 24 26 27 28 31 33 36 37 40 41 43 44 47 50 51 52 53 58 59 60 63 67 69 70 75 80 82 87 88 90 91 95 98 99
14 15 16 17 18 20 22 23 27 32 33 37 40 41 42 43 46 47 48 53 60 63 64 67 69 70 71 74 76 79 80 81 83 86 87 91 95 96 98
15 20 24 26 27 29 31 32 33 37 38 44 48 51 52 54 56 57 58 59 63 65 66 67 68 72 73 74 75 78 83 84 85 90 92 93 95 97 99
16 17 19 24 25 29 32 34 36 37 38 39 44 49 50 52 56 60 62 64 65 68 71 73 74 75 78 80 82 83 84 86 87 90 91 92 93 97 98 99
17 18 21 22 24 27 28 29 35 39 41 46 47 50 54 55 56 57 60 63 64 66 67 68 70 78 81 84 85 86 92 93 95 97
18 19 21 22 24 25 26 30 31 34 36 39 42 43 45 48 49 50 51 54 58 63 64 65 66 68 69 70 74 75 76 82 88 89 92
19 21 23 24 26 33 36 37 39 40 41 44 48 50 51 61 62 70 71 73 74 75 81 88 90 91 96 97 98
20 21 26 28 31 32 33 36 37 38 39 40 43 45 48 50 51 52 53 57 60 61 64 65 67 68 70 71 75 77 78 80 82 85 90 92 93 94 95 96 97 99
21 22 23 27 32 33 34 35 38 42 51 52 53 55 58 59 60 62 63 65 67 68 69 70 75 76 78 79 84 85 86 87 89 90 91 92 94 99
22 24 25 34 35 36 37 40 42 48 49 50 51 54 56 57 62 63 64 65 67 69 71 75 76 78 84 86 92 95 98 99
23 24 25 26 27 28 30 31 32 34 35 41 42 44 45 49 50 52 53 58 59 60 63 65 69 70 73 74 75 77 79 82 84 90 92 93 97 98 99
24 26 27 30 31 33 35 36 37 39 41 42 46 48 57 61 64 66 70 72 73 74 76 77 78 80 81 82 88 89 94 95 97
25 26 28 29 30 31 32 37 40 41 42 47 49 50 51 53 55 61 63 64 65 67 70 72 75 77 79 81 94 95 96
26 27 28 29 30 32 33 36 42 45 52 54 55 56 57 67 71 77 79 80 81 82 83 91 93 95
27 30 33 34 36 39 44 45 46 50 55 59 65 77 82 83 85 86 87 90 91 95
28 29 32 33 35 37 38 40 44 46 48 49 50 52 54 58 60 62 64 65 70 73 76 78 79 85 95 98 99
29 30 34 35 41 42 43 46 53 55 57 59 60 64 65 66 67 71 73 75 76 78 79 82 83 84 88 89 91 96 97 98
30 31 32 33 35 37 41 42 47 53 59 63 72 73 80 87 88 91 92 97
31 32 36 39 43 44 49 54 61 62 65 67 69 70 72 75 76 80 84 85 88 93 94 97 98 99
32 34 35 36 38 39 44 46 48 52 53 55 56 59 60 62 63 64 69 71 73 76 79 80 86 89 92 93 94 95 96 99
33 34 36 37 38 40 41 44 45 49 51 53 54 55 57 60 62 68 70 76 77 82 84 86 88 90 91 92 95 96 97 99
34 35 36 38 39 42 47 51 54 59 64 65 66 67 68 70 76 83 86 96 97
35 36 40 41 43 45 46 47 52 54 60 61 62 69 70 74 75 77 79 80 85 86 87 88 91 93 96 98
36 37 40 42 43 48 49 50 51 57 60 65 67 68 70 71 72 74 80 82 83 85 86 88 89 90 91 96 98
37 38 43 44 46 47 48 52 53 55 56 58 59 65 66 73 74 75 76 77 78 82 87 90 91 94 95 98 99
38 43 46 48 49 51 54 55 56 57 62 63 66 67 69 72 75 80 82 84 85 87 91 92 93 94 95 96
39 40 41 43 50 51 53 59 62 69 70 72 74 85 89 90 91 92 95 96 97
40 41 43 48 50 51 52 54 56 62 63 75 80 81 83 84 86 87 89 92 94
41 43 48 49 51 55 58 60 63 67 70 73 77 78 79 83 86 88 90
42 47 52 57 61 64 66 68 72 74 77 80 81 82 84 85 86 87 91 92 93 95 97 98 99
43 48 52 56 65 66 67 70 71 72 73 74 77 78 79 88 89 90 93 94 98
44 46 48 49 52 53 54 55 58 63 65 68 70 80 83 84 88 89 90 96 97 98
45 53 55 56 62 70 74 77 78 79 81 87 88 90 93 95 99
46 49 51 52 56 57 66 68 69 75 76 78 81 82 83 84 85 87 90 91 95 98 99
47 53 55 60 61 63 70 71 74 76 77 79 81 82 85 87 88 94 99
48 50 52 56 58 59 60 63 65 69 70 74 75 80 89 90 91 92 97
49 50 51 52 53 55 56 59 65 66 70 72 73 74 75 76 77 78 79 81 84 85 86 87 88 89 91 98 99
50 51 54 60 61 69 70 79 81 82 84 86 87 91 92 93 96 99
51 52 54 55 56 64 65 66 74 78 79 81 83 86 87 91 93
52 53 55 56 58 62 63 70 71 80 83 84 85 86 88 89 90 91 95 97 98 99
53 58 61 62 65 67 68 72 80 82 84 85 86 92 94 96 99
54 55 57 59 60 62 63 65 66 67 68 71 72 74 77 82 86 87 92 93 95
55 58 59 60 61 63 64 66 68 70 71 74 76 81 83 84 85 91 94 97 99
56 57 62 65 66 71 72 74 75 78 80 82 83 85 87 88 91 92 93 94
57 60 61 63 64 66 67 68 70 72 75 77 80 82 84 86 91 92 96 97 99
58 60 62 65 68 69 75 76 81 82 83 86 88 89 91 93 98
59 60 64 70 71 73 76 78 83 88 90 98
60 62 64 65 66 67 71 74 77 80 82 84 85 88 94 98
61 62 64 66 67 69 79 80 81 82 83 84 85 86 87 88 94 95 96 97
62 63 65 67 68 69 70 71 72 78 82 87 88 91 93 98
63 67 70 76 77 78 83 85 86 89 91 92 94 96 99
64 66 68 69 70 72 73 74 75 77 80 83 87 88 91 93
65 68 72 76 82 85 92 94 95 98
66 74 79 80 81 85 87 88 92 99
67 68 71 75 76 77 78 79 80 81 83 85 86 87 88 91 93 97 98 99
68 69 70 74 75 85 88 89 92 94 96 97
69 76 78 79 81 83 84 88 91 93 94 98
70 74 75 77 79 81 83 88 91 92 93 94 97 98
71 72 77 78 81 82 83 86 92 95 98
72 75 76 79 81 86 88 90 91 92 93 95 97
73 77 80 86 93 94
74 77 81 83 84 85 86 87 91 92 96 98 99
75 77 78 82 83 86 89 90 91 93
76 78 81 83 85 86 88 90 92 93 94 95 97
77 83 86 90 91 93 99
78 79 82 83 85 88 90 94 96
79 83 87 88 90 95 97 99
80 84 88 90 95 97
81 84 89 90 93 95 97
82 84 86 87 92 96 97
83 85 89 93 98
84 92 93 99
85 86 87 89 90 92 93 95 96
86 87 88 90 92 94 95 98 99
87 88 92 94 95 98
88 94 95
89 91 95 97 99
90 94 95 97 98
91 93 94 98
92 99
93 94 95 98 99
94 95 96 98
95 96
96 97 98
97 99
98
99

!90