#RandomGeneratorGraph.py
# GMT Thu Jul 13 14:13:21 2023
# 
0 1 9 10 14 20 21 27 36 40 43 57 61 72 73 78 92 101 104 113 115 124 125 126 129 132 133 135 141 144 145
1 3 4 5 7 21 32 34 38 48 49 56 73 74 87 89 90 91 101 110 112 113 115 119 120 123 131 133 134 140 144
2 8 27 29 31 32 38 41 43 48 53 55 63 65 69 79 83 85 86 93 110 111 114 128 133 138 140 147
3 12 14 17 20 24 25 27 48 50 56 63 74 87 91 119 123 129 140 146
4 9 17 24 26 34 35 43 46 47 48 52 59 61 65 76 86 88 89 91 93 97 98 100 102 103 104 115 122 125 135 139 140 145 148
5 8 10 12 13 17 30 41 44 47 57 61 71 85 86 90 93 94 97 101 102 105 107 134 137 140 141
6 18 39 42 43 60 61 64 71 79 83 91 97 99 115 129 130 136 146
7 8 17 18 20 26 30 31 34 41 43 47 48 50 53 54 55 81 83 92 100 103 105 112 116 122 136 138 140 141 142 143
8 16 25 34 37 43 47 49 59 65 67 68 69 70 75 79 86 96 109 117 130 136 143 148 149
9 11 14 20 22 24 29 31 43 53 59 65 71 74 75 91 93 96 102 104 109 112 117 121 122 125 144
10 16 18 31 32 36 37 44 45 53 54 57 69 73 77 81 87 88 89 91 93 94 101 103 106 108 110 118 119 125 126 127 134
11 20 34 38 44 45 48 55 65 66 74 78 83 94 96 106 109 112 113 114 117 118 121 122 136 137 141 143 146 148 149
12 19 22 30 32 46 47 59 60 61 65 68 69 73 82 83 87 97 99 109 112 113 114 117 132 135 137 139 144 146
13 16 19 20 23 24 34 35 38 39 49 73 81 85 87 94 97 103 105 108 113 117 125 131 132 134 143 145 148
14 16 17 23 25 29 35 36 41 47 48 56 57 58 59 63 71 111 119 126 128 133 141 143 145 147 148
15 19 21 26 29 31 34 41 43 45 49 51 57 65 67 72 75 85 95 96 97 100 101 107 119 123 124 126 128 137 149
16 20 31 32 41 49 54 56 61 72 73 74 75 79 80 82 87 93 99 101 121 125 134 138 145 148
17 27 28 37 39 44 54 56 62 65 68 71 72 73 80 93 97 99 102 110 120 121 126 130 138 139 142 143 148 149
18 23 25 30 31 32 33 35 37 38 46 51 52 61 63 67 68 72 74 77 78 80 83 86 89 97 112 116 119 133 134 143 144 149
19 31 32 33 38 45 51 52 55 70 73 79 93 97 101 103 104 106 107 111 112 117 122 131 132 135 140 143
20 24 28 29 31 39 45 46 47 57 63 79 88 95 101 112 113 128 133 134 137 141 142 144 145 147
21 22 28 32 42 43 45 46 48 55 65 73 79 83 84 87 95 97 102 107 113 118 119 125 130 143
22 23 26 33 34 48 54 66 72 74 81 84 85 91 92 94 102 103 117 126 133 139 140 143 145 147 149
23 24 26 34 35 40 44 45 50 57 65 67 69 89 91 92 97 99 109 113 119 121 123 129 137 141 144 147
24 25 30 31 37 38 43 52 54 62 71 79 87 93 99 103 108 118 122 124 126 128 129 134 138 142 143
25 31 36 38 41 45 50 53 55 60 64 71 72 73 76 84 97 98 102 111 112 113 116 117 120 121 124 125 127 132 139 144 146
26 33 35 39 50 51 58 66 71 77 80 82 92 99 103 107 109 115 122 123 128 132 133 135 144
27 41 42 57 62 65 75 76 78 86 103 114 118 121 122 130 138 142 143
28 38 43 44 46 52 56 58 66 67 71 75 77 82 92 96 104 107 110 112 115 126 133 139 148
29 32 33 34 35 36 39 52 53 55 59 61 70 71 74 75 76 83 88 91 93 97 103 108 112 116 127 132 135 136
30 40 67 69 70 74 85 89 102 104 105 109 113 115 117 124 125 132 134 137 141 145
31 39 40 49 52 65 66 76 77 87 94 98 104 111 113 114 119 120 121 131 136 141 145 146
32 33 37 38 40 53 56 57 63 68 72 76 77 83 87 89 108 110 112 114 116 119 124 131 133 134 135 138 139 146
33 39 45 55 62 63 67 68 69 74 79 80 86 88 89 90 105 108 115 116 119 126 127 128 130 131 132
34 35 38 39 41 43 44 52 56 57 63 64 67 75 76 79 80 81 82 83 91 98 101 106 107 111 113 119 120 123 124 127 129 137 141
35 41 46 47 49 65 66 67 82 87 105 109 116 126
36 38 41 44 47 54 60 63 64 67 76 89 92 98 104 107 119 126 127 135 143 146 147 148
37 47 51 52 57 64 99 111 122 124 129 136
38 40 45 47 59 62 65 74 83 84 85 87 92 93 96 97 101 109 110 115 117 118 120 131 141 143
39 44 48 49 54 55 62 65 73 78 79 84 86 89 96 98 103 113 117 118 129 137 149
40 47 59 60 63 65 69 75 95 102 104 106 107 110 111 115 116 124 125 142 147
41 50 53 62 64 66 75 78 81 82 85 92 94 95 96 99 107 110 112 131 145
42 46 50 59 62 64 80 84 92 98 100 106 118 119 121 124 136 139 141 148
43 48 49 56 61 82 83 97 108 120 127 129 134 138 145
44 57 62 63 64 65 66 75 79 81 86 88 90 93 95 98 104 108 111 118 119 120 126 127 149
45 48 57 63 76 77 82 84 92 98 104 108 112 125 130 133 136 138 142 149
46 48 51 55 63 66 69 71 72 96 101 103 105 108 109 110 113 125 127 137 138 142 143 144 149
47 49 53 54 56 64 77 78 87 96 102 103 104 108 110 115 117 120 123 126 138 139 141 148
48 51 52 57 67 71 72 79 92 93 95 99 107 115 120 121 128 132 138
49 51 56 61 70 71 72 77 82 84 91 101 102 104 116 118 123 127 136 137 140 141 143 144
50 56 59 60 64 70 72 75 77 86 93 98 118 125 132 133 142
51 53 58 59 63 64 66 73 75 79 80 81 88 91 100 109 110 115 118 121 135 139 145 148 149
52 55 56 58 62 69 78 80 82 90 93 96 98 100 106 113 119 123 125 140 142 147 148
53 56 75 77 80 85 88 90 91 93 100 115 116 135 136 143 146
54 59 60 64 66 73 77 80 86 89 103 106 107 116 117 122 130 131 133 137 138 142 144
55 60 62 69 75 76 77 79 81 85 86 87 89 90 96 97 109 110 120 123 125 129 136 138 141 144
56 62 67 70 71 74 78 80 87 98 101 108 113 115 117 121 126 127 128 129 140 145
57 58 69 87 88 90 91 94 97 109 114 116 118 121 123 126 138 140 141
58 64 77 95 97 100 102 106 108 113 118 119 128 138 139 141 142 144
59 66 67 72 73 74 77 84 88 91 96 97 103 108 117 121 129 135 138 141 144
60 66 67 68 69 71 74 78 80 81 82 87 99 100 102 105 112 114 115 120 121 123 130 132 137 146 147
61 72 73 79 87 88 89 90 92 100 104 110 113 124 132 133 138 140 143 145 149
62 64 81 86 87 97 108 109 110 112 120 125 127 130 141 147
63 64 65 76 83 86 93 94 95 104 114 121 126 132 133 136 142 144 149
64 76 79 84 90 91 94 102 110 119 120 128 133 136 141
65 66 70 79 82 89 97 103 109 116 118 121 130 135 142
66 67 80 84 86 88 91 92 97 100 110 114 126 128 130 131 134 136 138 143
67 70 74 79 84 86 94 95 96 98 105 109 110 114 128 130 132 135 139 142
68 80 102 108 110 115 120 122 126 127 140 146 147 149
69 70 79 82 85 88 90 97 98 99 105 114 123 126 127 133
70 73 75 77 81 83 85 86 87 95 96 100 103 109 116 123 126 127 128 129 133 134 137 140 146
71 73 78 82 84 87 89 97 98 102 105 106 107 110 115 128 130 134 135 141 143 144 146 149
72 73 76 77 80 91 99 103 105 111 116 119 120 123 126 127 130 131 132 135 136 137 138 139
73 77 83 84 85 89 92 97 102 105 114 117 128 130 131 141 143 144 145
74 90 92 97 103 105 108 113 116 119 126 135 137 139 142 149
75 79 84 85 94 98 100 107 111 116 120 124 131 135 139 141 149
76 80 86 90 93 112 116 117 131 136 147
77 84 86 89 98 105 106 109 122 125 129 132 138 139
78 80 83 84 85 86 97 109 112 116 118 121 125 147
79 80 81 89 93 95 103 109 111 121 134 140 141 145 148
80 83 95 99 110 114 121 128 133 134 136 146
81 83 86 92 95 102 104 107 116 118 124 128 130 134 145 149
82 88 90 96 99 100 117 120 121 130 135 137 139 141 143
83 96 107 122 124 131 138 139 145 147
84 90 98 101 102 107 108 110 119 121 124 137 138 143 147
85 92 98 107 109 110 119 122 127 130 132 133 137 139 140 145
86 89 91 93 94 99 102 103 108 110 121 128 132 133 146 147
87 88 91 98 99 101 103 107 109 118 124 126 129 136 143 145
88 93 94 99 106 107 112 116 117 129 130 138 148
89 95 100 103 105 108 110 117 124 126 129 136 142 143
90 93 95 102 111 116 125 131 136 137 143 144
91 98 100 101 106 109 126 130 132 136 142 148 149
92 98 100 104 105 107 108 109 113 120 129 130 133 140 144 148
93 95 96 99 103 104 105 109 110 111 117 129 130 136 137 140 146 147
94 95 109 110 112 113 115 125 128 131 139 145 146 147
95 99 103 110 118 122 124 125 126 133 140 142 147 148
96 99 100 111 118 130 135
97 103 109 112 118 126 129 131 133 136 138 146
98 99 104 107 110 118 129 143
99 100 101 102 106 107 108 109 111 114 118 119 121 126 128 134 135 136 139 144 145 146 148
100 101 103 105 107 111 112 113 114 115 138 139 140 141 148
101 105 106 108 111 112 113 115 130 135 145
102 103 106 107 114 115 124 138 143 147 149
103 107 120 126 127 128 132 134 136 142 144 148 149
104 108 118 122 135 140 141 147 149
105 118 124 125 127 140 142 149
106 116 131 136 140 142 143 146 149
107 112 115 118 122 132 137 140 141 142
108 118 119 121 126 134 138 142 146
109 115 119 128 130 133 144
110 111 112 114 115 117 119 136 141
111 125 127 128 133 138
112 118 119 124 130 146 147 148 149
113 114 116 120 128 137 138 141 142 144 146 147
114 115 121 128 130 133 141 143 148
115 116 124 130 133 137
116 126 129 142 148
117 124 128 130 133 137 149
118 122 124 125 130 136 139 143 145 147
119 124 126 130 136 140 141 142 145
120 126 129 130 135 137 138 146 148
121 132 133 134 141 143 147
122 133 135 137 140 146
123 124 126 127 128 132 143
124 125 126 139 143
125 135 139 140 147
126 130 131 137 140
127 143 149
128 136 140 141 145
129 133 136 140 145 148 149
130 133 136 138 142 146
131
132 133 140
133 142
134 143 148
135 142 144 146
136 140 146
137 143 146
138 141 144 145 149
139 140 148
140 143
141
142 143 144 145 146
143 144 146
144 148
145 146 147
146
147
148
149

!129