#RandomGeneratorGraph.py
# GMT Thu Jul 13 14:13:38 2023
# 
0 1 4 9 10 14 17 20 21 25 27 28 31 32 33 35 36 40 43
1 9 10 13 24 25 30 36 41 44
2 6 9 18 19 20 26 29 30 31 33 34 37 38 40 41 46 49
3 4 7 10 11 12 14 18 22 28 29 38 39 41 45
4 7 10 11 13 18 19 24 33 35 36 38 44 49
5 7 8 9 18 19 20 25 28 30 31 33 34 37 38 39 41 46 47 49
6 8 9 11 15 19 20 26 29 30 31 48 49
7 8 9 11 12 14 18 21 23 28 31 33 35 43 45 48 49
8 17 18 22 24 25 26 31 32 39 42 47 49
9 10 13 27 28 29 32 37 39 43 46
10 18 20 23 26 27 28 30 31 33 37 38 40 42
11 15 16 18 24 31 41 42 43
12 18 22 46
13 14 18 24 31 32 34 35 41 45 47 49
14 18 22 29 31 37 39 40 44 48
15 17 18 19 22 23 30 32 36 37 41 47
16 24 26 27 29 31 35 36 38 39 40 41 42
17 20 21 28 31 39 41 45 46
18 20 23 27 29 31 32 36 42 49
19 29 30 33 36 40 46
20 21 31 45 46
21 22 25 26 28 29 30 33 34 37 39 43
22 29 30 39 42 43 45 46
23 40
24 36 39 40 41 44 46
25 33 34 36 37 38 44
26 29 33 34 35 41 44 47 49
27 30 35 39 43 48
28 32 33 36 37 43 45 47 48
29 33 37 46 47 48 49
30 35 36 40 41 44 45
31 33 35 36 39 40 42 44 45 46 47
32 34 36
33 40 42 43 46 47
34 36 44 47 49
35 37 42 46 48
36 39
37 41 43 45 46 47 48
38 40 46 48
39 41
40 41 44
41 42 45
42 44 48
43 44
44 49
45
46 48
47 48 49
48 49
49

!39