#RandomGeneratorGraph.py
# GMT Thu Jul 13 14:13:17 2023
# 
0 1 9 10 14 20 21 27 36 40 43
1 9 13 24 25 30 44
2 6 9 18 20 29 30 31 34 37 38 40 46 49
3 4 10 11 12 14 28 39 41 45
4 10 11 18 35 36 49
5 7 8 9 19 28 30 31 33 37 38 41 49
6 8 9 15 19 30 49
7 9 11 12 18 21 23 28 33 35 43 45 49
8 18 22 24 25 32 49
9 10 13 27 32 37 39 46
10 18 20 23 26 30 31 33
11 16 18 24 31 42
12 18 22
13 14 18 24 35 41 49
14 22 29 31 39 40 48
15 17 18 19 23 30 32 36 47
16 24 26 27 29 31 35 36 38 40 41 42
17 21 28 31 41 45 46
18 20 23 27 29 31 32 36 49
19 30 33 36 46
20 21 31 45 46
21 22 25 26 29 33 34 37 39
22 39 42 45 46
23 40
24 36 39 40
25 33 34 37 44
26 29 33 41 47 49
27 43
28 36 37 43
29 33 37 46 47 49
30 36 40 41 44
31 33 35 39 40 42 45 46 47
32
33 40 42
34 36 44 47 49
35 42 46
36 39
37 41 43 45 46 47 48
38
39 41
40 41
41 42 45
42 44 48
43 44
44 49
45
46 48
47 48 49
48 49
49

!35