#RandomGeneratorGraph.py
# GMT Thu Jul 13 14:12:55 2023
# 
0 1 4 5 6 9 10 12 14 15 17 20 21 22 24 25 26 27 28 29 30 31 32 33 34 35 36 38 40 43 44 48
1 3 4 7 8 9 10 12 13 14 17 18 19 21 22 23 24 25 28 29 30 31 34 36 37 39 40 41 42 44
2 3 4 5 6 8 9 10 11 12 13 14 17 18 19 20 21 26 29 30 31 33 34 36 37 38 39 40 41 43 44 45 46 47 48 49
3 4 6 7 10 11 12 14 17 18 21 22 24 25 26 28 29 32 34 37 38 39 41 44 45 49
4 5 6 7 9 10 11 13 14 15 18 19 20 23 24 28 31 33 35 36 38 42 43 44 49
5 6 7 8 9 13 16 17 18 19 20 22 24 25 28 30 31 33 34 36 37 38 39 41 43 46 47 48 49
6 8 9 11 12 13 14 15 19 20 23 26 27 28 29 30 31 33 37 38 39 40 43 44 45 46 47 48 49
7 8 9 10 11 12 14 16 18 19 21 23 27 28 29 31 33 35 36 43 44 45 48 49
8 11 12 14 15 16 17 18 20 21 22 23 24 25 26 28 29 31 32 33 34 36 39 40 41 42 43 44 47 49
9 10 11 13 16 19 22 26 27 28 29 30 32 35 36 37 39 43 46
10 12 15 17 18 19 20 23 25 26 27 28 30 31 32 33 37 38 39 40 41 42 47 48
11 13 14 15 16 18 20 24 25 26 27 28 29 30 31 32 33 34 35 38 40 41 42 43 44 47 49
12 14 17 18 20 21 22 23 24 25 27 31 36 45 46 49
13 14 16 17 18 19 21 22 24 25 28 31 32 34 35 37 38 39 41 45 47 48 49
14 17 18 22 25 26 29 31 33 37 38 39 40 42 44 47 48 49
15 16 17 18 19 20 22 23 28 30 32 33 34 35 36 37 39 40 41 43 44 47
16 17 18 19 21 24 26 27 29 30 31 32 35 36 38 39 40 41 42 48
17 20 21 23 24 26 27 28 29 30 31 33 39 41 45 46 48 49
18 20 21 22 23 24 27 28 29 31 32 33 35 36 40 41 42 43 44 45 48 49
19 21 26 29 30 31 32 33 34 35 36 39 40 41 42 44 45 46 48 49
20 21 23 31 32 33 38 41 42 44 45 46 48
21 22 23 25 26 27 28 29 30 32 33 34 37 39 40 43 45 48
22 23 29 30 33 34 35 38 39 41 42 43 45 46 47
23 25 26 27 28 29 32 34 35 36 37 38 40 44 45 46
24 28 29 31 33 34 35 36 37 38 39 40 41 43 44 46 47
25 26 28 30 33 34 36 37 38 39 41 44 47 48 49
26 29 30 31 33 34 35 36 41 42 44 45 47 49
27 28 30 31 32 35 36 38 39 41 42 43 48 49
28 29 32 33 35 36 37 38 39 41 43 44 45 47 48 49
29 30 31 33 36 37 38 43 44 45 46 47 48 49
30 31 33 35 36 37 39 40 41 42 44 45 48
31 32 33 34 35 36 39 40 42 43 44 45 46 47 48
32 34 36 37 38 40 46 49
33 34 35 36 39 40 41 42 43 44 45 46 47 48 49
34 35 36 37 39 40 44 45 47 49
35 37 40 42 44 45 46 48
36 39 43 44 46 48 49
37 39 41 42 43 45 46 47 48 49
38 39 40 46 48 49
39 40 41 44 46
40 41 42 43 44 46 49
41 42 45 47 48
42 44 46 48
43 44 45 49
44 45 46 49
45 46 47 48
46 48 49
47 48 49
48 49
49

!45