#RandomGeneratorGraph.py
# GMT Thu Jul 13 14:13:41 2023
# 
0 1 4 5 6 9 10 12 14 15 17 20 21 22 24 25 26 27 28 29 30 31 32 33 34 35 36 38 40 43 44 48 51 52 55 56 57 58 60 61 62 65 66 67 69 70 71 72 73 76 77 78 79 82 84 85 87 88 89 90 92 98 99
1 2 3 5 6 7 8 9 10 11 14 15 16 17 18 23 26 27 28 30 31 33 34 35 36 37 38 40 41 42 43 44 45 46 47 49 50 53 54 55 57 60 61 64 65 67 68 69 71 72 75 77 80 81 82 84 87 88 92 93 94 95 97 98 99
2 4 5 6 9 10 11 14 15 19 22 24 26 27 29 33 34 35 40 41 42 43 44 48 51 52 53 54 55 57 59 60 63 65 66 68 69 71 72 73 74 76 78 81 82 83 84 86 87 89 90 91 92 93 97 98
3 5 8 9 10 11 12 13 15 19 20 21 22 25 26 27 28 29 30 31 32 33 34 35 36 38 40 42 43 45 47 51 52 53 55 57 59 60 67 68 69 72 73 76 77 79 80 81 82 83 85 86 87 88 89 90 91 93 94 96 97 98 99
4 6 9 10 11 12 13 14 17 19 20 21 23 26 29 32 36 37 38 39 40 42 45 46 47 49 53 56 61 64 66 67 68 69 72 74 75 76 77 79 80 81 82 86 87 88 89 90 91 96 97
5 6 7 8 9 11 13 17 18 19 20 21 22 23 24 25 26 27 28 31 33 34 35 36 37 40 42 44 47 48 50 51 52 53 54 55 57 61 66 75 76 79 80 82 83 84 85 87 88 90 91 94 97 98
6 7 8 10 11 12 14 18 20 21 22 25 26 30 33 34 37 39 41 45 46 47 48 50 52 55 56 57 58 59 60 61 62 64 65 70 72 74 75 76 77 78 79 81 82 83 85 86 89 92 93 94 96 99
7 9 10 12 13 14 15 18 19 21 22 23 24 25 31 35 36 38 39 41 42 43 44 45 46 48 54 56 60 61 63 64 66 67 68 69 70 73 74 75 77 78 79 81 82 86 87 88 89 90 91 94 95 97
8 11 14 15 16 17 18 19 20 21 24 25 26 27 29 30 31 33 34 35 37 45 46 47 52 55 56 58 59 60 62 64 65 67 68 69 70 71 72 74 75 76 79 81 82 85 87 90 92 98 99
9 12 13 14 17 18 20 21 22 24 25 26 30 31 32 33 34 37 39 40 41 42 43 45 49 50 51 58 59 61 63 64 65 66 67 68 69 70 71 73 74 76 77 80 82 84 87 88 90 91 92 93 95 98
10 12 13 14 17 18 19 21 22 23 24 29 30 32 33 35 37 38 40 41 42 45 46 48 49 51 52 53 58 59 60 63 64 66 67 68 69 70 72 74 75 76 78 79 80 81 82 84 87 88 89 94 95 96 97 98 99
11 12 13 15 17 18 19 21 22 23 24 26 27 30 32 33 34 35 36 39 40 42 43 44 45 46 47 48 51 53 54 55 57 63 66 67 68 69 72 73 74 75 76 77 78 79 80 81 82 83 84 85 87 88 92 93 95 97 99
12 15 17 19 20 21 23 27 31 32 34 36 37 39 41 42 43 45 46 47 48 49 50 51 57 59 60 61 62 65 67 71 72 73 74 76 79 80 83 85 86 89 91 93 95 96
13 14 15 16 19 20 21 22 25 26 27 28 29 30 34 35 39 40 44 45 46 51 52 56 57 58 59 66 67 69 71 72 74 76 77 79 80 81 82 85 86 87 88 89 90 91 92 93 95 96 97
14 17 18 19 20 21 22 23 24 25 26 28 29 30 32 33 34 35 37 39 41 43 44 45 46 47 48 49 52 54 56 57 58 60 61 62 64 67 68 70 74 77 78 79 80 84 86 88 89 90 91 93 94 96
15 16 20 21 22 24 25 26 27 28 30 33 35 36 37 39 40 41 42 43 44 48 50 52 53 55 56 57 60 65 67 69 71 72 73 74 75 76 78 82 85 86 87 88 90 91 92 94 95 98 99
16 18 19 20 21 23 24 25 26 31 32 35 37 38 40 41 43 44 45 47 48 49 50 52 56 57 60 61 62 64 65 68 69 72 74 75 76 77 78 79 80 81 83 86 88 90 91 92 93 95 97 98 99
17 18 19 20 21 23 24 26 28 29 30 31 32 36 38 39 40 45 46 47 48 50 52 53 56 57 60 61 63 64 66 67 72 73 75 77 80 81 82 83 86 87 88 91 95 98
18 19 20 21 22 23 24 25 27 28 33 34 35 36 40 42 43 45 46 47 49 50 52 53 54 55 56 57 58 59 60 65 66 67 68 69 70 71 74 75 76 79 80 81 82 83 84 85 86 87 88 89 90 91 93 94 95 96 97 98 99
19 22 23 25 28 30 31 32 33 34 35 38 39 41 44 45 46 47 48 49 50 51 52 53 58 59 60 65 66 69 73 74 75 76 77 78 79 80 81 84 85 87 88 90 92 94 95 96
20 22 23 24 27 28 30 36 37 39 40 43 44 46 47 48 49 52 53 54 55 57 58 59 60 62 64 65 67 68 69 70 71 72 73 75 76 77 78 79 80 84 86 87 88 92 93 94 95 96 97 98 99
21 22 23 25 29 30 31 32 33 36 37 38 39 41 42 43 45 47 48 50 51 53 54 57 58 59 60 61 63 64 67 69 71 72 73 77 78 79 80 81 83 84 85 88 91 92 94 95 96 99
22 24 25 26 27 29 31 34 35 37 38 41 42 43 44 45 46 49 51 52 53 55 56 60 62 64 66 67 68 69 70 72 73 75 76 79 80 81 83 85 87 89 91 92 93 95 96 97 98 99
23 26 27 28 31 33 34 36 37 38 39 40 41 42 43 44 45 47 48 49 51 52 53 54 55 56 57 60 63 64 65 66 67 68 69 70 71 72 73 77 79 80 81 83 86 87 88 91 92 98 99
24 26 28 29 31 32 33 34 38 39 40 45 46 48 50 51 52 53 54 57 58 59 60 61 62 63 65 66 67 68 69 70 72 73 74 75 78 80 82 84 88 89 90 93 96 97 98
25 26 27 28 29 30 31 32 34 36 37 40 41 43 49 50 51 53 54 55 57 59 60 61 62 63 64 65 66 69 70 72 73 77 78 80 81 83 84 85 87 88 89 91 93 94 96 97 99
26 27 28 29 30 31 33 34 36 38 39 40 41 43 44 45 46 50 52 53 55 56 57 61 64 65 66 70 73 74 76 79 80 81 82 85 86 92 94 95 97 98 99
27 28 29 30 32 33 35 36 38 39 40 41 42 44 46 48 49 50 52 54 57 59 60 64 66 68 69 70 73 74 78 79 86 87 89 91 96 97 98 99
28 29 30 31 33 35 36 37 41 42 43 46 47 48 49 51 53 58 62 64 66 68 69 70 73 75 76 78 79 82 84 85 86 87 88 89 90 94 97
29 32 35 36 37 38 41 42 43 44 45 46 47 51 53 54 55 58 59 61 63 64 65 66 67 69 70 72 73 74 75 76 79 80 81 82 83 86 87 88 89 90 92 93 98
30 31 32 33 36 37 38 39 41 42 43 44 45 46 47 49 50 51 52 53 54 56 57 58 59 60 61 64 67 69 70 71 72 73 74 78 79 80 81 82 83 84 85 86 89 92 93 94 95 97
31 35 36 37 38 39 41 43 45 47 48 50 52 54 55 56 57 63 64 67 68 71 72 76 77 79 80 81 82 85 87 88 91 93 96 97 99
32 33 34 35 36 39 41 43 46 47 48 50 51 52 53 54 56 58 62 66 67 68 69 71 74 75 77 78 79 80 83 84 87 88 89 90 93 94 96 98
33 35 36 38 39 40 41 42 43 46 47 48 50 51 52 56 57 59 60 61 64 65 66 67 70 71 73 75 78 79 81 86 88 89 90 92 93 94 95 97 98 99
34 38 42 43 44 45 46 47 49 50 51 54 55 56 57 58 60 62 65 70 71 73 78 80 83 87 90 92 93 94 97
35 36 37 39 41 44 46 47 48 49 54 58 59 63 65 66 67 68 69 72 74 76 77 79 80 82 83 85 91 92 95 97 98
36 38 42 43 44 45 46 48 49 50 54 55 57 60 63 65 66 68 69 71 73 74 76 78 79 81 83 84 85 86 87 88 90 91 95 97 99
37 38 39 40 45 46 48 50 51 52 55 56 57 61 63 66 68 71 72 74 75 79 80 81 84 85 86 87 88 89 91 94 96 98 99
38 39 41 43 44 49 50 51 52 53 55 57 58 59 60 61 62 64 65 66 67 69 70 71 75 76 78 79 81 82 83 84 85 88 89 90 91 92 94 95 96 97 98
39 43 45 46 47 48 52 53 56 57 58 59 60 61 63 66 69 70 73 75 76 77 81 82 83 84 85 86 87 88 89 90 91 92 93 94 96
40 41 43 44 45 46 47 51 53 54 55 56 57 58 61 62 64 65 66 68 70 72 73 75 76 77 78 79 80 83 84 86 91 93 96 97 99
41 42 43 44 45 46 48 50 51 52 58 59 61 62 63 64 66 70 72 74 76 77 79 81 82 83 84 87 89 90 91 94 96 97 98
42 43 44 46 48 49 51 52 55 56 58 59 60 61 63 64 67 71 72 73 74 75 76 77 78 79 80 82 83 86 87 88 89 92 96 98 99
43 44 45 46 47 48 50 52 53 54 55 57 58 59 61 62 63 64 66 67 68 69 73 74 75 76 77 79 80 82 83 87 89 91 93 94 95 96 98 99
44 47 48 49 52 53 55 62 64 65 70 71 72 73 74 75 76 79 82 84 85 87 88 89 90 91 94 97 98
45 47 48 49 51 52 53 54 56 58 62 64 66 67 69 70 71 72 73 74 75 76 77 78 82 85 89 91 92 93 96 97
46 47 48 49 50 51 52 54 55 58 59 60 61 62 63 64 66 67 69 71 73 75 80 83 84 85 87 88 89 91 92 94 97 98
47 48 49 55 56 58 59 60 61 62 63 64 66 68 69 70 71 72 75 78 79 80 82 83 86 87 88 89 90 91 93 96 97 99
48 49 50 53 54 56 57 58 59 61 62 63 64 65 69 70 71 72 73 75 77 78 79 80 82 84 85 88 89 90 91 95 96 98
49 52 53 55 56 58 59 60 61 65 66 71 74 76 77 78 80 81 84 86 87 92 93 94 95 96 97 98 99
50 51 53 55 56 58 60 61 62 63 65 66 71 73 75 78 81 83 84 87 88 89 90 91 92 94 96 98 99
51 52 54 57 60 62 64 65 67 69 70 71 72 73 75 78 81 83 84 86 87 89 91 92 95 98 99
52 53 54 55 56 57 58 60 61 62 63 64 65 67 68 69 71 73 78 79 80 81 84 85 87 88 90 91 92 93 95 96 98 99
53 54 57 58 60 62 63 64 65 67 68 71 74 75 76 78 80 82 83 84 87 88 89 90 93 94 98
54 55 57 58 59 60 61 63 64 66 69 72 73 74 76 77 78 80 82 83 84 86 88 89 94 95 96 99
55 56 57 58 61 62 64 67 69 70 71 72 74 75 77 78 79 80 82 84 88 89 91 93 95 97 98 99
56 57 58 60 62 65 69 70 73 74 75 77 80 83 84 86 88 93 97
57 58 59 62 67 68 72 77 81 82 83 84 85 86 87 89 91 94 97
58 59 61 63 65 66 67 69 70 73 74 75 76 77 78 79 80 81 83 84 86 87 89 90 91 92 93 95 98 99
59 61 62 64 66 67 68 69 71 72 73 75 77 79 80 82 83 87 88 89 91 92 98 99
60 62 64 65 66 71 72 73 74 75 78 79 80 83 84 86 88 89 90 92 95 98
61 62 63 64 65 68 69 70 72 73 74 75 76 77 78 79 81 82 83 84 86 87 88 89 91 93 94 95 96 97 98 99
62 63 64 69 70 72 74 76 77 79 81 82 83 84 85 86 87 88 92 93 94 95 96 97
63 64 69 70 71 72 74 75 76 77 79 80 82 83 85 86 87 88 91 92 95 96 98 99
64 66 67 68 71 73 74 76 77 78 81 83 84 87 88 90 92 94 96 98 99
65 66 67 69 70 71 73 74 75 77 78 79 80 81 82 83 84 85 86 88 89 91 94 95 96 97 98 99
66 72 73 77 78 79 80 82 88 89 90 91 93 94 95 96 97 98 99
67 68 69 70 71 72 73 75 80 81 83 85 87 88 89 90 91 93 97 99
68 73 74 75 78 83 84 85 86 87 89 93 94 96 97 98 99
69 70 71 72 73 74 75 76 78 82 83 84 85 86 90 92 93 94 95 96 97 98 99
70 71 73 76 77 78 79 82 83 84 85 88 89 90 91 92 93 95 96 97
71 73 74 75 76 77 78 79 80 81 82 83 86 87 88 89 91 93 94 95 96 97 99
72 73 75 76 77 78 80 81 82 84 85 89 90 91 92 93 94 95 96 97 98
73 74 75 76 77 79 82 84 86 87 89 90 92 93 96 99
74 75 76 77 79 80 81 83 93 94 97 99
75 76 77 78 82 84 85 87 90 92 94 95 97 98
76 77 78 79 81 85 86 87 88 89 90 91 92 96 97 98 99
77 79 81 83 84 88 89 90 91 92 95 96 98 99
78 79 82 87 89 90 91 94 95 96 98
79 80 81 82 84 85 87 88 90 91 94 97
80 81 82 84 85 87 90 91 94 97
81 84 86 87 89 90 92 94 95 96 98 99
82 83 84 85 86 87 89 90 91 92 95 97
83 86 87 88 90 91 93 94 95 97 99
84 85 86 87 89 91 93 95 96 98 99
85 86 87 89 92 94 95 96 97
86 87 88 89 90 91 94 98
87 89 91 92 93 96 97
88 89 92 95 97 99
89 90 91 92 93 94 95 96 97 98
90 92 94 95 96 97 98 99
91 98
92 94 96 99
93 95 96 98
94 96 97 98 99
95 96 97 98 99
96 97 98 99
97
98 99
99

!91