#RandomGeneratorGraph.py
# GMT Thu Jul 13 14:12:54 2023
# 
0 1 4 9 10 14 17 20 21 24 25 27 28 31 32 33 35 36 40 43 44
1 3 9 10 13 17 22 24 25 29 30 36 41 44
2 6 9 12 13 18 19 20 26 29 30 31 33 34 36 37 38 40 41 44 46 47 49
3 4 7 10 11 12 14 18 22 24 26 28 29 32 34 38 39 41 45
4 5 6 7 10 11 13 15 18 19 20 23 24 28 33 35 36 38 42 43 44 49
5 7 8 9 13 16 18 19 20 25 28 30 31 33 34 37 38 39 41 43 46 47 49
6 8 9 11 14 15 19 20 26 28 29 30 31 37 38 39 40 43 44 48 49
7 8 9 11 12 14 18 21 23 27 28 31 33 35 36 43 45 48 49
8 15 16 17 18 22 23 24 25 26 28 31 32 39 42 47 49
9 10 13 16 19 27 28 29 32 35 37 39 43 46
10 15 18 19 20 23 26 27 28 30 31 33 37 38 40 42
11 14 15 16 18 24 27 29 31 34 35 40 41 42 43
12 17 18 21 22 23 45 46
13 14 18 22 24 31 32 34 35 38 41 45 47 49
14 17 18 22 25 29 31 37 39 40 42 44 47 48 49
15 17 18 19 22 23 28 30 32 33 35 36 37 41 43 47
16 17 18 21 24 26 27 29 30 31 35 36 38 39 40 41 42 48
17 20 21 24 28 29 31 39 41 45 46 49
18 20 23 24 27 29 31 32 33 35 36 40 42 44 45 49
19 29 30 31 33 34 36 39 40 41 42 46 48 49
20 21 31 38 45 46
21 22 25 26 28 29 30 33 34 37 39 40 43
22 29 30 39 42 43 45 46 47
23 34 35 40 45
24 28 31 34 36 37 39 40 41 44 46
25 33 34 36 37 38 41 44 49
26 29 33 34 35 41 42 44 47 49
27 28 30 35 39 41 43 48
28 32 33 36 37 43 45 47 48 49
29 31 33 37 38 43 45 46 47 48 49
30 35 36 40 41 42 44 45 48
31 33 34 35 36 39 40 42 43 44 45 46 47 48
32 34 36 38 40
33 36 40 42 43 46 47
34 36 37 44 45 47 49
35 37 40 42 44 46 48
36 39 43
37 41 43 45 46 47 48
38 39 40 46 48
39 40 41 44 46
40 41 43 44
41 42 45 48
42 44 46 48
43 44 45
44 49
45
46 48 49
47 48 49
48 49
49

!42