#RandomGeneratorGraph.py
# GMT Thu Jul 13 14:13:40 2023
# 
0 1 4 9 10 14 17 20 21 24 25 27 28 31 32 33 35 36 40 43 44 51 57 58 61 65 70 72 73 77 78 84 89 92
1 3 6 9 10 15 16 17 23 26 27 28 30 31 33 34 35 37 38 41 43 44 46 47 50 53 54 55 57 61 65 67 69 71 72 75 77 81 82 84 88 93 94 95 98 99
2 4 6 9 10 11 14 15 19 24 26 27 29 33 34 35 40 42 43 44 48 51 53 54 55 60 63 65 66 68 69 72 73 74 76 78 81 82 84 86 87 89 92 93 97 98
3 8 10 11 12 13 19 20 21 22 25 26 30 31 32 33 35 36 38 42 45 47 51 52 55 57 59 60 67 69 72 73 80 81 82 83 87 88 89 90 91 93 96 97
4 9 12 17 19 20 23 26 29 37 38 39 42 45 47 49 53 56 64 67 68 69 72 75 76 77 79 80 82 86 87 89 91
5 7 8 9 11 17 20 22 24 27 28 33 34 35 36 47 48 51 52 53 75 76 80 84 88 90 97 98
6 7 8 11 14 18 20 22 25 26 30 33 37 39 45 47 48 50 52 55 56 57 59 60 61 64 65 70 72 74 75 77 78 79 83 85 89 92 93 96 99
7 9 10 12 13 14 18 19 21 22 23 24 25 31 35 36 39 43 44 46 54 56 60 61 64 66 69 70 73 75 77 78 79 81 82 86 88 90 91 95
8 14 15 16 18 19 21 24 25 26 27 31 33 34 35 45 52 59 60 64 67 68 70 71 72 75 76 79 81 82 85 98 99
9 18 21 22 24 25 26 39 40 45 50 58 61 64 66 67 69 70 71 74 76 87 88 90 91 92 95 98
10 14 17 21 22 23 29 30 32 35 37 38 40 45 49 51 53 58 63 64 67 68 74 76 78 79 80 82 84 88 89 94 96 97 98 99
11 12 17 18 22 23 24 26 27 30 33 34 35 36 39 40 42 43 44 45 46 47 48 51 53 55 57 69 73 75 76 79 80 84 85 92 93 95 97 99
12 15 17 19 21 23 27 31 41 43 45 46 47 48 50 51 57 59 61 62 65 67 71 73 74 80 83 86 89 91 93 95 96
13 19 25 26 27 28 29 30 34 35 39 40 45 46 51 52 56 67 69 71 76 77 79 80 85 90 91 92 93 95 96
14 17 18 19 20 21 23 24 25 26 29 34 35 37 39 41 44 46 47 48 49 52 54 56 58 60 62 67 68 70 74 77 78 80 84 86 88 89 90 91 93 96
15 21 22 24 27 28 33 35 40 43 44 48 52 53 55 56 60 65 74 75 78 86 88 90 91
16 18 19 20 21 23 24 25 31 32 35 40 41 43 44 45 47 48 49 52 56 57 60 62 64 65 68 74 75 76 78 79 80 81 83 86 88 90 91 93 95 97 99
17 18 20 21 23 24 26 30 31 32 38 39 60 61 63 66 72 75 77 80 81 82 86 87 88 91 95 98
18 21 22 27 28 33 34 35 36 40 42 45 46 50 53 55 56 57 58 65 66 67 68 71 74 75 76 79 80 82 83 84 85 86 87 89 90 91 93 96 98 99
19 22 23 25 28 30 31 32 33 38 39 41 44 45 46 48 49 50 51 52 58 60 65 66 73 75 76 78 79 80 84 87 88 90 92 94
20 22 23 27 28 36 37 39 40 43 44 46 48 49 52 53 54 55 57 58 59 70 72 73 75 76 77 78 79 80 84 86 87 92 93 95 96 97 99
21 22 23 32 33 36 37 38 39 41 42 45 47 50 51 57 58 59 63 67 69 71 79 83 85 91 92 94 95
22 24 26 27 29 34 35 37 38 41 46 51 52 53 55 56 64 66 67 69 72 73 76 79 81 85 87 91 92 97
23 27 28 31 33 36 37 38 39 40 41 42 43 47 49 51 57 63 67 69 70 71 73 77 79 80 86 87 88 91 92 98 99
24 26 28 31 33 38 45 46 48 50 52 53 54 57 58 59 60 61 65 68 69 70 72 73 78 80 82 84 88 90 96 97 98
25 27 29 30 31 32 37 40 50 55 57 60 61 62 63 65 66 72 84 87 88 89 91 93 96 97
26 28 29 31 34 36 40 41 45 55 56 57 61 65 66 74 79 81 82 86 97 98 99
27 28 30 32 33 35 36 39 40 42 44 46 48 52 54 59 60 64 66 68 69 70 74 78 79 86 87 91 98 99
28 30 31 41 42 43 46 47 49 51 53 58 64 68 70 75 76 79 82 84 85 86 87 88 89 94 97
29 32 35 36 37 41 42 43 44 45 46 51 53 54 55 58 59 64 65 66 70 74 75 76 79 80 81 82 83 86 87 89 90 92 93 98
30 31 32 36 37 38 39 41 43 44 45 46 51 52 54 56 57 58 59 60 61 67 69 71 72 73 74 78 80 83 84 86 89 92 95
31 35 36 39 45 48 50 54 57 67 71 72 77 79 80 81 82 85 87 88 99
32 33 34 35 39 41 43 46 48 50 51 52 53 56 58 68 69 71 74 80 83 84 88 89 93 94 96 98
33 35 36 38 39 40 41 42 46 47 50 52 56 57 60 65 66 67 70 75 78 79 81 86 88 89 92 93 94 95
34 38 44 45 46 47 51 54 55 56 57 58 60 62 65 73 78 87 92 94
35 36 41 44 47 48 49 58 59 63 65 66 67 68 69 72 76 77 79 80 82 85 91 95 97
36 38 42 43 45 46 48 49 50 55 57 63 65 68 69 71 73 74 76 78 79 83 84 85 87 88 90 91 95 97 99
37 38 40 45 46 48 51 52 56 57 61 63 66 68 71 72 74 79 80 81 84 86 87 88 91 98 99
38 49 50 52 53 55 57 58 59 60 61 62 66 67 69 70 71 76 78 81 83 85 88 89 90 91 95 96 98
39 43 45 46 47 48 52 56 59 61 66 70 73 75 76 77 81 82 83 84 85 86 87 88 89 91 92 93 94 96
40 43 45 46 51 53 55 56 61 64 65 66 68 70 73 76 77 78 79 80 83 84 86 91 96 97
41 42 44 45 46 48 50 51 52 59 62 64 66 72 74 76 77 79 81 82 83 87 90 94 97 98
42 43 44 46 49 51 52 55 56 58 59 61 63 64 72 73 75 83 86 89 92 99
43 44 45 47 48 50 52 53 55 58 59 61 62 63 64 66 67 68 73 83 87 89 91 93 94 95 99
44 47 48 52 53 55 62 64 65 70 72 75 79 82 84 87 88 89 90 91 94 97 98
45 47 48 49 51 52 53 56 62 64 67 70 71 73 76 77 78 82 85 91 92 93 96 97
46 47 48 49 50 51 52 54 58 59 61 63 66 67 71 73 75 80 83 84 85 87 88 89 92 98
47 48 49 56 58 59 60 61 64 66 68 69 70 71 72 75 78 80 82 88 90 97
48 50 54 56 57 58 62 63 64 69 70 72 73 75 79 80 82 84 85 88 89 90 91 96 98
49 52 53 58 60 61 65 66 71 74 76 77 80 81 84 86 92 93 94 95 97 99
50 55 56 62 63 65 71 73 83 84 88 90 91 92 94 96 98 99
51 52 54 60 64 65 67 69 71 73 75 78 81 83 84 86 87 89 95 98 99
52 54 55 57 62 63 65 67 71 73 78 79 81 84 85 87 88 90 92 96
53 54 57 58 60 62 63 65 68 75 76 78 80 83 84 87 88 89 94 98
54 55 57 58 59 60 61 64 69 73 77 78 80 83 84 86 89 95 96 99
55 56 57 58 64 67 69 72 74 75 77 78 79 80 84 88 89 93 95 97 98
56 57 58 65 70 73 74 83 84 86 93 97
57 58 59 62 68 72 82 83 84 85 86 89 94 97
58 59 61 63 66 73 76 77 78 79 81 83 84 87 89 90 91 98 99
59 61 66 67 68 69 71 73 75 79 88 89 91 92 98
60 62 65 66 71 72 73 75 78 79 86 88 89 90 95
61 62 65 69 70 73 74 76 77 78 79 81 86 88 89 91 94 95 96 99
62 63 69 70 72 74 76 77 79 81 82 83 84 85 87 88 92 93 95 96 97
63 64 72 74 75 76 77 80 82 83 87 91 95 96 98
64 66 67 71 73 77 90 92 94 96 98 99
65 66 69 73 74 75 78 79 80 81 83 84 85 86 88 89 96 98 99
66 72 78 82 88 89 94 95 96 98 99
67 68 69 70 72 75 80 81 87 89 90 91 93 97
68 73 74 75 78 83 84 85 86 87 89 93 96 97 98 99
69 70 71 72 74 83 90 92 93 94 95 96 97 98 99
70 71 78 79 82 83 88 89 90 91 92 93 95 96 97
71 73 74 77 78 79 80 81 82 83 88 89 93 94 95 96 97 99
72 76 77 78 81 82 84 89 90 91 92 93 94 95 98
73 74 75 76 77 82 86 89 96 99
74 75 76 80 81 83 93 99
75 76 77 78 84 87 90 92 95 97
76 77 78 81 87 88 90 92 96 97 98
77 79 81 83 84 91 95 98 99
78 82 91 95 96 98
79 81 84 88 91 97
80 81 82 84 85 91 94 97
81 84 87 89 92 96 98
82 83 85 87 90 91 97
83 86 87 88 90 93 94 95 97
84 87 91 95 98 99
85 86 87 89 92 96 97
86 87 88 89 90 91 94
87 89 91 92 93 96 97
88 89 95 97
89 91 94 95
90 94 95 96 98
91 98
92 94 96
93 95 96 98
94 97 98 99
95 98 99
96 97 98 99
97
98
99

!89