#GraphGenerator.py
# GMT Sat Sep  2 07:47:13 2023
# 
0 1 2 3 4 5 6 7 8 9 10 11 12 13 14 15 16 17 18 19 21 23 24 25 26 29 30 31 32 37 41 43 46 47 49 50 51 52 54 55 61 62 66 69 75 77 79 81 87 94 96 98
1 11 12 14 15 17 20 21 25 28 30 31 39 44 46 48 50 57 62 65 70 74 76 78 82 90 96 97
2 12 13 15 16 18 19 20 22 23 26 27 31 35 38 48 73 75 84 85 94 97 99
3 11 12 13 16 18 19 25 44 47 55 56 67 99
4 11 12 14 15 18 21 27 33 37 38 40 44 48 51 53 54 56 67 69 72 77 80 87 93
5 11 13 14 16 26 27 32 33 36 37 41 54 60 63 68 70 75 86
6 11 13 16 17 19 20 21 25 28 36 38 45 48 50 67 68 72 91
7 11 12 13 15 22 24 26 33 43 47 52 57 58 86 99
8 11 12 13 14 17 18 23 25 27 28 29 30 33 34 36 37 42 47 53 55 58 59 60 61 65 68 73 81 88 96
9 11 12 14 15 16 19 26 28 34 41 66 76 80 83 98
10 11 12 13 14 15 20 25 28 41 43 94
11 12 13 14 15 16 17 18 19 20 21 22 24 25 29 30 31 34 35 36 39 42 43 45 46 51 60 61 62 64 65 66 72 73 81 85 86 87 90 96 99
12 13 14 15 16 17 18 20 21 22 24 25 27 32 34 35 39 47 49 50 56 57 59 64 65 69 71 74 79 89 92 95
13 14 15 17 19 20 21 23 28 29 30 34 39 40 44 45 46 48 52 58 60 66 69 82 86 89 91 94
14 16 17 18 19 23 26 27 30 31 37 38 39 40 43 45 47 48 49 50 55 56 71 76 77 78 82 89 90 91
15 16 17 18 20 22 23 24 26 28 29 30 32 33 34 38 42 45 50 51 59 60 63 67 74 77 78 80 81 88 90 91 92 94 95
16 17 25 27 29 32 35 37 38 40 42 43 46 55 56 58 59 61 67 69 76 78 83 85 92 93
17 18 19 20 21 22 23 24 26 27 28 31 32 33 35 36 40 42 46 49 52 53 54 57 61 64 66 75 80 83 87 91 93 94
18 19 20 21 22 24 32 34 35 36 39 44 47 48 49 50 54 57 63 67 68 69 70 72 73 76 81 83 84 89 90 93 97 98 99
19 21 22 23 29 33 34 36 38 41 44 51 52 55 56 58 64 65 67 69 72 77 78 90
20 22 24 28 30 31 35 40 48 52 56 58 61 65 67 70 77
21 22 23 26 30 31 37 38 41 45 48 56 62 74 86 88 91 92 93 95 96
22 23 24 25 26 27 29 30 31 34 36 42 45 46 57 63 73 74 75 81 84 88 89 98
23 24 27 29 32 35 36 37 39 41 44 51 55 56 62 67 69 71 75 77 78 91 93
24 31 38 62 68 69 71 75 76
25 32 41 44 49 71 72 74 80 84
26 28 29 32 33 34 40 41 53 60 76 78 80 98
27 39 46 52 58 75 92 95
28 39 41 43 53 62 68 88
29 35 40 47 49 51 53 61 74 75 96
30 33 37 43 52 57 70 76 79 82 84
31 33 49 51 54 56 57 58 59 65 73 85
32 42 43
33 36 42 46 47 55 71 80 82 83 84 87
34 35 37 40 44 45 58 59 63 64 66 85 89
35 47 50 58 60 68 73 81
36 53 59 62 63 65 71 78 89 94
37 38 39 42 45 54 57 60 64 66 70 84 96 99
38 40 55 57 59 60 62 66 76 88 95
39 72 88 93 98
40 43 44 54 62 64 70 81 86 87
41 42 49 51 65
42 46 53 61 74 85
43 63 67 83 92
44 45 48 49 50 59 61 88 90 94
45 59 71 79 80 86 93 97
46 65 66 74 95
47 53 54 55 79 84 87 96
48 52 73 83 85 86 87 99
49 50 51 52 70 71 78 81
50
51 53 73 82 94
52 63 64 77 79 83 91 98 99
53 54 64 68 90 97
54 66 69 72 93 96 97
55 60 71 74
56 79 83
57 61 68 87
58 68 77 89
59 64 79
60 77 79 85
61 63 72 85 86 95
62 63 89 97
63 90 92
64 70 75
65 72 76 78
66 91 93
67 87 92 98
68 83
69 70 73 88 94
70 82 95
71 81 98
72 80
73 82 84
74 82 85 89 97 99
75 98
76 80 88 90
77 97
78 79
79
80
81 82 96 99
82 84 95
83
84 91 95
85 86
86 92
87
88
89
90 92
91
92
93
94 97
95
96
97
98
99

!78