#GraphGenerator.py
# GMT Sat Sep  2 07:47:12 2023
# 
0 17 34 40 55 62 69 72 81 82
1 4 19 61 79 86 94 95
2 7 8 14 29 35 41 51 92
3 5 8 19 31 34 41 42 43 72 73 84
4 17 42 49 51 69 70 71 75 90 95
5 7 10 16 30 44 48 66 82 84 92 97 98
6 14 24 33 37 39 43 60 86 87 99
7 11 15 32 40 46 47 75 84
8 49 56 57
9 10 19 22 39 55 72 81 97
10 11 12 13 20 23 26 27 33 47 49 54 72 74
11 17 28 43 50 81 90
12 22 31 46 60 67 72 91 96
13 18 19 39 40 49 57 69 79 99
14 15 30 33 34 35 39 98 99
15 19 29 35 66 73 80 94
16 17 44 50 53 61 70 71 80 88
17 35 38 45 53 61 64 71 73 80 94
18 22 23 31 42 44 49 52 60 66 75 77 78 82 85 96
19 32 42 59 62 68 98 99
20 29 48 52 56 67 72 84 95 99
21 29 31 33 56 59 69 80 83 98
22 26 28 29 31 41 43 54 61 73 75
23 27 29 38 48 54 59 61 81 96
24 25 33 48 59 86 89
25 29 31 37 44 68 77 94 98
26 28 34 65 92
27 56 65 76 77 89 98
28 35 39 40 52 64 82 88
29 33 61 65 75 78 82 84 89 92
30 49 50 52 80 81 97
31 53 65 79 80 81 94
32 35 40 42 62 74 75 82
33 45 55 77 82 83 87 88 93 95
34 55 57 70 74
35 43 54 70 73 98
36 42 52 53 74
37 53 55 60 63 72
38 42 55 63 75 77 80 89 94
39 45 49 80 81 86
40 42 56 59 92
41 43 77 86
42 52 67 69 70 73 96
43 45 52 55 62 86
44 53 64 73 99
45 59 75 89 94
46 65 73 87 88 90
47 60 96
48 66 79 80 95 97
49 59 81 88 90 98
50 62 63 67 91 98
51 52 59 70 77 79 80 87 95 96
52 67 93
53 57 72 78 86 89 90 95 96
54 62 64
55 61 84 88
56 62 65 77 86 87 88 92 95 97
57 66 88 97
58 62 74 83 89 96
59 64 80 83 95
60 63 73 96
61 88 90
62 82 86 91
63 73 76 90 93
64 68 75 80
65 77 87 97
66 75 77 91
67 81 87 90 91 92
68 77 80 87
69 83 84
70 84
71 73 75 81 96
72 95
73 97
74
75 83 91
76 86
77 86 87 92 93 96 99
78 82 83 92
79 84 87 90
80 83 91
81 84 86
82 89 91
83
84 90
85
86 99
87 99
88 89 94
89
90 99
91
92 97
93
94 97
95
96
97
98
99

!74