#GraphGenerator.py
# GMT Sat Sep  2 07:47:13 2023
# 
42 48 85
48 26
5 83 86
83 93
68 75 57
75 99
99 55
1 97 46
97 38
16 49 15
49 37
9 10 18
10 39
6 50 73
50 76
57 80
15 8
34 60 3
60 55
56 69 11
69 29
30 59 95
59 31
22 94 27
94 2
74 77 41
77 89
41 82
23 47 71
47 45
14 44 20
44 43
65 95 40
95
62 78 12
78 91
46 87
20 35
35 96
26 66
61 79 64
79 4
66 90
36 43 7
43
19 91 8
91
13 87 25
87
24 96 31
96
2 93
93
3 21
21 51
89 85
4 84
84 52
27 81
81 40
17 98 33
98 82
55
40
76 70
67 92 0
92 51
8
82
39 72
12 58
58 0
29 37
37
53 86 25
86
32 63 90
63 7
52 54
33 80
80
45 54
54
71 73
73
25
38 72
7
64 88
88 18
18
85
72
70 28
28 11
31
51
90
11
0

!56