#GraphGenerator.py
# GMT Sat Sep  2 07:47:13 2023
# 
0 1 99 2 98 3 97 4 96 5 95
1 2 3 99 4 5 97 6 96 50
2 3 4 5 99 6 7
3 4 5 6 7 99 8 98 83
4 5 6 7 8 9 99 51 41
5 6 7 8 9 63 93
6 7 8 9 10 11
7 8 9 10 11 12 26
8 9 10 11 12 13
9 10 11 12 13 14
10 12 13 14 15 68
11 12 13 14 15 16
12 13 14 16 17 95 44 89
13 14 15 16 17 51 73
14 16 17 18 19 76 57
15 17 18 19 20 57 98
16 17 18 19 20 21 63
17 18 19 20 21 22 65
18 19 20 21 22 23
19 20 21 22 24 66
20 21 22 23 24 25 31
21 22 23 24 25 26
22 23 24 25 27 81 89
23 24 25 26 27 28 59 61
24 25 26 27 29 34 65
25 26 27 28 29 30
26 28 29 31 86
27 28 29 30 31 32 54
28 29 30 31 32 33
29 30 31 32 33 34
30 31 32 33 34 35
31 32 33 34 75 44
32 33 34 35 37 59
33 34 35 36 37 38
34 35 36 38 39
35 36 37 38 39 40
36 37 38 39 40 41
37 38 39 40 41 42 82
38 39 40 41 42 43
39 40 41 42 43 44 97
40 41 42 43 44 45
41 42 44 45 46
42 44 45 46 47 87 67
43 44 45 46 47 48
44 45 46 47 48
45 46 47 48 49 51
46 47 48 49 50 51
47 48 49 51 52 65
48 49 50 51 52 65 82 59
49 50 51 52 53 54
50 51 52 54 55
51 53 54 55 56
52 53 54 55 56 57
53 54 55 56 57 58
54 55 56 57 58
55 56 57 58 59 60
56 57 58 59 60 66
57 58 59 60 62
58 59 60 61 62 63 68 91
59 60 61 62
60 61 62 63 64 65
61 62 63 65 83
62 63 64 65 66 67
63 65 66 67 68
64 65 66 67 68 69
65 66 67 70
66 67 68 69 70 71
67 69 70 71 72
68 69 71 72 73 82
69 70 72 73 74 76
70 71 72 73 74 75 96
71 72 73 74 75 94
72 73 74 75 76 77 98
73 74 75 76 77
74 75 76 77 78 79
75 76 77 78 79 80
76 77 78 79 80 81
77 78 79 80 81 82
78 79 80 81 82 83
79 80 81 82 83 84
80 81 82 83 84 85
81 83 84 85 86
82 83 84 87
83 84 86 87 88
84 85 86 87 88 89
85 86 87 88 89 90
86 87 88 89 90 91
87 88 89 90 91 92
88 89 90 91 92 98
89 90 91 92 94
90 91 92 93 94 95
91 92 94 95 96
92 93 94 95 96 97
93 94 95 96 97
94 95 96 97 98 99
95 97 98 99
96 98 99
97 98 99
98 99
99

!80