#RandomGeneratorDifficultGraph.py
# GMT Sat Sep  2 07:48:26 2023
# 
0 1 2 3 4 5 6 7 8 9 10 11 12 13 15 16 17 19 20 22 24 25 26 27 29 30 31 32 33 34 35 36 37 38 39 40 41 42 43 44 45 46 47 49 50 52 53 54 55 56 57 58 59 60 62 63 64 65 66 69 70 71 72 73 76 77 78 79 80 81 82 83 84 85 86 87 89 90 91 95 96 97
1 2 3 4 5 6 7 8 9 10 11 12 14 15 16 17 18 20 22 23 24 25 26 27 28 29 30 31 32 33 34 35 36 37 39 40 41 42 43 44 47 48 49 50 51 52 54 55 57 58 59 60 61 64 65 66 67 68 69 70 71 72 78 79 80 81 82 83 84 85 86 88 92 93 94 95 96 97
2 3 4 5 6 7 9 10 11 12 13 14 17 18 20 21 22 23 26 29 30 31 32 33 35 36 38 41 42 43 44 45 46 47 48 50 51 52 54 56 57 58 59 60 61 62 63 64 65 66 67 68 69 70 71 72 73 74 75 76 77 78 79 81 82 83 84 85 86 87 88 90 93 94 97 98 99
3 4 5 6 7 8 10 11 12 13 16 18 19 22 23 24 25 26 27 28 29 30 31 32 33 34 35 36 38 40 41 42 43 44 45 46 49 50 52 53 54 55 56 57 58 60 62 64 66 67 68 70 71 72 73 74 75 76 77 78 79 80 81 82 83 84 85 86 87 88 89 90 91 93 95 96 98 99
4 5 7 9 10 11 12 13 14 15 16 17 18 19 22 23 24 25 26 27 28 29 32 33 35 36 37 38 39 40 41 42 43 44 45 46 47 48 49 50 51 52 53 54 55 57 58 60 61 62 63 66 67 69 70 71 75 77 78 79 80 81 82 83 85 86 87 88 89 90 91 92 93 94 95 96 97 98 99
5 6 7 8 9 11 12 13 14 15 16 17 18 19 20 21 22 23 24 25 26 27 28 29 30 31 32 33 34 36 39 40 43 44 45 47 48 49 50 52 54 56 57 59 60 61 62 63 64 65 66 67 69 70 72 74 76 77 78 80 81 82 83 84 85 87 89 90 91 92 93 97
6 7 8 9 10 11 12 13 14 15 17 18 19 20 21 23 24 25 26 27 28 29 30 32 33 36 37 38 39 40 41 42 43 44 46 47 48 49 50 51 52 53 55 56 57 59 60 61 62 63 67 68 69 71 72 73 74 79 80 81 82 83 85 86 87 88 89 90 91 92 94 95 96 97 98 99
7 8 9 10 11 12 13 14 15 16 17 19 21 22 23 25 26 27 28 29 30 31 32 34 35 36 37 38 39 40 41 42 43 45 47 48 49 50 52 53 54 55 56 58 59 60 62 63 64 65 68 71 72 74 75 76 77 78 79 80 81 82 83 85 87 88 91 92 93 94 96 97 99
8 9 11 12 13 14 16 17 19 20 22 23 24 25 26 27 28 30 32 33 34 37 38 39 40 42 44 46 47 48 49 50 51 52 53 54 55 56 57 58 59 63 64 65 66 67 68 69 70 71 72 73 75 76 78 79 80 81 82 83 84 85 87 88 89 91 92 94 96 97
9 11 12 13 14 16 18 20 21 22 24 25 26 27 28 29 30 31 32 33 34 35 36 37 38 39 40 41 42 43 44 45 46 47 48 49 50 51 52 53 55 56 57 58 61 62 63 64 65 67 69 71 72 73 74 75 77 78 79 80 81 82 83 85 86 89 90 93 94 96 98
10 11 12 13 14 17 18 19 20 21 22 23 24 26 27 28 29 31 32 33 34 35 36 37 38 39 40 41 42 43 44 45 46 47 48 49 50 51 52 53 54 55 56 57 58 59 60 61 62 63 64 65 67 70 72 74 77 78 80 81 82 83 85 87 88 90 91 92 93 94 95 96 98
11 12 13 14 15 16 17 19 20 22 24 25 26 27 29 30 31 32 33 34 35 37 38 40 41 42 43 44 45 46 47 48 50 51 52 53 54 55 56 57 58 59 60 61 62 63 64 66 67 68 69 71 72 73 74 75 76 77 78 79 81 82 84 85 86 87 88 89 90 91 93 94 95 96 97 99
12 13 14 15 17 18 19 21 22 23 24 25 26 27 28 29 30 31 33 34 35 36 37 38 39 40 42 44 45 46 47 49 50 52 53 55 56 57 59 61 63 64 65 66 67 68 69 71 72 73 75 76 77 78 79 80 81 82 83 84 85 89 93 94 95 96 99
13 15 16 17 18 19 20 21 22 23 24 25 26 27 28 30 32 33 34 35 36 37 38 39 40 42 44 45 46 47 49 50 51 52 53 54 55 57 59 60 61 62 63 64 65 66 67 68 69 70 71 72 74 76 77 78 80 81 83 84 85 86 87 88 89 90 91 93 94 95 96 97 98 99
14 15 17 18 19 20 22 23 24 25 26 27 28 29 31 32 34 35 37 38 39 40 41 42 43 44 45 46 47 48 49 50 51 52 53 54 55 57 58 59 60 61 62 64 65 67 68 69 70 71 72 73 74 75 76 77 78 79 80 81 82 84 85 86 87 88 90 91 92 93 95 96 97 98 99
15 16 17 19 20 22 23 24 25 26 28 29 30 31 32 33 34 35 36 37 38 39 41 42 44 45 46 47 49 50 51 52 54 55 58 59 60 61 63 65 66 67 68 69 70 71 72 73 74 75 76 77 78 79 82 85 86 88 89 90 92 93 94 95 96 97 98 99
16 18 19 21 22 23 25 27 28 29 30 31 33 34 35 36 37 38 39 40 41 42 43 45 47 48 49 51 52 54 55 56 57 58 59 61 63 64 66 67 68 69 71 72 73 74 75 76 77 78 80 82 83 84 85 87 88 89 90 91 92 93 94 95 96 98 99
17 18 19 20 22 23 24 26 27 28 29 30 31 32 33 34 35 36 37 38 39 41 42 44 45 46 47 48 49 50 51 53 54 55 56 58 60 61 62 63 66 67 68 69 70 71 72 73 74 75 77 79 80 81 82 83 84 85 86 87 89 90 91 92 93 95 97 98 99
18 19 21 22 23 24 26 27 28 29 30 31 32 33 34 35 36 37 38 39 41 42 43 44 46 48 49 52 53 54 56 57 58 61 62 63 64 65 68 72 73 76 78 79 80 81 82 83 85 86 87 88 89 90 91 92 93 94 96 97 98
19 21 22 23 24 25 26 27 28 29 30 31 32 33 35 36 37 38 39 40 41 42 43 44 47 48 49 50 51 53 56 57 58 59 60 61 62 64 67 68 69 70 72 73 74 76 77 78 79 82 83 84 85 89 90 91 92 94 95 96 98 99
20 21 22 23 24 25 26 27 28 29 30 31 32 33 34 35 37 41 42 43 46 47 48 50 51 52 53 54 55 56 57 59 60 61 62 64 65 66 67 69 71 73 74 75 76 77 78 79 83 84 86 87 88 90 92 93 94 96 97 98
21 22 23 24 25 26 27 28 29 30 31 32 33 34 35 36 38 39 40 41 42 43 44 46 49 50 52 54 55 57 58 59 60 61 62 63 64 65 66 69 70 71 72 73 76 77 78 79 80 82 83 84 85 87 88 89 90 91 92 93 94 95 96 98 99
22 23 24 25 26 27 28 29 30 32 33 34 35 38 39 41 42 44 45 46 47 48 54 55 58 59 60 61 62 63 64 65 66 67 69 71 75 76 77 78 79 80 82 83 84 85 87 88 89 90 91 93 94 95 96 97 98 99
23 24 25 26 27 28 29 31 32 33 34 35 36 37 38 39 40 41 42 43 44 45 46 47 49 50 51 52 54 55 56 57 59 60 61 62 63 64 65 67 68 69 70 71 72 75 76 77 78 79 80 81 83 85 86 87 88 90 91 92 94 95 96 97 98 99
24 25 26 27 28 29 31 32 33 34 35 36 37 38 40 44 45 47 48 49 50 52 53 55 56 57 58 59 60 61 63 64 65 66 67 68 69 72 73 74 76 77 79 80 83 84 86 90 91 92 93 94 95 96 97 98 99
25 27 28 29 30 31 32 33 34 36 37 38 39 40 41 42 43 45 46 47 48 49 50 51 52 53 55 57 58 59 60 61 62 63 64 65 67 68 69 70 71 73 75 76 77 78 81 84 85 87 89 90 91 92 93 95 96 97 98 99
26 27 29 30 31 32 33 34 35 36 38 39 40 41 42 43 44 45 46 47 48 49 51 52 55 56 57 58 60 62 63 64 65 66 67 69 70 71 72 73 75 76 77 78 79 80 81 82 83 84 85 86 88 89 90 91 92 93 94 95 96 97 98 99
27 28 29 31 34 35 36 37 38 39 40 41 42 43 45 46 47 48 50 51 52 53 54 55 56 57 58 59 60 61 63 64 65 66 67 68 69 71 72 73 75 76 77 78 79 80 82 83 84 85 86 88 89 91 93 94 96 97 98 99
28 29 30 32 33 34 35 37 38 40 41 42 43 44 45 46 47 48 49 50 51 52 53 54 56 57 59 60 61 63 64 65 66 67 68 69 71 72 73 74 75 76 77 78 79 80 81 82 83 84 85 86 88 89 90 92 93 94 95 96 97 98
29 30 31 33 34 35 36 37 38 40 41 42 45 46 48 49 50 52 53 54 55 57 58 59 60 62 65 66 67 68 69 70 71 72 73 75 76 77 78 79 80 83 84 85 86 87 88 89 90 91 94 95 96 97 98 99
30 31 32 33 39 41 42 43 44 45 47 48 49 50 52 53 54 55 56 57 58 59 60 61 62 63 64 65 67 68 70 71 72 73 74 75 76 77 78 79 80 81 82 83 84 86 87 88 89 91 92 94 95 97 98 99
31 32 33 34 35 36 37 38 39 40 41 43 45 48 49 50 51 52 54 55 56 58 59 60 61 62 64 66 67 68 69 71 72 73 74 76 77 78 79 80 81 83 84 87 88 89 90 93 94 96 97 98 99
32 34 36 37 38 39 41 42 43 44 45 46 47 48 49 50 51 52 53 55 56 57 58 59 60 61 62 63 66 67 68 70 71 72 73 74 75 78 79 80 81 82 83 84 85 86 87 88 89 91 92 93 94 95 96 97 99
33 34 35 36 37 38 39 40 41 42 44 46 47 48 49 51 52 53 55 56 58 59 60 61 62 63 64 65 66 67 69 70 71 73 74 77 78 79 80 82 84 85 86 87 88 89 90 91 92 93 94 95 96 97 98 99
34 35 37 39 40 41 42 43 44 45 46 47 49 50 51 52 53 54 55 56 57 58 59 60 61 62 64 65 66 68 69 70 71 72 73 75 76 77 78 79 80 81 82 83 85 86 87 88 90 91 92 93 95 96 97 99
35 36 38 39 40 41 42 44 45 46 49 50 51 52 53 54 55 56 57 58 60 61 62 65 66 68 69 70 72 73 74 75 76 78 80 81 83 86 87 88 90 92 93 94 95 96 97 98
36 37 40 41 42 43 44 45 46 47 48 49 51 53 54 55 56 57 58 59 60 61 62 63 64 66 67 70 71 72 73 74 75 76 77 78 79 80 81 82 83 84 85 88 89 90 91 93 94 95 96 98 99
37 39 40 41 42 43 44 46 48 49 50 51 52 53 55 56 58 59 61 62 63 64 65 66 67 68 69 70 71 72 73 74 75 77 78 79 80 81 82 84 85 86 88 89 91 92 96 97
38 39 40 41 42 43 45 46 47 48 50 51 52 53 54 55 56 57 58 59 60 61 62 63 64 65 66 67 68 69 70 71 73 74 76 77 78 79 80 81 82 83 84 85 86 87 89 90 91 93 95 96 97 98 99
39 40 41 42 43 45 46 47 48 49 51 52 54 55 56 58 59 60 61 62 63 64 65 66 67 68 70 71 72 73 74 75 76 77 78 79 80 81 85 86 87 88 90 91 92 93 95 96 97 98 99
40 44 45 46 47 48 49 50 51 52 54 56 57 58 59 60 61 62 63 64 65 66 68 69 71 73 74 75 76 78 79 80 82 84 85 86 87 88 90 92 93 94 95 97 98 99
41 43 44 45 46 47 49 50 51 52 53 54 56 58 59 61 62 63 64 65 66 67 68 69 70 71 72 74 78 79 80 81 82 84 85 87 88 89 90 91 94 96 97 99
42 44 45 46 47 48 49 50 51 52 53 54 55 56 57 58 59 60 61 62 63 64 65 66 67 68 69 70 72 75 76 77 79 80 81 82 83 84 85 86 87 88 89 90 91 92 94 96 98 99
43 44 45 46 47 48 49 50 51 52 53 55 56 57 58 59 60 61 62 63 65 66 67 69 71 73 75 76 77 78 79 80 81 82 83 84 85 86 89 90 91 92 94 95 96 97 99
44 45 46 47 48 50 51 52 56 59 60 62 64 66 68 70 71 73 74 75 76 77 79 80 81 82 83 84 87 88 89 91 92 94 95 96 97 98
45 46 47 48 49 50 51 53 54 55 56 57 58 59 61 62 63 65 66 68 69 71 73 74 76 78 80 81 82 83 85 87 88 89 90 92 93 96 97 98 99
46 48 49 50 51 52 53 55 56 58 60 61 62 63 65 66 67 68 69 72 73 74 75 76 77 78 79 80 81 82 83 85 87 88 90 91 92 93 94 96 97 98 99
47 49 50 51 52 53 54 55 58 59 61 62 63 64 65 66 67 69 70 72 74 75 76 77 78 79 80 81 82 83 84 86 87 88 89 90 91 93 94 96 97 98 99
48 49 50 51 53 54 55 57 58 59 60 62 63 64 66 67 69 70 71 73 74 75 76 77 79 80 81 82 83 85 87 88 89 90 93 95 97 98 99
49 50 51 52 53 55 56 57 58 59 62 63 64 66 67 68 69 70 71 72 73 75 77 78 79 80 81 82 83 84 85 88 89 90 91 92 93 94 95 96 97 98 99
50 51 52 57 59 60 61 62 63 64 65 66 67 68 69 70 71 72 73 74 75 76 77 78 79 81 84 85 86 87 88 90 91 92 93 94 95 97 98 99
51 52 55 56 57 58 59 60 63 64 66 67 68 69 70 71 72 74 77 78 79 82 83 84 85 86 87 89 90 91 93 94 95 96 98 99
52 53 54 56 57 58 59 60 61 62 63 64 65 66 67 68 69 70 71 72 73 74 75 76 77 79 80 81 83 84 85 87 88 89 90 93 94 95 97 98
53 54 56 57 58 59 60 62 63 65 66 67 68 71 73 75 76 77 78 79 80 81 82 83 84 85 86 89 90 91 92 93 94 96 97 98 99
54 57 58 59 60 61 62 64 65 66 67 68 69 70 71 72 73 74 76 77 80 81 82 84 86 88 89 90 91 92 93 94 95 97 99
55 58 59 60 61 62 63 66 67 68 70 71 72 74 75 76 77 79 80 81 82 84 86 88 89 90 92 93 94 96 97 98 99
56 57 58 59 60 61 62 63 64 66 67 68 69 70 71 72 73 74 75 76 77 78 80 81 82 83 84 85 86 87 88 89 90 92 94 96 99
57 58 59 60 62 63 64 65 66 67 68 70 71 72 73 74 75 77 79 80 81 82 83 84 85 86 87 88 89 90 91 92 93 94 95 96 97 98
58 59 60 62 63 64 65 66 67 68 69 70 71 72 73 74 75 76 77 79 80 81 82 83 87 89 90 91 93 94 95 97 98 99
59 60 61 62 63 64 65 67 68 69 70 71 72 73 74 75 76 77 78 79 80 83 85 87 88 89 91 92 93 94 95 96 97 98
60 61 62 63 65 66 67 69 71 72 74 76 77 79 80 81 82 83 84 85 87 88 89 90 91 92 93 94 95 97 98 99
61 62 64 65 66 67 68 69 71 74 76 77 79 80 81 82 85 86 89 90 91 92 93 94 98 99
62 64 65 66 67 68 69 70 71 72 73 74 75 76 77 78 79 80 81 82 83 85 86 87 89 90 93 94 95 96 97 98 99
63 64 65 66 67 68 69 70 71 73 74 75 76 77 78 79 80 81 82 84 86 87 88 90 91 92 93 95 98 99
64 65 66 67 68 69 70 71 72 73 74 75 76 78 79 82 83 84 85 86 87 88 89 90 91 92 93 94 95 96 97 98 99
65 66 68 69 70 71 72 73 74 75 77 78 79 80 82 83 84 85 86 87 88 89 90 91 92 93 94 95 96 97 98 99
66 67 68 69 70 72 73 74 75 76 77 78 80 82 83 84 85 86 87 88 89 90 91 94 95 96 97 98 99
67 68 69 70 71 72 73 74 75 76 77 78 79 80 81 82 83 86 87 88 89 90 91 94 95 96 97 98 99
68 69 70 71 72 73 75 76 77 78 79 80 81 82 84 85 86 87 88 89 90 92 93 94 97 99
69 70 71 72 73 74 75 77 79 80 81 82 84 86 87 88 89 90 91 94 95 96 97
70 71 74 75 76 77 78 79 80 82 83 85 86 90 91 93 94 95 97 98 99
71 73 77 79 80 81 82 84 85 86 87 88 90 91 92 93 94 95 96 97 98 99
72 73 74 75 76 79 80 82 84 85 87 88 89 91 92 93 95 96 97 98
73 74 75 77 78 79 80 81 82 83 85 86 87 88 90 93 94 95 97 98 99
74 75 76 77 78 79 80 83 84 85 87 88 90 92 93 94 98
75 76 77 78 80 81 82 83 84 85 86 87 88 89 90 91 92 93 94 95 96 98 99
76 77 78 79 80 81 84 86 87 88 89 90 91 92 93 95 96 97 98 99
77 78 79 80 81 82 83 84 85 86 87 88 89 91 93 94 95 96 97 98 99
78 80 81 82 83 84 85 86 88 89 91 92 93 95 96 97 98 99
79 80 82 83 85 86 87 88 90 91 92 93 96 97 98 99
80 81 83 84 86 87 88 89 90 91 92 93 94 95 97 98 99
81 83 84 85 86 87 89 90 91 92 93 94 97 99
82 84 85 86 88 89 91 92 94 95 96 97 98 99
83 84 85 86 87 88 90 92 93 94 95 98 99
84 85 86 87 88 89 90 91 92 93 94 95 96 98 99
85 86 90 91 92 93 94 95 97 98 99
86 87 88 89 90 91 92 96 97 98 99
87 89 90 93 94 95 96 97 98
88 89 90 92 94 95 96 97 99
89 90 92 93 94 95 96 98 99
90 91 92 93 94 95 96 97 98 99
91 92 96 97 99
92 93 95 97 98 99
93 94 95 96 98 99
94 95 96 97 98
95 96 97 98
96 98 99
97 98 99
98 99
99

!93