#RandomGeneratorDifficultGraph.py
# GMT Sat Sep  2 07:48:50 2023
# 
0 1 2 3 8 15 16 18 21 23 26 29 31 35 36 39 42 43 48 49 50 58 59 60 61 65 67 75 82 83 85 87 89 93 94 95 96 98 99
1 3 4 5 7 16 22 25 28 32 33 38 40 43 46 47 49 53 57 59 61 62 63 65 68 71 73 74 77 78 85 86 93 94 95
2 3 5 6 7 9 10 11 13 15 17 25 28 29 35 38 41 45 47 48 50 51 54 58 60 66 67 68 69 70 72 81 90 95 96 99
3 8 10 17 18 20 21 23 25 27 29 33 35 36 37 39 44 46 48 49 52 55 56 57 60 62 63 65 66 68 74 75 76 77 78 79 80 91 92 95 97 99
4 8 11 12 15 17 20 21 24 34 37 38 39 44 45 47 48 49 50 51 53 59 65 67 69 73 78 80 82 83 85 88 90 92 95 97 98
5 9 10 11 14 22 28 29 30 32 35 38 42 45 50 59 60 62 63 65 68 72 75 81 85 92 95
6 10 16 18 19 20 25 28 30 31 32 33 37 38 39 44 45 46 53 54 55 57 60 61 63 67 71 74 75 76 79 83 86 87 89 92 95 98
7 9 10 13 14 16 18 19 20 24 26 27 29 30 31 35 37 40 41 42 47 48 52 53 56 61 62 71 73 77 78 82 83 84 89 90 93 94 96
8 9 10 13 14 16 19 20 23 25 27 29 31 40 44 45 49 52 57 58 60 61 65 67 68 69 70 71 72 75 76 77 78 80 88 89 90 91 99
9 10 12 14 20 23 24 25 27 34 35 39 41 48 50 51 56 58 62 64 65 68 70 71 72 73 81 82 83 85 86 89 91 96 98 99
10 14 15 18 21 22 24 28 33 34 35 37 38 39 40 42 43 47 49 51 55 56 58 63 65 66 69 70 76 81 82 83 87 89 92 93 94 95 96
11 14 18 20 22 24 26 29 31 46 50 52 53 54 55 56 58 59 62 63 65 66 68 70 73 76 80 81 84 93 96 97 98
12 16 17 18 22 29 32 34 36 41 42 45 46 47 48 52 56 57 63 65 72 73 74 78 79 80 82 83 84 86 89 90 94 96 97 98 99
13 14 15 17 24 25 26 34 37 38 39 48 50 51 53 55 58 59 60 61 62 63 68 69 71 73 76 81 88 89 91 93 94 96 97 99
14 15 16 19 21 22 23 24 25 26 27 29 33 35 37 38 46 47 50 53 54 55 57 62 64 66 69 71 72 77 80 86 87 91 94 95 97 99
15 16 17 18 24 25 27 28 29 37 41 42 44 45 47 49 53 55 63 64 65 66 67 69 72 73 76 77 79 80 82 83 85 89 90 94 95 96 98
16 18 20 21 22 26 28 36 37 38 39 40 43 46 48 50 53 54 56 59 60 62 66 68 71 72 74 76 79 81 86 88 97
17 18 20 23 25 27 28 31 32 34 40 41 47 50 54 57 61 62 65 66 67 69 72 73 74 75 77 79 80 81 82 83 84 88 92 94 96 97 99
18 23 25 26 29 33 34 37 39 41 49 55 56 62 63 65 68 76 80 82 83 84 85 88 92 93 98
19 20 21 28 30 31 32 34 36 39 42 45 50 52 54 55 58 60 61 62 66 67 68 69 73 77 78 81 82 86 88 92 98
20 22 25 26 27 32 35 36 37 38 39 40 43 44 48 56 58 61 62 63 67 70 73 75 77 78 86 89 91 95 96 98 99
21 25 26 29 32 35 36 37 40 48 50 51 52 53 54 55 56 58 59 60 61 64 67 68 70 74 76 80 86 88 90 93 94 95 96 97
22 25 27 30 31 32 35 36 38 42 51 56 58 62 64 67 70 71 77 82 84 87 88 90 91 94
23 27 30 32 35 36 37 39 41 46 51 54 55 58 59 63 65 67 68 71 74 83 85 86 89 93 95 97
24 27 29 32 34 35 37 39 42 46 51 52 57 59 61 62 63 65 69 70 72 82 83 84 88 90 91 92 93 95 96
25 28 30 31 38 39 42 45 46 47 48 52 54 56 61 63 65 67 71 72 77 79 80 83 84 85 86 87 88 90 92 95 97
26 28 29 34 41 43 47 49 51 52 56 57 59 61 63 66 67 68 72 74 75 79 80 82 85 86 89 91 92 93 95 96 98 99
27 29 34 38 41 44 50 54 57 60 62 63 66 72 75 77 79 80 83 86 88 89 92 96
28 29 35 41 44 46 50 52 53 54 58 60 61 63 65 66 67 68 73 75 78 81 86 88 90
29 30 33 35 36 40 42 43 46 49 58 59 65 66 67 69 72 74 75 76 79 80 81 86 87 92 96 97 98 99
30 32 33 36 41 44 51 52 53 54 55 56 57 59 63 65 67 68 74 77 78 80 81 82 91 92 95 98 99
31 34 38 44 47 49 55 60 61 63 66 67 70 72 73 85 87 88 92 93 94 95 97 98
32 36 38 39 40 41 48 50 53 54 57 61 63 66 67 73 79 81 83 85 86 88 89 90 91 92 98 99
33 35 38 39 47 52 53 55 62 66 67 69 72 74 75 78 80 84 90 96 99
34 35 39 44 49 50 51 55 56 64 66 67 71 73 78 79 80 84 86 87 90 92 93 94 96
35 36 39 43 44 49 52 53 55 57 61 62 63 67 68 73 75 77 81 82 83 84 86 88 92 93 94 96
36 38 40 42 44 49 50 52 55 60 61 62 64 65 70 75 76 79 80 81 82 85 90 91 93 95 96 97 98
37 42 44 46 53 55 61 62 64 66 71 77 78 79 82 84 85 88 90 91 92 94 98
38 40 41 43 44 45 49 55 56 57 58 59 63 66 68 69 73 74 78 79 84 86 87 88
39 44 45 47 48 51 52 55 56 57 61 69 72 74 75 81 82 83 94
40 43 44 49 51 52 56 57 63 64 67 68 69 73 74 76 78 80 84 86 90 93 95 99
41 42 48 50 55 61 62 65 67 68 69 70 71 72 76 79 85 87 88 90 91 92 93 94
42 43 44 45 46 48 49 51 52 53 54 56 57 58 59 61 62 63 64 69 70 71 74 78 79 83 85 88 89
43 51 52 54 56 58 61 63 64 66 68 69 70 77 78 79 83 84 85 87 88 93 94 98
44 46 47 48 50 51 55 56 57 61 63 66 71 72 74 77 78 79 80 82 83 85 87 90 91 92 93 95
45 46 47 50 52 54 55 58 59 60 61 62 67 71 72 73 76 77 79 80 82 86 90 94 95 97
46 47 48 51 54 55 56 57 60 61 62 63 66 70 71 74 75 76 79 84 85 88 89 90 91 96 98 99
47 49 51 52 54 59 60 63 66 67 68 70 71 73 74 79 80 81 82 86 88 90 91 93 98
48 49 50 55 64 67 69 71 72 75 76 77 78 84 89 90 91 93 94 97
49 50 51 54 56 58 61 64 66 81 84 89 93 94 96 99
50 52 61 62 64 66 69 70 72 76 79 81 83 84 90 92 97 99
51 56 57 58 59 61 62 63 64 68 71 73 74 79 82 90 91 94 97 99
52 53 54 55 57 62 65 69 70 71 72 73 78 81 85 89 91 93 94 95 97
53 55 56 57 59 60 62 63 64 66 69 71 74 75 82 86 88 93 95
54 55 58 61 65 66 71 74 75 77 80 83 85 94 96 97
55 60 61 66 71 72 74 85 87 95 97 98 99
56 58 62 63 64 70 71 72 74 75 80 83 84 87 89 90 91 92 95 99
57 60 64 65 72 73 75 78 80 81 82 83 85 87 88 90 91 92 98
58 59 62 64 66 67 68 71 72 74 83 90 92 94 96 97 99
59 63 64 65 67 68 72 73 75 78 79 80 82 84 93 95 96 98
60 62 63 68 70 71 75 77 78 80 81 84 85 86 87 88 90 92 95 97 98
61 62 65 66 68 70 71 77 82 83 84 86 91 92 93 94 95 98
62 64 67 68 69 71 74 75 76 80 81 82 88 92 94 97 98
63 65 68 70 77 80 81 84 85 87 88 89 99
64 66 68 69 71 79 80 82 85 87 91 92 95 97
65 66 70 73 74 76 78 79 80 81 83 86 88 92 93 94 95 99
66 69 72 78 79 83 85 87 88 90 93 94 96 98 99
67 68 69 73 75 76 78 82 83 87 88 91 94 97
68 69 73 75 77 79 80 81 83 85 86 87 90 93 94
69 70 73 74 77 81 82 84 85 86 92 94 98 99
70 71 73 74 84 90 92 95 98 99
71 72 73 75 77 78 80 81 83 90 92 93 95 98
72 73 77 78 82 84 85 86 87 88 89 91 94 95 97 98
73 75 78 80 82 86 87 89 90 91 96 98
74 76 84 86 87 93 94 96 97 98
75 80 84 89 93 94 96
76 77 82 83 85 86 88 90 91 92 95
77 79 80 81 84 85 86 87 89 91 95 96 99
78 79 80 83 84 85 87 88 89 96 97 98
79 81 83 87 89 96 99
80 82 83 84 88 89 90 92 93 96
81 82 83 84 88 89 93 94 95
82 88 89 92 94
83 86 90 93 97 99
84 87 96 97 98
85 88 89 90 91 93 94 95
86 89 92 96 99
87 88 90 95 97 98 99
88 89 91 92 95 96
89 90 91 98 99
90 92 94
91 92 94 97
92 98
93 94 95 97
94 95 97 99
95 97
96 97 98
97
98
99

!89