#RandomGeneratorDifficultGraph.py
# GMT Thu Jul 20 14:28:23 2023
# 
0 3 4 8 12 14 20 21 22 24 25 29 30 31 32 36 43 46 55 63 64 66 68 70 77 78 82 86 88 90 91 93 96 97
1 3 4 5 7 9 11 12 14 15 17 18 20 21 22 25 26 27 36 38 39 42 44 46 48 51 53 54 55 56 57 63 65 70 73 74 76 78 79 80 81 82 85 87 94 97 98
2 3 7 9 10 12 13 16 20 22 23 24 26 28 30 33 34 35 36 41 46 49 56 57 59 65 66 68 70 71 75 76 77 82 86 89 97 99
3 6 15 20 26 32 38 41 44 46 49 52 54 55 62 63 65 66 68 75 76 77 79 80 83 85 88 93 95 99
4 6 8 13 14 16 17 19 21 22 23 24 26 28 34 35 36 37 39 40 42 47 59 62 63 64 66 69 71 72 73 74 80 82 83 85 86 88 89 90 91 93 94 95 96 98 99
5 7 8 12 15 18 20 23 34 35 37 41 42 44 45 46 47 48 50 53 55 58 60 61 67 69 70 71 72 73 74 75 82 83 86 87 88 91 96 99
6 10 12 13 20 25 26 27 30 35 36 39 47 49 51 52 54 57 63 65 66 68 71 72 75 80 81 83 84 86 87 88 89 91 95 97 98
7 8 9 16 17 20 26 27 28 30 32 35 37 38 39 42 45 49 56 57 59 60 61 66 68 71 72 76 77 80 82 89 90 92 97
8 12 13 18 20 21 26 28 29 30 31 34 36 41 44 53 55 56 57 62 66 67 72 73 79 81 96
9 12 16 18 19 36 38 40 43 45 46 51 52 53 56 57 64 66 67 72 75 78 79 82 84 88 91 92 93 99
10 11 13 14 16 17 18 20 22 25 27 32 33 35 39 40 42 44 47 48 49 51 52 58 60 61 62 69 72 74 75 80 85 86 89 92 94 95 99
11 15 16 17 18 23 26 27 30 32 35 36 39 42 47 49 52 53 54 55 58 60 61 62 66 67 68 69 71 75 76 78 79 80 81 82 83 84 87 93 95 99
12 13 14 18 23 24 33 34 36 40 42 46 55 56 57 58 62 64 65 66 70 71 72 77 78 80 81 83 85 87 93 94
13 17 18 19 24 25 26 27 31 36 41 42 43 44 45 48 50 54 57 58 60 61 63 64 65 66 70 74 75 76 80 86 89 91 95 96 97
14 15 16 17 18 21 22 24 25 26 30 32 33 34 41 45 49 53 55 57 58 59 68 69 71 74 75 80 83 85 90
15 18 22 23 30 34 36 40 42 43 46 48 50 51 55 56 57 58 59 62 68 74 77 78 80 82 83 84 89 93 94 98
16 17 19 20 27 29 30 32 37 38 47 50 51 52 54 56 58 60 61 63 66 70 76 77 80 81 84 88 91 96 98
17 18 19 24 25 28 29 30 31 33 34 35 42 43 45 46 47 53 55 63 66 70 71 72 73 74 77 78 79 81 83 84 86 89 92 93 98
18 20 23 27 28 29 33 46 48 50 56 57 59 60 64 71 73 74 77 78 79 80 81 83 84 89 90 92 94 96 97 98
19 23 25 26 28 31 32 33 38 40 41 45 48 51 58 71 73 74 75 79 80 82 84 86 87 88 89 91 92 93 94 98 99
20 22 25 32 34 35 39 40 43 48 51 54 56 59 60 61 64 65 67 69 71 73 74 75 76 79 81 82 83 84 85 88 92 96 99
21 23 25 26 31 34 36 38 39 40 42 46 51 53 54 55 60 64 70 71 72 75 86 88 91 95 96 97
22 25 29 31 32 33 43 46 48 49 52 53 59 60 63 66 71 76 77 90 91 98
23 25 27 33 36 38 43 45 46 49 50 51 52 53 60 68 71 76 77 82 86 91 94 95
24 25 27 29 31 32 39 45 49 51 52 56 58 59 60 63 67 72 73 74 82 85 87 90 91 94 96 97
25 27 28 31 33 36 39 41 43 47 49 51 52 54 55 57 59 60 64 65 66 68 71 72 73 74 79 81 82 83 85 90 92 97 99
26 27 30 31 33 34 35 38 41 42 45 46 47 52 63 64 65 67 68 69 73 78 82 87 95
27 29 30 32 34 35 36 37 38 42 45 47 48 52 54 57 59 63 66 68 70 77 82 85 88 92 94 99
28 29 30 32 33 40 42 46 48 50 58 59 66 69 70 73 74 78 79 80 82 84 86 90 92 96
29 33 34 35 37 39 40 41 43 44 46 51 52 54 55 58 59 60 65 66 71 73 74 76 79 82 84 85 87 89 94 95 97 99
30 31 32 36 37 39 46 50 51 52 53 54 60 63 65 70 72 74 78 80 85 88 90 92 93 98 99
31 33 36 37 41 43 44 45 47 48 49 52 54 55 56 61 63 64 66 69 72 76 78 82 83 87 94 95
32 33 34 39 40 41 42 43 45 51 52 53 55 56 57 58 63 68 69 72 75 76 78 80 83 84 85 87 94
33 35 39 40 42 43 44 45 47 60 63 67 68 71 73 74 76 77 87 89 93 94 96 99
34 35 37 39 40 41 42 44 47 50 52 54 55 57 58 59 60 63 64 67 70 71 72 74 75 78 79 81 82 90 93 96 98 99
35 37 39 40 48 50 57 58 59 60 62 64 67 71 75 77 78 79 81 82 84 85 87 92 96 98
36 38 40 41 43 44 45 46 47 54 57 59 61 62 63 67 71 72 74 77 83 94 96 97
37 38 43 45 52 53 55 57 58 59 60 61 63 64 68 71 75 80 83 88 89 90 93 95 97 98
38 42 46 48 56 60 61 64 67 69 74 79 80 83 88 89 91 92 93 96 99
39 40 41 42 45 46 52 56 60 61 65 66 69 73 75 78 79 83 84 91 97
40 42 46 47 50 52 55 58 61 63 65 69 70 71 72 73 74 75 76 78 80 85 87 91 92 94 96 98 99
41 43 45 47 48 51 52 53 54 55 57 59 65 66 68 72 75 79 81 82 83 89 90 91 92 93 96 98
42 43 54 57 62 66 67 69 70 71 72 74 75 77 80 82 83 84 85 86 88 89 91 92 93 94 95 97
43 44 48 52 57 60 62 63 67 68 73 76 82 84 85 86 90 91 92 93 95 97 98
44 45 48 51 52 54 55 57 58 65 67 68 69 70 77 79 82 85 89 90 93 94 97
45 46 48 57 58 60 61 62 64 66 68 69 72 78 81 83 89 97 98
46 48 49 53 56 61 63 64 72 80 83 85 88 89 91 94 98
47 52 55 58 64 65 66 69 70 72 75 76 79 84 85 91 92 93 95 96 97
48 52 58 60 64 66 68 71 72 75 82 85 86 87 88 89 90 93 94 95 97
49 50 51 54 55 58 60 62 63 64 65 66 69 70 74 76 78 83 86 89 91 93 94 96 98 99
50 51 52 57 63 64 65 67 69 70 72 75 76 77 78 79 80 81 82 86 89 91 93 96 97 99
51 53 65 66 68 70 72 73 74 75 76 80 86 87 88 90 95 97 98 99
52 55 56 57 58 60 63 66 67 68 72 76 80 84 88 89 90 93 95 96 97
53 54 55 56 59 60 62 65 67 69 70 78 79 81 85 89 91 93 95 97 99
54 58 59 60 63 64 65 67 71 79 86 91 93 98
55 57 59 60 62 63 68 72 74 77 78 79 84 88 91 93 95 98 99
56 58 59 60 64 66 69 70 74 77 78 80 82 84 87 88 90 92 93 95 96 98
57 58 59 70 75 77 81 83 85 87 91 94 96 98 99
58 59 61 64 69 70 71 74 75 78 79 80 81 82 83 87 88 89 91 93 94 97
59 60 67 68 69 70 71 73 75 76 81 82 83 88 93 97
60 63 64 65 66 74 77 78 80 82 84 85 86 89 93 96
61 62 63 68 69 74 76 80 81 82 84 88 91 92 94 97
62 63 65 66 70 72 75 76 77 81 86 87 88 91 93 94 96 97 98
63 66 67 68 71 74 76 77 78 81 83 86 87 88 89 90 91 93 95 96 99
64 65 68 70 73 75 76 82 83 85 88 89 92 93 95 97
65 67 68 69 73 75 78 80 81 83 86 87 94 96
66 67 68 73 74 76 77 80 81 83 87 88 89 91 92 96 97 98
67 73 74 76 78 79 80 82 86 87 88 90 92 94
68 70 71 72 73 74 79 80 87 89 91 92 93 95 98
69 70 71 72 75 78 80 83 84 87 89 90 92 93 96 97
70 74 78 79 82 84 86 89 90 91 92 93 95 96
71 72 73 74 75 79 80 85 87 88 89 94 95 96 99
72 74 76 77 79 83 85 87 89 92 93 94 96 97 98
73 75 77 78 79 84 86 92 96
74 75 76 79 80 83 85 86 95 99
75 76 79 80 81 82 86 89 91 93 96 97
76 82 87 88 92 93 97
77 78 79 81 83 86 87 88 93 94 99
78 89 91 93 96
79 82 87 88 89 90 91 99
80 81 86 87 91 95 96 98
81 82 85 87 89 91 92 95 97 99
82 83 90
83 85 87 88 89 91 92 95 96 99
84 86 88 92 96 97 99
85 86 87 89 94 95 99
86 87 90 92 95
87 89 90 97 99
88 96 97 99
89 93 98
90 91 96 97 98 99
91 95 96
92 96 97 98
93 96 98
94 95 96
95 97 99
96
97
98
99

!89